0.0313 0.04642060523358959 0.12349603105151379
0.0357 0.047181037833333335 0.12330058986297131
0.0385 0.04826828743333334 0.12484223918317128
0.0417 0.049481889566666666 0.12673713736371656
0.0455 0.051405047733333334 0.1294173244038405
0.0500 0.053056148 0.13210297132614027
0.0556 0.055334477033333336 0.1357074069634069
0.0588 0.05668640056666667 0.13778299625277396
0.0625 0.0582329582 0.14008702944638443
0.0667 0.059764575833333326 0.1424216407969198
0.0690 0.060926912878787876 0.14389085158259382
0.0714 0.06181871923333333 0.14531614202252174
0.0741 0.06304064943181818 0.1472807148095998
0.0769 0.0637134067 0.1483071172775225
0.0800 0.06507784503333333 0.15021539043705168
0.0833 0.06645164136666667 0.15236116983356154
0.0870 0.06713206746666667 0.1536942980848691
0.0909 0.06846033726666667 0.15562284122659037
0.0952 0.0699193348 0.15811180627427707
0.1000 0.071411267 0.16012627761626483
0.1053 0.07272624826666667 0.16220672615489248
0.1111 0.07470266633333333 0.1652526125131132
0.1176 0.07604638636666666 0.1677258086234772
0.1250 0.0777540553 0.17084771003864108
0.1333 0.07996751936666667 0.17436629077731852
0.1429 0.08168487733333334 0.17742239529537404
0.1539 0.08370672629999999 0.18118322956358376
0.1667 0.08565297693333332 0.1844998134464583
0.1739 0.08688091033994334 0.18634732779769314
0.1819 0.08777848353333335 0.18875026676152182
0.1905 0.08855872505233775 0.19079821032160443
0.2000 0.08949831836666666 0.19239965846761264
0.2222 0.09137744713333334 0.1968488046186874
0.2500 0.0933592542 0.20078263239833782
0.2857 0.09452172573333333 0.20480515225748866
0.3333 0.09594820289999999 0.20873791051402202
0.4000 0.09731083263333334 0.21328669983305537
0.5000 0.0982210821 0.21788308257372865
0.6667 0.09907755953333333 0.2224872158311376
1.0000 0.09978609276666667 0.2273042973495861
2.0000 0.09986014326666666 0.23355153523065586
