0.0313 0.04230463410176737 0.1189122031012515
0.0333 0.043375553926712385 0.12035020662340062
0.0357 0.04471860421416251 0.12204573817766706
0.0385 0.04634417301754528 0.1239491036515859
0.0417 0.04789034131067204 0.1259666933383621
0.0455 0.04956127036222557 0.12842746258499393
0.0500 0.05174315253992336 0.13145006606406687
0.0526 0.05295629961670174 0.1331474083830219
0.0556 0.05448102109741627 0.13520086311158808
0.0588 0.05520439067733954 0.13664755622245603
0.0625 0.056916246280875625 0.138956760984189
0.0667 0.05837967736543427 0.14148385263462443
0.0690 0.05947738837303028 0.14273045388482128
0.0714 0.060367686459667266 0.1442169153770449
0.0741 0.06133763870927349 0.14582747480743818
0.0769 0.06229020222963296 0.14723297545107034
0.0800 0.06332717281656318 0.1489050096051091
0.0833 0.06451912165052918 0.15054178034077428
0.0870 0.06586274056460391 0.1525826976428595
0.0909 0.06718098949988933 0.1547208087020336
0.0952 0.0683099610611539 0.15649270707061688
0.1000 0.06943030021635316 0.15874841253615032
0.1053 0.07112779679405333 0.16141035352990551
0.1111 0.07275212003545252 0.16371656909620405
0.1176 0.0741192093401601 0.16650896358654202
0.1250 0.07580486620892453 0.16915273849511522
0.1333 0.07724182104362069 0.17184625385200647
0.1429 0.07881206841479817 0.17522401411215682
0.1539 0.0802489940669731 0.17814486397774779
0.1667 0.08178091836320169 0.1813728330577802
0.1819 0.08297649930476782 0.18413927400864483
0.2000 0.08435626453029166 0.18740307145108445
0.2222 0.08508321013496203 0.18993036868576108
0.2500 0.085714763378382 0.19268580503588179
0.2857 0.08636411158523341 0.19566442492529487
0.3333 0.0868098129692493 0.19878589078768585
0.4000 0.08703036818963206 0.2013051520950487
0.5000 0.08732731644329747 0.20355027577141477
