0.0313 0.04218369574892207 0.11885506105318845
0.0357 0.045065467950811386 0.1222811548781126
0.0385 0.04636709646751567 0.12395406504036878
0.0417 0.04799214056427528 0.12626949041329186
0.0455 0.049959543596538335 0.128701660736398
0.0500 0.05193275219375128 0.13139717172371032
0.0526 0.05297858960130229 0.133007582754506
0.0556 0.05433551467752145 0.1349935584015626
0.0588 0.05567670775932379 0.13683326440487809
0.0625 0.057024110457641636 0.13918003340177748
0.0667 0.05837626874536896 0.14140772845487906
0.0690 0.05935526928704997 0.14272909317051702
0.0714 0.060311547586333045 0.14434281363171234
0.0741 0.06135010514811283 0.1455309997763938
0.0769 0.06231551563836083 0.14725931081404176
0.0800 0.06375164350824024 0.14919799980681078
0.0833 0.06456945231588905 0.15037852008694164
0.0870 0.06571026720438759 0.15228251348709976
0.0909 0.06700348600037492 0.1546964688372695
0.0952 0.06789842948716623 0.15654439112865468
0.1000 0.06959238402970942 0.15877800953618956
0.1053 0.0709633516689812 0.16080992826303028
0.1111 0.07278944528451069 0.16382141626013472
0.1176 0.0739444528851268 0.16637216218865622
0.1250 0.07577337850307597 0.16908342330875126
0.1333 0.07700476448751051 0.17199638914443605
0.1429 0.07866126721048414 0.1750975678152107
0.1539 0.08040357688741677 0.17866530177064457
0.1667 0.08182933822999244 0.18120448390008786
0.1819 0.0827985206566202 0.1841875501527315
0.2000 0.08449131053077417 0.1874375823111393
0.2222 0.08521645232501411 0.19051725738875633
0.2500 0.0861200607854605 0.19292316292729603
0.2857 0.0862469171150459 0.19568300338205447
0.3333 0.08728925700366195 0.19868360822009057
0.4000 0.08783457624197347 0.20253719166716386
0.5000 0.0877593491512575 0.20500996337579955
