0.0263 0.041580811977715876 0.11829149715023966
0.0270 0.04231484137780685 0.11901165508034374
0.0278 0.04298361877729258 0.11961461386197739
0.0313 0.043942853699788585 0.12105325169428423
0.0357 0.04537065265957447 0.12256102112392403
0.0385 0.04712026563636363 0.12444880854444368
0.0417 0.048603394545454544 0.12644094348024515
0.0455 0.05031421363636364 0.12847965756174573
0.0500 0.052546140727272726 0.13171668254399163
0.0556 0.05500842527272728 0.1358340847665639
0.0588 0.05599782363636364 0.13758853217480566
0.0625 0.05731142618181818 0.13914746741868333
0.0667 0.05925403709090909 0.1419215935358504
0.0714 0.06092503672727273 0.14425732860552634
0.0769 0.06266062618181818 0.14734303326861078
0.0800 0.06405888018181817 0.1495753649523295
0.0833 0.06511613436363638 0.1509321950084746
0.0870 0.06653308381818182 0.1533973024970342
0.0909 0.06795090163636365 0.15504654235186366
0.0952 0.06868099393939393 0.15699542545278422
0.1000 0.07009127963636363 0.1589686386795675
0.1053 0.0719579609090909 0.16195100424007788
0.1111 0.07317325000000001 0.16412985064725066
0.1176 0.07522251636363636 0.16698823535206223
0.1250 0.07681023109090908 0.17005583923465808
0.1333 0.07859720472727273 0.1731777437111371
0.1429 0.08067616254545455 0.17692265606339896
0.1539 0.08190321581818182 0.17969527908133848
0.1667 0.08392933236363635 0.18337685107539284
0.1819 0.08531340690909091 0.1866556573644931
0.2000 0.0874185750909091 0.19086752050692363
0.2222 0.087823454 0.1933705446992191
0.2500 0.08959530890909091 0.19680941586398168
0.2857 0.09050801418181818 0.20048603477895774
0.3333 0.09192811199999999 0.20452040996125317
0.4000 0.092402656 0.20741831635888375
0.5000 0.09255075581818184 0.21069957735337297
0.6667 0.09390764981818181 0.21529982315595897
1.0000 0.09388823254545454 0.22030788769655466
2.0000 0.093963658 0.2264253881841204
