0.0278 0.041092499 0.11771526109571678
0.0313 0.0430417775 0.11973080697537805
0.0357 0.045755544363636366 0.12257582096534202
0.0385 0.046390728  0.1239321
0.0417 0.048139000714285715 0.12620715991009177
0.0455 0.049947044878048776 0.12856888367467267
0.0500 0.05169830454545454 0.13123947857432702
0.0556 0.054473920833333335 0.13509098174365974
0.0588 0.05585017400000001 0.13746100328196248
0.0625 0.057357445075757574 0.13909338533621146
0.0667 0.058657474999999994 0.14119724236576625
0.0714 0.06074690189393939 0.144616355549406
0.0769 0.06311101325757576 0.14757307525561167
0.0800 0.06321508699999999 0.1483266428655313
0.0833 0.06495107613636364 0.1508994142688027
0.0870 0.06552068700000001 0.15248875424940833
0.0909 0.06759798977272727 0.1547796449386503
0.0952 0.06840847500000001 0.15649548549140635
0.1000 0.06955619053030304 0.15869150199178325
0.1053 0.07234171200000002 0.1619952763717449
0.1111 0.07324900416666666 0.16417424490141258
0.1176 0.074526949 0.16714432595616166
0.1250 0.07573475757575758 0.16897036573914948
0.1333 0.078672994 0.172615056030398
0.1429 0.07934886060606061 0.17564821061690372
0.1539 0.081889626 0.17973989106272673
0.1667 0.08248089772727273 0.1817586668332303
0.1819 0.0848513893939394 0.18591782428700235
0.2000 0.08472401704545456 0.18804617055335912
0.2222 0.08704813712121214 0.1920319651527292
0.2500 0.08768217234848485 0.19492388097339222
0.2857 0.08838077575757576 0.19826156103661435
0.3333 0.08894959090909091 0.20115079939938837
0.4000 0.0898299356060606 0.20423264539595679
0.5000 0.089077038 0.20660795633569806
0.6667 0.08976984400000002 0.21113737496452928
1.0000 0.090223107 0.21489620381300142
2.0000 0.09027786800000001 0.2220625219017233
