0.0278 0.04038006666666667 0.11691457144436268
0.0313 0.04234537433333333 0.11915589776037261
0.0357 0.04512931199999999 0.12239969306557666
0.0385 0.04661602533333333 0.12424224862705212
0.0417 0.04807016133333333 0.12632602599214904
0.0455 0.04974110333333334 0.1286200010847742
0.0500 0.05171374333333334 0.13125770118496913
0.0556 0.054476364000000006 0.13464980698884532
0.0588 0.055542721 0.1367660621934165
0.0625 0.057052883333333346 0.1393078442419957
0.0667 0.058785249 0.14169316121555844
0.0714 0.06045635133333333 0.14414437605799346
0.0769 0.06260023933333334 0.14718861712445913
0.0800 0.06352452700000001 0.148811511442835
0.0833 0.06476172 0.150571492059672
0.0870 0.065898345 0.1520497838615576
0.0909 0.06656010866666667 0.15441054402830798
0.0952 0.06853195066666667 0.15705355750891517
0.1000 0.07052509333333333 0.1594707771623307
0.1053 0.07185574799999998 0.1617708205536
0.1111 0.07334685399999999 0.16398239258549133
0.1176 0.07421320499999999 0.16640948183750093
0.1250 0.07573277933333333 0.1691340352522035
0.1333 0.07756281400000001 0.1720226398821824
0.1429 0.07892750466666666 0.17483480722840294
0.1539 0.08113437499999998 0.17857897150633814
0.1667 0.08187246266666667 0.18127453500632476
0.1819 0.08364503799999999 0.18495965218573426
0.2000 0.08477223466666665 0.18817346301357887
0.2222 0.08627143133333334 0.1907373699034108
0.2500 0.08654398733333334 0.19351452180107032
0.2857 0.08757872133333333 0.19636115872529847
0.3333 0.08779305600000001 0.19968455175001162
0.4000 0.08780529200000001 0.20220665241905322
0.5000 0.088235548 0.20508514506531283
0.6667 0.088780564 0.20958962781259857
1.0000 0.089519233 0.2141668855693765
2.0000 0.08904194599999998 0.21963485619514056
