0.0357 0.12204573817766706 0.8985406640351892
0.0385 0.1239491036515859 0.8992882895429495
0.0417 0.1259666933383621 0.8993558468463105
0.0455 0.12842746258499393 0.9017768003080756
0.0500 0.13145006606406687 0.9025341535465832
0.0526 0.1331474083830219 0.902934624292311
0.0556 0.13520086311158808 0.9034346115734191
0.0588 0.13664755622245603 0.9052453513710533
0.0625 0.138956760984189 0.9056888615456345
0.0667 0.14148385263462443 0.907191382122091
0.0690 0.14273045388482128 0.9074001504258874
0.0714 0.1442169153770449 0.9077301609272947
0.0741 0.14582747480743818 0.9095319885773544
0.0769 0.14723297545107034 0.9095074150741147
0.0800 0.1489050096051091 0.9103249200491647
0.0833 0.15054178034077428 0.9109677396163446
0.0870 0.1525826976428595 0.9128232082142186
0.0909 0.1547208087020336 0.9133023238771761
0.0952 0.15649270707061688 0.9139233883152389
0.1000 0.15874841253615032 0.9161954388040479
0.1053 0.16141035352990551 0.9172127073581798
0.1111 0.16371656909620405 0.9169374432102734
0.1176 0.16650896358654202 0.9200655430867334
0.1250 0.16915273849511522 0.9210520061834909
0.1333 0.17184625385200647 0.9227481707385166
0.1429 0.17522401411215682 0.9250348781930786
0.1539 0.17814486397774779 0.9271851022715153
0.1667 0.1813728330577802 0.9292183960702911
0.1819 0.18413927400864483 0.931874773203714
0.2000 0.18740307145108445 0.9326692144208956
0.2222 0.18993036868576108 0.9355062561326005
0.2500 0.19268580503588179 0.9389631346687782
0.2857 0.19566442492529487 0.9414823464803368
0.3333 0.19878589078768585 0.9444978317546893
0.4000 0.2013051520950487 0.9478502873890281
0.5000 0.20355027577141477 0.951532023483022
