0.0357 0.1233591344690569 0.9045351311205816
0.0385 0.1247630630961762 0.9041366016996227
0.0417 0.12681328209363862 0.9031400378421838
0.0455 0.12899643763412733 0.904147583473323
0.0500 0.13165268230478783 0.9029407074030411
0.0556 0.13548479983401593 0.9032687599733707
0.0625 0.13964269725959683 0.9046643395026317
0.0714 0.145164432913133 0.9059020049002088
0.0833 0.15169122879110797 0.9090902443806507
0.1000 0.1601065559727871 0.9127585347340612
0.1250 0.1708965235075353 0.9180117263866048
0.1667 0.18422589122368005 0.9247634790909061
0.2500 0.20057362085372593 0.9346897422808593
0.5000 0.2177430607077301 0.9478841535485101
