0.0357 0.12222949566232963 0.8974572302546643
0.0385 0.1240156252689834 0.8986178023942816
0.0417 0.12619144082076247 0.8994197005736325
0.0455 0.12863650566984366 0.9005393255225699
0.0500 0.1314686056175757 0.9018470646625357
0.0556 0.13490076941433876 0.9031342597627384
0.0625 0.13914157048863335 0.9050729387036319
0.0714 0.1442362803637442 0.9073277586568482
0.0833 0.1507832609812931 0.9100414102391836
0.1000 0.15911688468609395 0.9138569784008591
0.1250 0.1694915593017323 0.9193129060495988
0.1667 0.18209673287123893 0.9267178389516023
0.2500 0.19495272877190326 0.9360595863913551
0.5000 0.20744966649779847 0.9484096170794934
