0.0357 0.12200545246787849 0.8986386853723896
0.0385 0.12399073132150401 0.8989317846849995
0.0417 0.12613643285975004 0.899814851910086
0.0455 0.1285809213623781 0.9008896076798723
0.0500 0.13149417858816323 0.9019036225015316
0.0556 0.13487597019259354 0.9034558340189263
0.0625 0.13905536771801394 0.9054658960811873
0.0714 0.14422331251145123 0.9077023766138449
0.0833 0.1507096093526976 0.9109429284893122
0.1000 0.15890279170766972 0.9148353269464433
0.1250 0.16923911092298038 0.9205993412921838
0.1667 0.1816854966162483 0.9281204011920566
0.2500 0.19387926457091229 0.9378443358681064
0.5000 0.20572909190049965 0.950570283552399
