0.0357 0.12303063767105721 0.8989350259969269
0.0385 0.12429259179838771 0.8994274084383757
0.0417 0.12631452680256405 0.8994870190044505
0.0455 0.12877894351655134 0.9009049041031482
0.0500 0.1316502531525221 0.901315781072292
0.0556 0.13504615272017545 0.9032690150807499
0.0625 0.13945573262776131 0.9051414623504017
0.0714 0.14449020629523335 0.907314909146476
0.0833 0.15115121992688874 0.9095947000475745
0.1000 0.15933702335905423 0.9134194895696939
0.1250 0.1700130611885727 0.9186917131994891
0.1667 0.1829399962082641 0.9258464264800091
0.2500 0.19701428595327536 0.9350766593707874
0.5000 0.21105066242963494 0.9474845894864452
