0.0357 0.1222811548781126 0.8984986095714439
0.0385 0.12395406504036878 0.8996042387342635
0.0417 0.12626949041329186 0.899758746435126
0.0455 0.128701660736398 0.9011032369134913
0.0500 0.13139717172371032 0.9010015615021301
0.0526 0.133007582754506 0.9032020361892631
0.0556 0.1349935584015626 0.9033718224304127
0.0588 0.13683326440487809 0.9037781733094341
0.0625 0.13918003340177748 0.9057746519164895
0.0667 0.14140772845487906 0.9065780701582353
0.0690 0.14272909317051702 0.9072759888397072
0.0714 0.14434281363171234 0.9084529255229028
0.0741 0.1455309997763938 0.9083325449925368
0.0769 0.14725931081404176 0.9100081462973221
0.0800 0.14919799980681078 0.910388090735902
0.0833 0.15037852008694164 0.9110026935051426
0.0870 0.15228251348709976 0.9117460534418345
0.0909 0.1546964688372695 0.9136120627050682
0.0952 0.15654439112865468 0.914153845331863
0.1000 0.15877800953618956 0.9154927501150574
0.1053 0.16080992826303028 0.9161654377145149
0.1111 0.16382141626013472 0.9175374115250133
0.1176 0.16637216218865622 0.9191946743724284
0.1250 0.16908342330875126 0.9212800279598179
0.1333 0.17199638914443605 0.9242174041709201
0.1429 0.1750975678152107 0.9256578354661302
0.1539 0.17866530177064457 0.9276947382314339
0.1667 0.18120448390008786 0.9286953470122273
0.1819 0.1841875501527315 0.930057116132599
0.2000 0.1874375823111393 0.9335036252769886
0.2222 0.19051725738875633 0.9366291453636643
0.2500 0.19292316292729603 0.9382013750100313
0.2857 0.19568300338205447 0.9413004572661143
0.3333 0.19868360822009057 0.9445861492892428
0.4000 0.20253719166716386 0.9482756341304831
0.5000 0.20500996337579955 0.951283668484806
