  0.20000000       0.189955744027554    1.57998487E+0000
  0.19900000       0.189772138524613    1.57906453E+0000
  0.19800000       0.189587013761809    1.57813191E+0000
  0.19700000       0.189400347880154    1.57718676E+0000
  0.19600001       0.189212121458503    1.57622886E+0000
  0.19500001       0.189022306266617    1.57525793E+0000
  0.19400001       0.188830882089396    1.57427374E+0000
  0.19300000       0.188637825527223    1.57327603E+0000
  0.19200000       0.188443112785260    1.57226452E+0000
  0.19100000       0.188246719669861    1.57123897E+0000
  0.19000000       0.188048621585228    1.57019908E+0000
  0.18900000       0.187848793530365    1.56914457E+0000
  0.18800001       0.187647213113353    1.56807517E+0000
  0.18700001       0.187443848507569    1.56699055E+0000
  0.18600000       0.187238676471984    1.56589043E+0000
  0.18500000       0.187031670360834    1.56477448E+0000
  0.18400000       0.186822803113071    1.56364240E+0000
  0.18300000       0.186612047251604    1.56249386E+0000
  0.18200000       0.186399374883032    1.56132853E+0000
  0.18100001       0.186184760910583    1.56014607E+0000
  0.18000001       0.185968170213900    1.55894612E+0000
  0.17900001       0.185749576838084    1.55772832E+0000
  0.17800000       0.185528951233124    1.55649231E+0000
  0.17700000       0.185306263440184    1.55523772E+0000
  0.17600000       0.185081483095157    1.55396417E+0000
  0.17500000       0.184854579433006    1.55267126E+0000
  0.17399999       0.184625521292948    1.55135860E+0000
  0.17300001       0.184394280586765    1.55002579E+0000
  0.17200001       0.184160818490126    1.54867238E+0000
  0.17100000       0.183925106124669    1.54729795E+0000
  0.17000000       0.183687110816973    1.54590207E+0000
  0.16900000       0.183446799538134    1.54448430E+0000
  0.16800000       0.183204138915060    1.54304416E+0000
  0.16700000       0.182959095242977    1.54158120E+0000
  0.16600001       0.182711638204821    1.54009496E+0000
  0.16500001       0.182461726100620    1.53858491E+0000
  0.16400000       0.182209327987861    1.53705056E+0000
  0.16300000       0.181954408986219    1.53549141E+0000
  0.16200000       0.181696933966290    1.53390694E+0000
  0.16100000       0.181436867570509    1.53229660E+0000
  0.16000000       0.181174174235660    1.53065987E+0000
  0.15899999       0.180908818217019    1.52899618E+0000
  0.15800001       0.180640767628782    1.52730500E+0000
  0.15700001       0.180369978454226    1.52558569E+0000
  0.15600000       0.180096418540110    1.52383768E+0000
  0.15500000       0.179820051691355    1.52206039E+0000
  0.15400000       0.179540841678081    1.52025319E+0000
  0.15300000       0.179258752270369    1.51841546E+0000
  0.15200000       0.178973747274877    1.51654655E+0000
  0.15100001       0.178685794886349    1.51464586E+0000
  0.15000001       0.178394850520520    1.51271266E+0000
  0.14900000       0.178100882600731    1.51074630E+0000
  0.14800000       0.177803855482964    1.50874610E+0000
  0.14700000       0.177503733770352    1.50671135E+0000
  0.14600000       0.177200482360583    1.50464136E+0000
  0.14500000       0.176894066494941    1.50253539E+0000
  0.14399999       0.176584451808891    1.50039270E+0000
  0.14300001       0.176271609070129    1.49821259E+0000
  0.14200000       0.175955495536695    1.49599423E+0000
  0.14100000       0.175636082981402    1.49373687E+0000
  0.14000000       0.175313339148957    1.49143974E+0000
  0.13900000       0.174987232449861    1.48910203E+0000
  0.13800000       0.174657732017292    1.48672294E+0000
  0.13699999       0.174324807764333    1.48430165E+0000
  0.13600001       0.173988435479557    1.48183736E+0000
  0.13500001       0.173648576783133    1.47932915E+0000
  0.13400000       0.173305209257193    1.47677620E+0000
  0.13300000       0.172958306503907    1.47417765E+0000
  0.13200000       0.172607843186576    1.47153262E+0000
  0.13100000       0.172253795082513    1.46884020E+0000
  0.13000000       0.171896139133880    1.46609951E+0000
  0.12899999       0.171534853496065    1.46330963E+0000
  0.12800001       0.171169923048384    1.46046967E+0000
  0.12700000       0.170801317629967    1.45757862E+0000
  0.12600000       0.170429024705271    1.45463555E+0000
  0.12500000       0.170053027700852    1.45163953E+0000
  0.12400000       0.169673311445110    1.44858956E+0000
  0.12300000       0.169289862192010    1.44548467E+0000
  0.12200000       0.168902670537845    1.44232388E+0000
  0.12100000       0.168511719865816    1.43910614E+0000
  0.12000000       0.168117003659965    1.43583045E+0000
  0.11900000       0.167718516975132    1.43249579E+0000
  0.11800000       0.167316247394686    1.42910107E+0000
  0.11700000       0.166910192827672    1.42564524E+0000
  0.11600000       0.166500349636788    1.42212723E+0000
  0.11500000       0.166086718657184    1.41854596E+0000
  0.11400000       0.165669292801244    1.41490028E+0000
  0.11300000       0.165248075502163    1.41118906E+0000
  0.11200000       0.164823068360508    1.40741117E+0000
  0.11100000       0.164394277359550    1.40356546E+0000
  0.11000000       0.163961699990681    1.39965068E+0000
  0.10900000       0.163525344349407    1.39566564E+0000
  0.10800000       0.163085216307614    1.39160911E+0000
  0.10700000       0.162641325935530    1.38747984E+0000
  0.10600000       0.162193674163024    1.38327648E+0000
  0.10500000       0.161742272541626    1.37899773E+0000
  0.10400000       0.161287133368673    1.37464227E+0000
  0.10300000       0.160828259312454    1.37020864E+0000
  0.10200000       0.160365663688899    1.36569545E+0000
  0.10100000       0.159899356863740    1.36110122E+0000
  0.10000000       0.159429353094894    1.35642450E+0000
  0.09900000       0.158955656460898    1.35166366E+0000
  0.09800000       0.158478281851560    1.34681714E+0000
  0.09700000       0.157997240986726    1.34188331E+0000
  0.09600000       0.157512549549250    1.33686053E+0000
  0.09500000       0.157024212756731    1.33174697E+0000
  0.09400000       0.156532247099144    1.32654090E+0000
  0.09299999       0.156036666018602    1.32124049E+0000
  0.09200000       0.155537487366040    1.31584387E+0000
  0.09100000       0.155034718653319    1.31034904E+0000
  0.09000000       0.154528379553113    1.30475404E+0000
  0.08899999       0.154018487260840    1.29905682E+0000
  0.08800000       0.153505064275653    1.29325534E+0000
  0.08700000       0.152988123330294    1.28734734E+0000
  0.08600000       0.152467690615898    1.28133067E+0000
  0.08500000       0.151943794703606    1.27520312E+0000
  0.08400000       0.151416454996758    1.26896230E+0000
  0.08300000       0.150885705418390    1.26260590E+0000
  0.08199999       0.150351579065482    1.25613152E+0000
  0.08100000       0.149814116318644    1.24953676E+0000
  0.08000000       0.149273348946157    1.24281903E+0000
  0.07900000       0.148729324204836    1.23597582E+0000
  0.07799999       0.148182088830009    1.22900453E+0000
  0.07700000       0.147631697014854    1.22190255E+0000
  0.07600000       0.147078193733918    1.21466707E+0000
  0.07500000       0.146521638959569    1.20729533E+0000
  0.07399999       0.145962090743804    1.19978446E+0000
  0.07300000       0.145399612815418    1.19213154E+0000
  0.07200000       0.144834256946764    1.18433335E+0000
  0.07099999       0.144266087104960    1.17638675E+0000
  0.07000000       0.143695165850238    1.16828839E+0000
  0.06900000       0.143121540253864    1.16003460E+0000
  0.06800000       0.142545266127087    1.15162164E+0000
  0.06699999       0.141966389708852    1.14304549E+0000
  0.06600000       0.141384954960431    1.13430190E+0000
  0.06500000       0.140800985008976    1.12538610E+0000
  0.06400000       0.140214507066195    1.11629319E+0000
  0.06299999       0.139625534229099    1.10701778E+0000
  0.06200000       0.139034071343743    1.09755412E+0000
  0.06100000       0.138440107979808    1.08789591E+0000
  0.05999999       0.137843622622306    1.07803636E+0000
  0.05900000       0.137244589446802    1.06796828E+0000
  0.05799999       0.136642963007731    1.05768375E+0000
  0.05700000       0.136038696507886    1.04717444E+0000
  0.05599999       0.135431724378450    1.03643122E+0000
  0.05500000       0.134821980848979    1.02544447E+0000
  0.05400000       0.134209384737541    1.01420378E+0000
  0.05300000       0.133593846842688    1.00269798E+0000
  0.05200000       0.132975277686670    9.90915256E-0001
  0.05100000       0.132353572585028    9.78842832E-0001
  0.05000000       0.131728631815693    9.66467254E-0001
  0.04899999       0.131100344713926    9.53774037E-0001
  0.04800000       0.130468612146781    9.40748037E-0001
  0.04699999       0.129833333150076    9.27373114E-0001
  0.04600000       0.129194430812394    9.13632607E-0001
  0.04499999       0.128551842063826    8.99509058E-0001
  0.04400000       0.127905546802589    8.84984800E-0001
  0.04299999       0.127255559546879    8.70041744E-0001
  0.04200000       0.126601959217547    8.54662037E-0001
  0.04099999       0.125944878689425    8.38827839E-0001
  0.04000000       0.125284530034073    8.22521943E-0001
  0.03900000       0.124621188372091    8.05727434E-0001
  0.03800000       0.123955193716463    7.88427758E-0001
  0.03700000       0.123286945279539    7.70606621E-0001
  0.03599999       0.122616862351821    7.52246933E-0001
  0.03500000       0.121945373979792    7.33330434E-0001
  0.03399999       0.121272861628775    7.13835896E-0001
  0.03300000       0.120599637733735    6.93738120E-0001
  0.03199999       0.119925884963467    6.73005589E-0001
  0.03100000       0.119251642133315    6.51599209E-0001
  0.03000000       0.118576762389154    6.29469950E-0001
  0.02900000       0.117900915274128    6.06557566E-0001
  0.02800000       0.117223572741025    5.82788532E-0001
  0.02700000       0.116543993422618    5.58073533E-0001
  0.02599999       0.115861187113859    5.32303741E-0001
  0.02499999       0.115173877650345    5.05346298E-0001
  0.02399999       0.114480537686071    4.77041822E-0001
  0.02299999       0.113779647004419    4.47210942E-0001
  0.02199999       0.113070381420659    4.15681461E-0001
  0.02099999       0.112353877777695    3.82348669E-0001
  0.01999999       0.111634922217387    3.47270993E-0001
  0.01899999       0.110923370228552    3.10776224E-0001
  0.01799999       0.110234203114641    2.73522459E-0001
  0.01699999       0.109585577084553    2.36461607E-0001
  0.01600000       0.108995617448676    2.00716048E-0001
  0.01499999       0.108479536083558    1.67436714E-0001
  0.01399999       0.108047626816010    1.37672692E-0001
  0.01299999       0.107703452273324    1.12206417E-0001
  0.01199999       0.107442582222679    9.13676059E-0002
  0.01099999       0.107253470611091    7.49533305E-0002
  0.00999999       0.107120723659935    6.23377414E-0002
  0.00899999       0.107028824940780    5.26863397E-0002
  0.00799999       0.106964447601005    4.51288792E-0002
  0.00699999       0.106917094987304    3.88245323E-0002
  0.00599999       0.106878886062974    3.29463459E-0002
  0.00499999       0.106844373517071    2.66588895E-0002
  0.00399999       0.106811018907521    1.92206022E-0002
  0.00299999       0.106780714536278    1.05435956E-0002
  0.00199999       0.106760988061413    2.75558397E-0003
  0.00099999       0.106756425628343    3.51718053E-0005
