   7.045921986319854    1.00000000E+0000
   7.055079346237890    1.00000000E+0000
   7.055640567587172    1.00000000E+0000
   7.056701258463780    1.00000000E+0000
   7.056897740737416    1.00000000E+0000
   7.057200640830516    1.00000000E+0000
   7.063455468578586    1.00000000E+0000
   7.065035378948184    1.00000000E+0000
   7.065699204622806    1.00000000E+0000
   7.065959152980684    1.00000000E+0000
   7.066093059817638    1.00000000E+0000
   7.066705181706786    1.00000000E+0000
   7.067074648002072    1.00000000E+0000
   7.068413270658234    1.00000000E+0000
   7.073002991247600    1.00000000E+0000
   7.073250823557996    1.00000000E+0000
   7.073789871023436    1.00000000E+0000
   7.074937368956094    1.00000000E+0000
   7.074984235287012    1.00000000E+0000
   7.076302803068598    1.00000000E+0000
   7.076448556095930    1.00000000E+0000
   7.077462305486298    1.00000000E+0000
   7.077740089231614    1.00000000E+0000
   7.078094698099128    1.00000000E+0000
  7.09000000    4.72146906E+0001
  7.11000000    2.63732994E+0002
  7.13000000    9.63326730E+0002
  7.15000000    3.44750439E+0003
  7.17000000    1.22918016E+0004
  7.19000000    4.23074608E+0004
  7.21000000    1.41290428E+0005
  7.23000000    4.40476039E+0005
  7.25000000    1.37172698E+0006
  7.27000000    3.88514203E+0006
  7.29000000    1.12361801E+0007
  7.31000000    3.18006193E+0007
  7.33000000    9.04329647E+0007
  7.35000000    2.46682016E+0008
  7.37000000    6.65998294E+0008
  7.39000000    1.77175205E+0009
  7.41000000    4.59002186E+0009
  7.43000000    1.15570754E+0010
  7.45000000    2.92474361E+0010
  7.47000000    7.19726274E+0010
  7.49000000    1.72950850E+0011
  7.51000000    4.10146602E+0011
  7.53000000    9.54492603E+0011
  7.55000000    2.18917043E+0012
  7.57000000    4.91961579E+0012
  7.59000000    1.09908573E+0013
  7.61000000    2.40624979E+0013
  7.63000000    5.20772842E+0013
  7.65000000    1.10582832E+0014
  7.67000000    2.33478889E+0014
  7.69000000    4.83134505E+0014
  7.71000000    9.89992028E+0014
  7.73000000    2.01973050E+0015
  7.75000000    4.04697313E+0015
  7.77000000    8.10405644E+0015
  7.79000000    1.57994203E+0016
  7.81000000    3.07348932E+0016
  7.83000000    5.93800795E+0016
  7.85000000    1.12682820E+0017
  7.87000000    2.14426155E+0017
  7.89000000    4.00880231E+0017
  7.91000000    7.46158508E+0017
  7.93000000    1.37087247E+0018
  7.95000000    2.48846979E+0018
  7.97000000    4.50262666E+0018
  7.99000000    8.06840519E+0018
  8.01000000    1.41880524E+0019
  8.03000000    2.51440915E+0019
  8.05000000    4.39493482E+0019
  8.07000000    7.66971566E+0019
  8.09000000    1.32897678E+0020
  8.11000000    2.27994214E+0020
  8.13000000    3.91133770E+0020
  8.15000000    6.64660266E+0020
  8.17000000    1.12283781E+0021
  8.19000000    1.88318115E+0021
  8.21000000    3.10776295E+0021
  8.23000000    5.14395900E+0021
  8.25000000    8.45990081E+0021
  8.27000000    1.37728918E+0022
  8.29000000    2.25651629E+0022
  8.31000000    3.63220503E+0022
  8.33000000    5.88806463E+0022
  8.35000000    9.41138254E+0022
  8.37000000    1.50424926E+0023
  8.39000000    2.36862840E+0023
  8.41000000    3.72087449E+0023
  8.43000000    5.88075051E+0023
  8.45000000    9.18176452E+0023
  8.47000000    1.42533305E+0024
  8.49000000    2.20200646E+0024
  8.51000000    3.40669699E+0024
  8.53000000    5.20796075E+0024
  8.55000000    7.94428021E+0024
  8.57000000    1.21164269E+0025
  8.59000000    1.84039584E+0025
  8.61000000    2.75870214E+0025
  8.63000000    4.16516749E+0025
  8.65000000    6.22290026E+0025
  8.67000000    9.25407558E+0025
  8.69000000    1.37614769E+0026
  8.71000000    2.01425579E+0026
  8.73000000    2.98324108E+0026
  8.75000000    4.35673954E+0026
  8.77000000    6.41797116E+0026
  8.79000000    9.37292068E+0026
  8.81000000    1.34410072E+0027
  8.83000000    1.95629755E+0027
  8.85000000    2.79692156E+0027
  8.87000000    4.04279465E+0027
  8.89000000    5.75313704E+0027
  8.91000000    8.31254069E+0027
  8.93000000    1.16378489E+0028
  8.95000000    1.65166980E+0028
  8.97000000    2.35207551E+0028
  8.99000000    3.31839411E+0028
  9.01000000    4.64860326E+0028
  9.03000000    6.49874029E+0028
  9.05000000    9.01958946E+0028
  9.07000000    1.26992867E+0029
  9.09000000    1.76401269E+0029
  9.11000000    2.44246160E+0029
  9.13000000    3.38907279E+0029
  9.15000000    4.65654565E+0029
  9.17000000    6.43656049E+0029
  9.19000000    8.71494518E+0029
  9.21000000    1.19472584E+0030
  9.23000000    1.61998212E+0030
  9.25000000    2.23677408E+0030
  9.27000000    2.99974294E+0030
  9.29000000    4.00074034E+0030
  9.31000000    5.47152780E+0030
  9.33000000    7.30465309E+0030
  9.35000000    9.90734677E+0030
  9.37000000    1.32505393E+0031
  9.39000000    1.78625420E+0031
  9.41000000    2.39512970E+0031
  9.43000000    3.12270209E+0031
  9.45000000    4.20992632E+0031
  9.47000000    5.54769364E+0031
  9.49000000    7.32328049E+0031
  9.51000000    9.77615799E+0031
  9.53000000    1.27217195E+0032
  9.55000000    1.67140138E+0032
  9.57000000    2.20419134E+0032
  9.59000000    2.87714335E+0032
  9.61000000    3.76833537E+0032
  9.63000000    4.90460196E+0032
  9.65000000    6.33913058E+0032
  9.67000000    8.25509132E+0032
  9.69000000    1.05822660E+0033
  9.71000000    1.39514155E+0033
  9.73000000    1.79292882E+0033
  9.75000000    2.31092979E+0033
  9.77000000    2.95800361E+0033
  9.79000000    3.86729809E+0033
  9.81000000    4.94828261E+0033
  9.83000000    6.34285706E+0033
  9.85000000    8.16529858E+0033
  9.87000000    1.03716962E+0034
  9.89000000    1.30781131E+0034
  9.91000000    1.66361260E+0034
  9.93000000    2.12562032E+0034
  9.95000000    2.69310926E+0034
  9.97000000    3.41794225E+0034
  9.99000000    4.28116579E+0034
 10.01000000    5.42976957E+0034
 10.03000000    6.81382200E+0034
 10.05000000    8.65837104E+0034
 10.07000000    1.07887722E+0035
 10.09000000    1.37613677E+0035
 10.11000000    1.68430167E+0035
 10.13000000    2.11843572E+0035
 10.15000000    2.66011875E+0035
 10.17000000    3.27836358E+0035
 10.19000000    4.14185905E+0035
 10.21000000    5.15300152E+0035
 10.23000000    6.38830354E+0035
 10.25000000    7.83132096E+0035
 10.27000000    9.74173488E+0035
 10.29000000    1.19766404E+0036
 10.31000000    1.49283084E+0036
 10.33000000    1.83887155E+0036
 10.35000000    2.24233782E+0036
 10.37000000    2.78672012E+0036
 10.39000000    3.38964749E+0036
 10.41000000    4.17548423E+0036
 10.43000000    5.08197561E+0036
 10.45000000    6.27344089E+0036
 10.47000000    7.67363415E+0036
 10.49000000    9.44085906E+0036
 10.51000000    1.13240813E+0037
 10.53000000    1.37640639E+0037
 10.55000000    1.69148844E+0037
 10.57000000    2.03669566E+0037
 10.59000000    2.45892322E+0037
 10.61000000    2.97372595E+0037
 10.63000000    3.62339374E+0037
 10.65000000    4.35142494E+0037
 10.67000000    5.23497502E+0037
 10.69000000    6.26354538E+0037
 10.71000000    7.70168836E+0037
 10.73000000    9.20096530E+0037
 10.75000000    1.09686628E+0038
 10.77000000    1.33456877E+0038
 10.79000000    1.58872455E+0038
 10.81000000    1.90107046E+0038
 10.83000000    2.28422186E+0038
 10.85000000    2.70238547E+0038
 10.87000000    3.23200607E+0038
 10.89000000    3.84220039E+0038
 10.91000000    4.54163226E+0038
 10.93000000    5.40276988E+0038
 10.95000000    6.37423425E+0038
 10.97000000    7.58224097E+0038
 10.99000000    8.89898695E+0038
 11.01000000    1.08473070E+0039
 11.03000000    1.28702061E+0039
 11.05000000    1.50529727E+0039
 11.07000000    1.78740276E+0039
 11.09000000    2.10929809E+0039
 11.11000000    2.45650281E+0039
 11.13000000    2.89886878E+0039
 11.15000000    3.37584546E+0039
 11.17000000    4.03224597E+0039
 11.19000000    4.67360915E+0039
 11.21000000    5.51117072E+0039
 11.23000000    6.34052053E+0039
 11.25000000    7.39998631E+0039
 11.27000000    8.67506969E+0039
 11.29000000    1.02165394E+0040
 11.31000000    1.20234269E+0040
 11.33000000    1.38655001E+0040
 11.35000000    1.63368920E+0040
 11.37000000    1.89857875E+0040
 11.39000000    2.19728962E+0040
 11.41000000    2.56271455E+0040
 11.43000000    2.94609223E+0040
 11.45000000    3.45186244E+0040
 11.47000000    3.95966595E+0040
 11.49000000    4.51617072E+0040
 11.51000000    5.24203653E+0040
 11.53000000    6.20328556E+0040
 11.55000000    6.99173563E+0040
 11.57000000    8.08761211E+0040
 11.59000000    9.19200692E+0040
 11.61000000    1.06262659E+0041
 11.63000000    1.24926694E+0041
 11.65000000    1.39990265E+0041
 11.67000000    1.60731700E+0041
 11.69000000    1.84130959E+0041
 11.71000000    2.09955520E+0041
 11.73000000    2.47293993E+0041
 11.75000000    2.78626510E+0041
 11.77000000    3.19628440E+0041
 11.79000000    3.66852302E+0041
 11.81000000    4.15012401E+0041
 11.83000000    4.74298843E+0041
 11.85000000    5.34943483E+0041
 11.87000000    6.14656181E+0041
 11.89000000    6.98771106E+0041
 11.91000000    7.90765624E+0041
 11.93000000    8.92692157E+0041
 11.95000000    1.00335540E+0042
 11.97000000    1.14215352E+0042
 11.99000000    1.27293858E+0042
 12.01000000    1.45884621E+0042
 12.03000000    1.62745946E+0042
 12.05000000    1.83657072E+0042
 12.07000000    2.07783175E+0042
 12.09000000    2.33279324E+0042
 12.11000000    2.56841455E+0042
 12.13000000    2.92726178E+0042
 12.15000000    3.37974190E+0042
 12.17000000    3.77366983E+0042
 12.19000000    4.24564777E+0042
 12.21000000    4.78828743E+0042
 12.23000000    5.33347119E+0042
 12.25000000    5.92414403E+0042
 12.27000000    6.67134270E+0042
 12.29000000    7.36367681E+0042
 12.31000000    8.24425323E+0042
 12.33000000    9.28237976E+0042
 12.35000000    1.02008454E+0043
 12.37000000    1.13750753E+0043
 12.39000000    1.25840012E+0043
 12.41000000    1.37261382E+0043
 12.43000000    1.53714558E+0043
 12.45000000    1.71041217E+0043
 12.47000000    1.86814576E+0043
 12.49000000    2.10274617E+0043
 12.51000000    2.30599220E+0043
 12.53000000    2.49648114E+0043
 12.55000000    2.79282055E+0043
 12.57000000    3.11118726E+0043
 12.59000000    3.48453432E+0043
 12.61000000    3.86766240E+0043
 12.63000000    4.24132531E+0043
 12.65000000    4.66237855E+0043
 12.67000000    5.12041041E+0043
 12.69000000    5.57850394E+0043
 12.71000000    6.12628697E+0043
 12.73000000    6.73291008E+0043
 12.75000000    7.31356789E+0043
 12.77000000    8.02126578E+0043
 12.79000000    8.86273366E+0043
 12.81000000    9.63215527E+0043
 12.83000000    1.03643322E+0044
 12.85000000    1.11910083E+0044
 12.87000000    1.23528908E+0044
 12.89000000    1.31227512E+0044
 12.91000000    1.42489119E+0044
 12.93000000    1.56005933E+0044
 12.95000000    1.71457173E+0044
 12.97000000    1.83101937E+0044
 12.99000000    2.00000871E+0044
 13.01000000    2.19483902E+0044
 13.03000000    2.36083170E+0044
 13.05000000    2.51022894E+0044
 13.07000000    2.76099110E+0044
 13.09000000    2.96581902E+0044
 13.11000000    3.22262517E+0044
 13.13000000    3.48160467E+0044
 13.15000000    3.75857928E+0044
 13.17000000    3.97942973E+0044
 13.19000000    4.28961272E+0044
 13.21000000    4.65112716E+0044
 13.23000000    4.99005200E+0044
 13.25000000    5.27156258E+0044
 13.27000000    5.73497303E+0044
 13.29000000    6.04709234E+0044
 13.31000000    6.38130526E+0044
 13.33000000    7.04237356E+0044
 13.35000000    7.61090472E+0044
 13.37000000    8.02917385E+0044
 13.39000000    8.73600398E+0044
 13.41000000    8.98732851E+0044
 13.43000000    9.78780642E+0044
 13.45000000    1.03012343E+0045
 13.47000000    1.07630750E+0045
 13.49000000    1.12900444E+0045
 13.51000000    1.22336609E+0045
 13.53000000    1.31739085E+0045
 13.55000000    1.44871128E+0045
 13.57000000    1.48966588E+0045
 13.59000000    1.56321341E+0045
 13.61000000    1.68685333E+0045
 13.63000000    1.77352286E+0045
 13.65000000    1.82820740E+0045
 13.67000000    1.98173067E+0045
 13.69000000    2.09850211E+0045
 13.71000000    2.13272055E+0045
 13.73000000    2.38108275E+0045
 13.75000000    2.36442204E+0045
 13.77000000    2.53131160E+0045
 13.79000000    2.62524580E+0045
 13.81000000    2.75620001E+0045
 13.83000000    2.93050750E+0045
 13.85000000    3.13386831E+0045
 13.87000000    3.32020251E+0045
 13.89000000    3.41327903E+0045
 13.91000000    3.63845234E+0045
 13.93000000    3.85617188E+0045
 13.95000000    3.93801375E+0045
 13.97000000    4.17850795E+0045
 13.99000000    4.53735256E+0045
 14.01000000    4.42061018E+0045
 14.03000000    4.74487167E+0045
 14.05000000    5.03144375E+0045
 14.07000000    5.10247113E+0045
 14.09000000    5.29733889E+0045
 14.11000000    5.68659480E+0045
 14.13000000    5.86722802E+0045
 14.15000000    6.21945033E+0045
 14.17000000    6.04268661E+0045
 14.19000000    6.31298724E+0045
 14.21000000    6.50411347E+0045
 14.23000000    7.27737183E+0045
 14.25000000    7.31030066E+0045
 14.27000000    7.25409495E+0045
 14.29000000    8.30948127E+0045
 14.31000000    8.51793320E+0045
 14.33000000    8.42616666E+0045
 14.35000000    8.96401220E+0045
 14.37000000    9.34213070E+0045
 14.39000000    9.04825208E+0045
 14.41000000    1.00312130E+0046
 14.43000000    1.04972497E+0046
 14.45000000    1.01463125E+0046
 14.47000000    1.12134095E+0046
 14.49000000    1.16444934E+0046
 14.51000000    1.35410395E+0046
 14.53000000    1.22234535E+0046
 14.55000000    1.16783461E+0046
 14.57000000    1.35344555E+0046
 14.59000000    1.24135038E+0046
 14.61000000    1.56789071E+0046
 14.63000000    1.31842494E+0046
 14.65000000    1.40504625E+0046
 14.67000000    1.62183037E+0046
 14.69000000    1.56358270E+0046
 14.71000000    1.69992808E+0046
 14.73000000    1.63028656E+0046
 14.75000000    1.44139623E+0046
 14.77000000    1.87745147E+0046
 14.79000000    1.63477343E+0046
 14.81000000    1.36660955E+0046
 14.83000000    1.68952963E+0046
 14.85000000    1.49943347E+0046
 14.87000000    1.96979638E+0046
 14.89000000    1.72774739E+0046
 14.91000000    1.94764522E+0046
 14.93000000    2.40571393E+0046
 14.95000000    1.81912759E+0046
 14.97000000    2.37129651E+0046
 14.99000000    2.39280201E+0046
 15.01000000    1.95185972E+0046
 15.03000000    1.60045774E+0046
 15.05000000    3.15304126E+0046
 15.07000000    2.63473504E+0046
 15.09000000    2.16039198E+0046
 15.11000000    1.86855834E+0046
 15.13000000    1.49144396E+0046
 15.15000000    1.64830049E+0046
 15.17000000    2.24203547E+0046
 15.19000000    2.16810331E+0046
 15.21000000    1.71151773E+0046
 15.23000000    2.26982359E+0046
 15.25000000    3.13567862E+0046
 15.27000000    4.38958382E+0046
 15.29000000    2.29795596E+0046
 15.31000000    2.25745250E+0046
 15.33000000    1.87115321E+0046
 15.35000000    4.48054527E+0046
 15.37000000    3.80905267E+0045
 15.39000000    1.68386170E+0046
 15.41000000    3.72190995E+0046
 15.43000000    5.14168341E+0046
 15.45000000    2.84121950E+0046
 15.47000000    2.51202647E+0046
 15.49000000    1.38810930E+0046
 15.51000000    6.13639209E+0046
 15.53000000    4.23860142E+0046
 15.55000000    2.81062746E+0046
 15.57000000    3.10622373E+0046
 15.59000000    2.28860533E+0046
 15.61000000    5.05860012E+0046
 15.63000000    4.19296346E+0046
 15.65000000    9.26788256E+0046
 15.69000000    3.77327228E+0046
 15.71000000    2.08505539E+0046
 15.73000000    4.60868517E+0046
 15.77000000    2.81453039E+0046
 15.83000000    3.79921863E+0046
 15.85000000    4.19878594E+0046
 15.87000000    4.64037612E+0046
 15.93000000    6.26385259E+0046
 15.95000000    6.92262770E+0046
 15.99000000    8.45531657E+0046
 16.01000000    9.34456999E+0046
 16.07000000    1.26138501E+0047
 16.09000000    1.39404603E+0047
 16.13000000    1.70269166E+0047
 16.15000000    1.88176531E+0047
 16.29000000    3.78940999E+0047
