  0.20000000       0.189955744027554    1.58521915E+0000
  0.19900000       0.189772138524613    1.58429882E+0000
  0.19800000       0.189587013761809    1.58336619E+0000
  0.19700000       0.189400347880154    1.58242104E+0000
  0.19600001       0.189212121458503    1.58146314E+0000
  0.19500001       0.189022306266617    1.58049222E+0000
  0.19400001       0.188830882089396    1.57950802E+0000
  0.19300000       0.188637825527223    1.57851031E+0000
  0.19200000       0.188443112785260    1.57749881E+0000
  0.19100000       0.188246719669861    1.57647325E+0000
  0.19000000       0.188048621585228    1.57543336E+0000
  0.18900000       0.187848793530365    1.57437885E+0000
  0.18800001       0.187647213113353    1.57330945E+0000
  0.18700001       0.187443848507569    1.57222484E+0000
  0.18600000       0.187238676471984    1.57112471E+0000
  0.18500000       0.187031670360834    1.57000877E+0000
  0.18400000       0.186822803113071    1.56887669E+0000
  0.18300000       0.186612047251604    1.56772815E+0000
  0.18200000       0.186399374883032    1.56656281E+0000
  0.18100001       0.186184760910583    1.56538036E+0000
  0.18000001       0.185968170213900    1.56418040E+0000
  0.17900001       0.185749576838084    1.56296260E+0000
  0.17800000       0.185528951233124    1.56172660E+0000
  0.17700000       0.185306263440184    1.56047201E+0000
  0.17600000       0.185081483095157    1.55919846E+0000
  0.17500000       0.184854579433006    1.55790555E+0000
  0.17399999       0.184625521292948    1.55659288E+0000
  0.17300001       0.184394280586765    1.55526008E+0000
  0.17200001       0.184160818490126    1.55390666E+0000
  0.17100000       0.183925106124669    1.55253224E+0000
  0.17000000       0.183687110816973    1.55113636E+0000
  0.16900000       0.183446799538134    1.54971858E+0000
  0.16800000       0.183204138915060    1.54827845E+0000
  0.16700000       0.182959095242977    1.54681549E+0000
  0.16600001       0.182711638204821    1.54532925E+0000
  0.16500001       0.182461726100620    1.54381919E+0000
  0.16400000       0.182209327987861    1.54228485E+0000
  0.16300000       0.181954408986219    1.54072570E+0000
  0.16200000       0.181696933966290    1.53914122E+0000
  0.16100000       0.181436867570509    1.53753089E+0000
  0.16000000       0.181174174235660    1.53589416E+0000
  0.15899999       0.180908818217019    1.53423047E+0000
  0.15800001       0.180640767628782    1.53253928E+0000
  0.15700001       0.180369978454226    1.53081997E+0000
  0.15600000       0.180096418540110    1.52907197E+0000
  0.15500000       0.179820051691355    1.52729468E+0000
  0.15400000       0.179540841678081    1.52548747E+0000
  0.15300000       0.179258752270369    1.52364974E+0000
  0.15200000       0.178973747274877    1.52178084E+0000
  0.15100001       0.178685794886349    1.51988015E+0000
  0.15000001       0.178394850520520    1.51794694E+0000
  0.14900000       0.178100882600731    1.51598058E+0000
  0.14800000       0.177803855482964    1.51398038E+0000
  0.14700000       0.177503733770352    1.51194564E+0000
  0.14600000       0.177200482360583    1.50987564E+0000
  0.14500000       0.176894066494941    1.50776967E+0000
  0.14399999       0.176584451808891    1.50562699E+0000
  0.14300001       0.176271609070129    1.50344688E+0000
  0.14200000       0.175955495536695    1.50122851E+0000
  0.14100000       0.175636082981402    1.49897116E+0000
  0.14000000       0.175313339148957    1.49667402E+0000
  0.13900000       0.174987232449861    1.49433632E+0000
  0.13800000       0.174657732017292    1.49195723E+0000
  0.13699999       0.174324807764333    1.48953593E+0000
  0.13600001       0.173988435479557    1.48707164E+0000
  0.13500001       0.173648576783133    1.48456343E+0000
  0.13400000       0.173305209257193    1.48201049E+0000
  0.13300000       0.172958306503907    1.47941194E+0000
  0.13200000       0.172607843186576    1.47676690E+0000
  0.13100000       0.172253795082513    1.47407449E+0000
  0.13000000       0.171896139133880    1.47133380E+0000
  0.12899999       0.171534853496065    1.46854392E+0000
  0.12800001       0.171169923048384    1.46570396E+0000
  0.12700000       0.170801317629967    1.46281290E+0000
  0.12600000       0.170429024705271    1.45986984E+0000
  0.12500000       0.170053027700852    1.45687381E+0000
  0.12400000       0.169673311445110    1.45382385E+0000
  0.12300000       0.169289862192010    1.45071896E+0000
  0.12200000       0.168902670537845    1.44755817E+0000
  0.12100000       0.168511719865816    1.44434043E+0000
  0.12000000       0.168117003659965    1.44106474E+0000
  0.11900000       0.167718516975132    1.43773008E+0000
  0.11800000       0.167316247394686    1.43433535E+0000
  0.11700000       0.166910192827672    1.43087953E+0000
  0.11600000       0.166500349636788    1.42736152E+0000
  0.11500000       0.166086718657184    1.42378025E+0000
  0.11400000       0.165669292801244    1.42013456E+0000
  0.11300000       0.165248075502163    1.41642335E+0000
  0.11200000       0.164823068360508    1.41264546E+0000
  0.11100000       0.164394277359550    1.40879975E+0000
  0.11000000       0.163961699990681    1.40488497E+0000
  0.10900000       0.163525344349407    1.40089993E+0000
  0.10800000       0.163085216307614    1.39684339E+0000
  0.10700000       0.162641325935530    1.39271412E+0000
  0.10600000       0.162193674163024    1.38851076E+0000
  0.10500000       0.161742272541626    1.38423201E+0000
  0.10400000       0.161287133368673    1.37987655E+0000
  0.10300000       0.160828259312454    1.37544292E+0000
  0.10200000       0.160365663688899    1.37092973E+0000
  0.10100000       0.159899356863740    1.36633551E+0000
  0.10000000       0.159429353094894    1.36165878E+0000
  0.09900000       0.158955656460898    1.35689794E+0000
  0.09800000       0.158478281851560    1.35205143E+0000
  0.09700000       0.157997240986726    1.34711760E+0000
  0.09600000       0.157512549549250    1.34209481E+0000
  0.09500000       0.157024212756731    1.33698126E+0000
  0.09400000       0.156532247099144    1.33177519E+0000
  0.09299999       0.156036666018602    1.32647477E+0000
  0.09200000       0.155537487366040    1.32107816E+0000
  0.09100000       0.155034718653319    1.31558333E+0000
  0.09000000       0.154528379553113    1.30998833E+0000
  0.08899999       0.154018487260840    1.30429111E+0000
  0.08800000       0.153505064275653    1.29848962E+0000
  0.08700000       0.152988123330294    1.29258162E+0000
  0.08600000       0.152467690615898    1.28656495E+0000
  0.08500000       0.151943794703606    1.28043741E+0000
  0.08400000       0.151416454996758    1.27419659E+0000
  0.08300000       0.150885705418390    1.26784019E+0000
  0.08199999       0.150351579065482    1.26136581E+0000
  0.08100000       0.149814116318644    1.25477105E+0000
  0.08000000       0.149273348946157    1.24805331E+0000
  0.07900000       0.148729324204836    1.24121010E+0000
  0.07799999       0.148182088830009    1.23423881E+0000
  0.07700000       0.147631697014854    1.22713684E+0000
  0.07600000       0.147078193733918    1.21990136E+0000
  0.07500000       0.146521638959569    1.21252962E+0000
  0.07399999       0.145962090743804    1.20501874E+0000
  0.07300000       0.145399612815418    1.19736582E+0000
  0.07200000       0.144834256946764    1.18956764E+0000
  0.07099999       0.144266087104960    1.18162103E+0000
  0.07000000       0.143695165850238    1.17352268E+0000
  0.06900000       0.143121540253864    1.16526888E+0000
  0.06800000       0.142545266127087    1.15685593E+0000
  0.06699999       0.141966389708852    1.14827977E+0000
  0.06600000       0.141384954960431    1.13953618E+0000
  0.06500000       0.140800985008976    1.13062039E+0000
  0.06400000       0.140214507066195    1.12152747E+0000
  0.06299999       0.139625534229099    1.11225207E+0000
  0.06200000       0.139034071343743    1.10278840E+0000
  0.06100000       0.138440107979808    1.09313019E+0000
  0.05999999       0.137843622622306    1.08327065E+0000
  0.05900000       0.137244589446802    1.07320257E+0000
  0.05799999       0.136642963007731    1.06291804E+0000
  0.05700000       0.136038696507886    1.05240872E+0000
  0.05599999       0.135431724378450    1.04166550E+0000
  0.05500000       0.134821980848979    1.03067876E+0000
  0.05400000       0.134209384737541    1.01943806E+0000
  0.05300000       0.133593846842688    1.00793226E+0000
  0.05200000       0.132975277686671    9.96149541E-0001
  0.05100000       0.132353572585029    9.84077117E-0001
  0.05000000       0.131728631815695    9.71701539E-0001
  0.04899999       0.131100344713930    9.59008322E-0001
  0.04800000       0.130468612146789    9.45982322E-0001
  0.04699999       0.129833333150091    9.32607399E-0001
  0.04600000       0.129194430812422    9.18866892E-0001
  0.04499999       0.128551842063882    9.04743343E-0001
  0.04400000       0.127905546802697    8.90219085E-0001
  0.04299999       0.127255559547094    8.75276029E-0001
  0.04200000       0.126601959217977    8.59896322E-0001
  0.04099999       0.125944878690292    8.44062124E-0001
  0.04000000       0.125284530035837    8.27756228E-0001
  0.03900000       0.124621188375712    8.10961719E-0001
  0.03800000       0.123955193723965    7.93662043E-0001
  0.03700000       0.123286945295224    7.75840906E-0001
  0.03599999       0.122616862384900    7.57481218E-0001
  0.03500000       0.121945374050143    7.38564721E-0001
  0.03399999       0.121272861779626    7.19070185E-0001
  0.03300000       0.120599638059715    6.98972415E-0001
  0.03199999       0.119925885673009    6.78239896E-0001
  0.03100000       0.119251643687890    6.56833542E-0001
  0.03000000       0.118576765814523    6.34704345E-0001
  0.02900000       0.117900922855652    6.11792102E-0001
  0.02800000       0.117223589571360    5.88023393E-0001
  0.02700000       0.116544030820003    5.63309144E-0001
  0.02599999       0.115861270070237    5.37541076E-0001
  0.02499999       0.115174060711309    5.10587568E-0001
  0.02399999       0.114480937688602    4.82291971E-0001
  0.02299999       0.113780507190141    4.52480728E-0001
  0.02199999       0.113072187494113    4.20993401E-0001
  0.02099999       0.112357543532117    3.87747339E-0001
  0.01999999       0.111642029818388    3.52837987E-0001
  0.01899999       0.110936363476399    3.16645746E-0001
  0.01799999       0.110256303812002    2.79885241E-0001
  0.01699999       0.109620137766062    2.43537414E-0001
  0.01600000       0.109044829705486    2.08680440E-0001
  0.01499999       0.108542945850165    1.76316651E-0001
  0.01399999       0.108121424912611    1.47267217E-0001
  0.01299999       0.107781321860588    1.22099485E-0001
  0.01199999       0.107517765178262    1.01042282E-0001
  0.01099999       0.107320715747023    8.39347279E-0002
  0.00999999       0.107177081331887    7.02800737E-0002
  0.00899999       0.107073345276897    5.93813208E-0002
  0.00799999       0.106997434786130    5.04662582E-0002
  0.00699999       0.106939450031078    4.27437651E-0002
  0.00599999       0.106891809383392    3.54143839E-0002
  0.00499999       0.106849595656812    2.77289406E-0002
  0.00399999       0.106811444683863    1.92354217E-0002
  0.00299999       0.106780072957064    1.02742151E-0002
  0.00199999       0.106760911086698    2.71255694E-0003
  0.00099999       0.106756425618256    3.51611639E-0005
