   7.045921986319854    1.22711183E+0000
   7.055079346237890    8.69101564E-0001
   7.055640567587172    8.87846802E-0001
   7.056701258463780    3.69754373E-0001
   7.056897740737416    5.58790622E-0001
   7.057200640830516    1.13052696E+0000
   7.063455468578586    1.43406061E+0000
   7.065035378948184    7.61424291E-0001
   7.065699204622806    7.80887635E-0001
   7.065959152980684    2.62881391E-0001
   7.066093059817638    7.92669806E-0001
   7.066705181706786    2.43400575E+0000
   7.067074648002072    1.64562688E+0000
   7.068413270658234    5.77184854E-0001
   7.073002991247600    1.71808815E+0000
   7.073250823557996    1.04061282E+0000
   7.073789871023436    7.08107600E-0001
   7.074937368956094    3.69843513E-0001
   7.074984235287012    7.41006316E-0001
   7.076302803068598    7.79104206E-0001
   7.076448556095930    3.91716971E-0001
   7.077462305486298    1.62844285E+0000
   7.077740089231614    2.05716727E+0000
   7.078094698099128    8.34036943E-0001
