   7.045921986319854    1.00000000E+0000
   7.055079346237890    1.00000000E+0000
   7.055640567587172    1.00000000E+0000
   7.056701258463780    1.00000000E+0000
   7.056897740737416    1.00000000E+0000
   7.057200640830516    1.00000000E+0000
   7.063455468578586    1.00000000E+0000
   7.065035378948184    1.00000000E+0000
   7.065699204622806    1.00000000E+0000
   7.065959152980684    1.00000000E+0000
   7.066093059817638    1.00000000E+0000
   7.066705181706786    1.00000000E+0000
   7.067074648002072    1.00000000E+0000
   7.068413270658234    1.00000000E+0000
   7.073002991247600    1.00000000E+0000
   7.073250823557996    1.00000000E+0000
   7.073789871023436    1.00000000E+0000
   7.074937368956094    1.00000000E+0000
   7.074984235287012    1.00000000E+0000
   7.076302803068598    1.00000000E+0000
   7.076448556095930    1.00000000E+0000
   7.077462305486298    1.00000000E+0000
   7.077740089231614    1.00000000E+0000
   7.078094698099128    1.00000000E+0000
   7.081037945963520    1.00000000E+0000
   7.082228751642990    1.00000000E+0000
   7.082996530690674    1.00000000E+0000
   7.083141735373704    1.00000000E+0000
   7.083668628410682    1.00000000E+0000
   7.085732907601590    1.00000000E+0000
   7.088343847750770    1.00000000E+0000
   7.088846789200440    1.00000000E+0000
   7.089449208870600    1.00000000E+0000
   7.089669482293926    1.00000000E+0000
   7.089941594173482    1.00000000E+0000
   7.090135222610352    1.00000000E+0000
   7.090463575587876    1.00000000E+0000
   7.090989968606214    1.00000000E+0000
   7.091013340319172    1.00000000E+0000
   7.091409582861912    1.00000000E+0000
   7.091496346727430    1.00000000E+0000
   7.091787688238814    1.00000000E+0000
   7.091891181684408    1.00000000E+0000
   7.092034520979078    1.00000000E+0000
   7.092365105680074    1.00000000E+0000
   7.093198785263514    1.00000000E+0000
   7.094449825663398    1.00000000E+0000
   7.094758312699530    1.00000000E+0000
   7.095147469669842    1.00000000E+0000
   7.095154951767894    1.00000000E+0000
   7.095434074391652    1.00000000E+0000
   7.095727685275284    1.00000000E+0000
   7.096085008486386    1.00000000E+0000
   7.096446475079874    1.00000000E+0000
   7.097242050489294    1.00000000E+0000
   7.097263429323276    1.00000000E+0000
   7.097292478109922    1.00000000E+0000
   7.097362011869976    1.00000000E+0000
   7.098077063588610    1.00000000E+0000
   7.098297674292396    1.00000000E+0000
   7.098848461421178    1.00000000E+0000
   7.099038623812014    1.00000000E+0000
   7.099873164562266    1.00000000E+0000
   7.099982080445364    1.00000000E+0000
  7.11000000    2.22117499E+0002
  7.13000000    8.11319513E+0002
  7.15000000    2.90350874E+0003
  7.17000000    1.03522285E+0004
  7.19000000    3.56315956E+0004
  7.21000000    1.18995640E+0005
  7.23000000    3.70971545E+0005
  7.25000000    1.15527664E+0006
  7.27000000    3.27208977E+0006
  7.29000000    9.46317786E+0006
  7.31000000    2.67826711E+0007
  7.33000000    7.61631818E+0007
  7.35000000    2.07757064E+0008
  7.37000000    5.60907732E+0008
  7.39000000    1.49218014E+0009
  7.41000000    3.86574377E+0009
  7.43000000    9.73343779E+0009
  7.45000000    2.46323650E+0010
  7.47000000    6.06157757E+0010
  7.49000000    1.45660237E+0011
  7.51000000    3.45427912E+0011
  7.53000000    8.03879358E+0011
  7.55000000    1.84373238E+0012
  7.57000000    4.14332974E+0012
  7.59000000    9.25656551E+0012
  7.61000000    2.02655792E+0013
  7.63000000    4.38597991E+0013
  7.65000000    9.31335204E+0013
  7.67000000    1.96637311E+0014
  7.69000000    4.06898759E+0014
  7.71000000    8.33777186E+0014
  7.73000000    1.70102906E+0015
  7.75000000    3.40838489E+0015
  7.77000000    6.82528463E+0015
  7.79000000    1.33063659E+0016
  7.81000000    2.58851102E+0016
  7.83000000    5.00102568E+0016
  7.85000000    9.49021423E+0016
  7.87000000    1.80590986E+0017
  7.89000000    3.37623720E+0017
  7.91000000    6.28419142E+0017
  7.93000000    1.15455696E+0018
  7.95000000    2.09580408E+0018
  7.97000000    3.79213901E+0018
  7.99000000    6.79525893E+0018
  8.01000000    1.19492623E+0019
  8.03000000    2.11765037E+0019
  8.05000000    3.70144029E+0019
  8.07000000    6.45948023E+0019
  8.09000000    1.11927217E+0020
  8.11000000    1.92018086E+0020
  8.13000000    3.29415192E+0020
  8.15000000    5.59780837E+0020
  8.17000000    9.45660695E+0020
  8.19000000    1.58602639E+0021
  8.21000000    2.61737648E+0021
  8.23000000    4.33227293E+0021
  8.25000000    7.12497888E+0021
  8.27000000    1.15996115E+0022
  8.29000000    1.90045146E+0022
  8.31000000    3.05906472E+0022
  8.33000000    4.95896312E+0022
  8.35000000    7.92632246E+0022
  8.37000000    1.26688769E+0023
  8.39000000    1.99487295E+0023
  8.41000000    3.13374267E+0023
  8.43000000    4.95280312E+0023
  8.45000000    7.73293680E+0023
  8.47000000    1.20042399E+0024
  8.49000000    1.85454296E+0024
  8.51000000    2.86914050E+0024
  8.53000000    4.38617558E+0024
  8.55000000    6.69072013E+0024
  8.57000000    1.02045270E+0025
  8.59000000    1.54999234E+0025
  8.61000000    2.32339538E+0025
  8.63000000    3.50792888E+0025
  8.65000000    5.24096368E+0025
  8.67000000    7.79383760E+0025
  8.69000000    1.15899978E+0026
  8.71000000    1.69641823E+0026
  8.73000000    2.51250342E+0026
  8.75000000    3.66927200E+0026
  8.77000000    5.40525355E+0026
  8.79000000    7.89392965E+0026
  8.81000000    1.13200964E+0027
  8.83000000    1.64760546E+0027
  8.85000000    2.35558400E+0027
  8.87000000    3.40486575E+0027
  8.89000000    4.84532630E+0027
  8.91000000    7.00087130E+0027
  8.93000000    9.80146573E+0027
  8.95000000    1.39104615E+0028
  8.97000000    1.98093201E+0028
  8.99000000    2.79477130E+0028
  9.01000000    3.91508137E+0028
  9.03000000    5.47327780E+0028
  9.05000000    7.59635199E+0028
  9.07000000    1.06954149E+0029
  9.09000000    1.48566200E+0029
  9.11000000    2.05705572E+0029
  9.13000000    2.85429730E+0029
  9.15000000    3.92177050E+0029
  9.17000000    5.42090960E+0029
  9.19000000    7.33977877E+0029
  9.21000000    1.00620522E+0030
  9.23000000    1.36435860E+0030
  9.25000000    1.88382446E+0030
  9.27000000    2.52640138E+0030
  9.29000000    3.36944735E+0030
  9.31000000    4.60815332E+0030
  9.33000000    6.15202236E+0030
  9.35000000    8.34402649E+0030
  9.37000000    1.11596832E+0031
  9.39000000    1.50439394E+0031
  9.41000000    2.01719251E+0031
  9.43000000    2.62995831E+0031
  9.45000000    3.54562504E+0031
  9.47000000    4.67230064E+0031
  9.49000000    6.16771047E+0031
  9.51000000    8.23353852E+0031
  9.53000000    1.07143080E+0032
  9.55000000    1.40766420E+0032
  9.57000000    1.85638308E+0032
  9.59000000    2.42314727E+0032
  9.61000000    3.17371450E+0032
  9.63000000    4.13068500E+0032
  9.65000000    5.33885355E+0032
  9.67000000    6.95248710E+0032
  9.69000000    8.91244746E+0032
  9.71000000    1.17499653E+0033
  9.73000000    1.51001534E+0033
  9.75000000    1.94627884E+0033
  9.77000000    2.49124827E+0033
  9.79000000    3.25706150E+0033
  9.81000000    4.16747310E+0033
  9.83000000    5.34199201E+0033
  9.85000000    6.87686312E+0033
  9.87000000    8.73510435E+0033
  9.89000000    1.10144648E+0034
  9.91000000    1.40110444E+0034
  9.93000000    1.79021010E+0034
  9.95000000    2.26815267E+0034
  9.97000000    2.87861134E+0034
  9.99000000    3.60562334E+0034
 10.01000000    4.57298429E+0034
 10.03000000    5.73864150E+0034
 10.05000000    7.29213169E+0034
 10.07000000    9.08636822E+0034
 10.09000000    1.15899059E+0035
 10.11000000    1.41852891E+0035
 10.13000000    1.78415919E+0035
 10.15000000    2.24036787E+0035
 10.17000000    2.76105734E+0035
 10.19000000    3.48829837E+0035
 10.21000000    4.33988859E+0035
 10.23000000    5.38026731E+0035
 10.25000000    6.59558518E+0035
 10.27000000    8.20454717E+0035
 10.29000000    1.00867979E+0036
 10.31000000    1.25727103E+0036
 10.33000000    1.54870858E+0036
 10.35000000    1.88851028E+0036
 10.37000000    2.34699229E+0036
 10.39000000    2.85478131E+0036
 10.41000000    3.51661770E+0036
 10.43000000    4.28007014E+0036
 10.45000000    5.28352930E+0036
 10.47000000    6.46278041E+0036
 10.49000000    7.95114776E+0036
 10.51000000    9.53720877E+0036
 10.53000000    1.15921766E+0037
 10.55000000    1.42458164E+0037
 10.57000000    1.71531722E+0037
 10.59000000    2.07091979E+0037
 10.61000000    2.50448972E+0037
 10.63000000    3.05164380E+0037
 10.65000000    3.66479601E+0037
 10.67000000    4.40892716E+0037
 10.69000000    5.27519525E+0037
 10.71000000    6.48640783E+0037
 10.73000000    7.74910781E+0037
 10.75000000    9.23787319E+0037
 10.77000000    1.12398177E+0038
 10.79000000    1.33803329E+0038
 10.81000000    1.60109287E+0038
 10.83000000    1.92378526E+0038
 10.85000000    2.27596514E+0038
 10.87000000    2.72201477E+0038
 10.89000000    3.23592407E+0038
 10.91000000    3.82498976E+0038
 10.93000000    4.55024499E+0038
 10.95000000    5.36841807E+0038
 10.97000000    6.38580853E+0038
 10.99000000    7.49477984E+0038
 11.01000000    9.13566656E+0038
 11.03000000    1.08393643E+0039
 11.05000000    1.26777034E+0039
 11.07000000    1.50536126E+0039
 11.09000000    1.77646342E+0039
 11.11000000    2.06888130E+0039
 11.13000000    2.44144456E+0039
 11.15000000    2.84315717E+0039
 11.17000000    3.39598158E+0039
 11.19000000    3.93614147E+0039
 11.21000000    4.64154082E+0039
 11.23000000    5.34002417E+0039
 11.25000000    6.23231256E+0039
 11.27000000    7.30619539E+0039
 11.29000000    8.60443037E+0039
 11.31000000    1.01262018E+0040
 11.33000000    1.16776068E+0040
 11.35000000    1.37590278E+0040
 11.37000000    1.59899434E+0040
 11.39000000    1.85057041E+0040
 11.41000000    2.15833346E+0040
 11.43000000    2.48121644E+0040
 11.45000000    2.90717912E+0040
 11.47000000    3.33485426E+0040
 11.49000000    3.80354589E+0040
 11.51000000    4.41487440E+0040
 11.53000000    5.22444407E+0040
 11.55000000    5.88848141E+0040
 11.57000000    6.81143511E+0040
 11.59000000    7.74156300E+0040
 11.61000000    8.94950444E+0040
 11.63000000    1.05214006E+0041
 11.65000000    1.17900635E+0041
 11.67000000    1.35369196E+0041
 11.69000000    1.55076191E+0041
 11.71000000    1.76825790E+0041
 11.73000000    2.08272475E+0041
 11.75000000    2.34660907E+0041
 11.77000000    2.69192977E+0041
 11.79000000    3.08965195E+0041
 11.81000000    3.49525917E+0041
 11.83000000    3.99457312E+0041
 11.85000000    4.50532589E+0041
 11.87000000    5.17667098E+0041
 11.89000000    5.88509190E+0041
 11.91000000    6.65987521E+0041
 11.93000000    7.51830655E+0041
 11.95000000    8.45031898E+0041
 11.97000000    9.61928502E+0041
 11.99000000    1.07207646E+0042
 12.01000000    1.22864897E+0042
 12.03000000    1.37065605E+0042
 12.05000000    1.54677081E+0042
 12.07000000    1.74996228E+0042
 12.09000000    1.96469237E+0042
 12.11000000    2.16313404E+0042
 12.13000000    2.46535732E+0042
 12.15000000    2.84643877E+0042
 12.17000000    3.17820722E+0042
 12.19000000    3.57570985E+0042
 12.21000000    4.03272421E+0042
 12.23000000    4.49188122E+0042
 12.25000000    4.98934941E+0042
 12.27000000    5.61864458E+0042
 12.29000000    6.20173249E+0042
 12.31000000    6.94335920E+0042
 12.33000000    7.81767555E+0042
 12.35000000    8.59121282E+0042
 12.37000000    9.58015621E+0042
 12.39000000    1.05983208E+0043
 12.41000000    1.15602354E+0043
 12.43000000    1.29459317E+0043
 12.45000000    1.44051932E+0043
 12.47000000    1.57336349E+0043
 12.49000000    1.77094535E+0043
 12.51000000    1.94212037E+0043
 12.53000000    2.10255129E+0043
 12.55000000    2.35213011E+0043
 12.57000000    2.62026045E+0043
 12.59000000    2.93469557E+0043
 12.61000000    3.25736832E+0043
 12.63000000    3.57206945E+0043
 12.65000000    3.92668300E+0043
 12.67000000    4.31244016E+0043
 12.69000000    4.69824926E+0043
 12.71000000    5.15959539E+0043
 12.73000000    5.67049700E+0043
 12.75000000    6.15953046E+0043
 12.77000000    6.75555784E+0043
 12.79000000    7.46424710E+0043
 12.81000000    8.11225857E+0043
 12.83000000    8.72890231E+0043
 12.85000000    9.42513392E+0043
 12.87000000    1.04036783E+0044
 12.89000000    1.10520593E+0044
 12.91000000    1.20005185E+0044
 12.93000000    1.31389127E+0044
 12.95000000    1.44402253E+0044
 12.97000000    1.54209542E+0044
 12.99000000    1.68441926E+0044
 13.01000000    1.84850650E+0044
 13.03000000    1.98830653E+0044
 13.05000000    2.11412978E+0044
 13.07000000    2.32532316E+0044
 13.09000000    2.49783045E+0044
 13.11000000    2.71411412E+0044
 13.13000000    2.93222820E+0044
 13.15000000    3.16549787E+0044
 13.17000000    3.35149943E+0044
 13.19000000    3.61273739E+0044
 13.21000000    3.91720701E+0044
 13.23000000    4.20265153E+0044
 13.25000000    4.43974142E+0044
 13.27000000    4.83002846E+0044
 13.29000000    5.09289720E+0044
 13.31000000    5.37437332E+0044
 13.33000000    5.93112898E+0044
 13.35000000    6.40994931E+0044
 13.37000000    6.76221806E+0044
 13.39000000    7.35751462E+0044
 13.41000000    7.56918163E+0044
 13.43000000    8.24334889E+0044
 13.45000000    8.67576095E+0044
 13.47000000    9.06472592E+0044
 13.49000000    9.50854271E+0044
 13.51000000    1.03032621E+0045
 13.53000000    1.10951443E+0045
 13.55000000    1.22011328E+0045
 13.57000000    1.25460548E+0045
 13.59000000    1.31654765E+0045
 13.61000000    1.42067793E+0045
 13.63000000    1.49367152E+0045
 13.65000000    1.53972717E+0045
 13.67000000    1.66902538E+0045
 13.69000000    1.76737099E+0045
 13.71000000    1.79618996E+0045
 13.73000000    2.00536208E+0045
 13.75000000    1.99133033E+0045
 13.77000000    2.13188571E+0045
 13.79000000    2.21099766E+0045
 13.81000000    2.32128807E+0045
 13.83000000    2.46809088E+0045
 13.85000000    2.63936257E+0045
 13.87000000    2.79629434E+0045
 13.89000000    2.87468394E+0045
 13.91000000    3.06432625E+0045
 13.93000000    3.24769094E+0045
 13.95000000    3.31661865E+0045
 13.97000000    3.51916429E+0045
 13.99000000    3.82138537E+0045
 14.01000000    3.72306424E+0045
 14.03000000    3.99615920E+0045
 14.05000000    4.23751191E+0045
 14.07000000    4.29733159E+0045
 14.09000000    4.46145038E+0045
 14.11000000    4.78928403E+0045
 14.13000000    4.94141440E+0045
 14.15000000    5.23805813E+0045
 14.17000000    5.08918667E+0045
 14.19000000    5.31683547E+0045
 14.21000000    5.47780312E+0045
 14.23000000    6.12904592E+0045
 14.25000000    6.15677878E+0045
 14.27000000    6.10944200E+0045
 14.29000000    6.99829465E+0045
 14.31000000    7.17385410E+0045
 14.33000000    7.09656777E+0045
 14.35000000    7.54954450E+0045
 14.37000000    7.86799815E+0045
 14.39000000    7.62049183E+0045
 14.41000000    8.44834740E+0045
 14.43000000    8.84084628E+0045
 14.45000000    8.54528486E+0045
 14.47000000    9.44400032E+0045
 14.49000000    9.80706174E+0045
 14.51000000    1.14043442E+0046
 14.53000000    1.02946654E+0046
 14.55000000    9.83557269E+0045
 14.57000000    1.13987991E+0046
 14.59000000    1.04547269E+0046
 14.61000000    1.32048690E+0046
 14.63000000    1.11038534E+0046
 14.65000000    1.18333833E+0046
 14.67000000    1.36591520E+0046
 14.69000000    1.31685867E+0046
 14.71000000    1.43168956E+0046
 14.73000000    1.37303706E+0046
 14.75000000    1.21395250E+0046
 14.77000000    1.58120082E+0046
 14.79000000    1.37681592E+0046
 14.81000000    1.15096671E+0046
 14.83000000    1.42293193E+0046
 14.85000000    1.26283180E+0046
 14.87000000    1.65897425E+0046
 14.89000000    1.45511915E+0046
 14.91000000    1.64031841E+0046
 14.93000000    2.02610661E+0046
 14.95000000    1.53208010E+0046
 14.97000000    1.99712005E+0046
 14.99000000    2.01523212E+0046
 15.01000000    1.64386789E+0046
 15.03000000    1.34791505E+0046
 15.05000000    2.65551014E+0046
 15.07000000    2.21898955E+0046
 15.09000000    1.81949500E+0046
 15.11000000    1.57371097E+0046
 15.13000000    1.25610299E+0046
 15.15000000    1.38820850E+0046
 15.17000000    1.88825563E+0046
 15.19000000    1.82598953E+0046
 15.21000000    1.44145043E+0046
 15.23000000    1.91165895E+0046
 15.25000000    2.64088722E+0046
 15.27000000    3.69693365E+0046
 15.29000000    1.93535220E+0046
 15.31000000    1.90123995E+0046
 15.33000000    1.57589639E+0046
 15.35000000    3.77354193E+0046
 15.37000000    3.20800686E+0045
 15.39000000    1.41815835E+0046
 15.41000000    3.13461474E+0046
 15.43000000    4.33035641E+0046
 15.45000000    2.39289199E+0046
 15.47000000    2.11564366E+0046
 15.49000000    1.16907392E+0046
 15.51000000    5.16810599E+0046
 15.53000000    3.56977537E+0046
 15.55000000    2.36712719E+0046
 15.57000000    2.61608013E+0046
 15.59000000    1.92747704E+0046
 15.61000000    4.26038316E+0046
 15.63000000    3.53133881E+0046
 15.65000000    7.80546592E+0046
 15.69000000    3.17787240E+0046
 15.71000000    1.75604608E+0046
 15.73000000    3.88146211E+0046
 15.77000000    2.37041427E+0046
 15.83000000    3.19972457E+0046
 15.85000000    3.53624254E+0046
 15.87000000    3.90815242E+0046
 15.93000000    5.27545398E+0046
 15.95000000    5.83027830E+0046
 15.99000000    7.12111800E+0046
 16.01000000    7.87005253E+0046
 16.07000000    1.06234597E+0047
 16.09000000    1.17407387E+0047
 16.13000000    1.43401707E+0047
 16.15000000    1.58483396E+0047
 16.29000000    3.19146367E+0047
