  0.20000000       0.189955744027554    1.58258685E+0000
  0.19900000       0.189772138524613    1.58166651E+0000
  0.19800000       0.189587013761809    1.58073389E+0000
  0.19700000       0.189400347880154    1.57978874E+0000
  0.19600001       0.189212121458503    1.57883084E+0000
  0.19500001       0.189022306266617    1.57785991E+0000
  0.19400001       0.188830882089396    1.57687572E+0000
  0.19300000       0.188637825527223    1.57587801E+0000
  0.19200000       0.188443112785260    1.57486650E+0000
  0.19100000       0.188246719669861    1.57384095E+0000
  0.19000000       0.188048621585228    1.57280106E+0000
  0.18900000       0.187848793530365    1.57174655E+0000
  0.18800001       0.187647213113353    1.57067715E+0000
  0.18700001       0.187443848507569    1.56959253E+0000
  0.18600000       0.187238676471984    1.56849241E+0000
  0.18500000       0.187031670360834    1.56737646E+0000
  0.18400000       0.186822803113071    1.56624438E+0000
  0.18300000       0.186612047251604    1.56509584E+0000
  0.18200000       0.186399374883032    1.56393051E+0000
  0.18100001       0.186184760910583    1.56274805E+0000
  0.18000001       0.185968170213900    1.56154810E+0000
  0.17900001       0.185749576838084    1.56033030E+0000
  0.17800000       0.185528951233124    1.55909429E+0000
  0.17700000       0.185306263440184    1.55783970E+0000
  0.17600000       0.185081483095157    1.55656615E+0000
  0.17500000       0.184854579433006    1.55527324E+0000
  0.17399999       0.184625521292948    1.55396058E+0000
  0.17300001       0.184394280586765    1.55262777E+0000
  0.17200001       0.184160818490126    1.55127436E+0000
  0.17100000       0.183925106124669    1.54989993E+0000
  0.17000000       0.183687110816973    1.54850405E+0000
  0.16900000       0.183446799538134    1.54708628E+0000
  0.16800000       0.183204138915060    1.54564614E+0000
  0.16700000       0.182959095242977    1.54418318E+0000
  0.16600001       0.182711638204821    1.54269694E+0000
  0.16500001       0.182461726100620    1.54118689E+0000
  0.16400000       0.182209327987861    1.53965254E+0000
  0.16300000       0.181954408986219    1.53809339E+0000
  0.16200000       0.181696933966290    1.53650892E+0000
  0.16100000       0.181436867570509    1.53489858E+0000
  0.16000000       0.181174174235660    1.53326185E+0000
  0.15899999       0.180908818217019    1.53159816E+0000
  0.15800001       0.180640767628782    1.52990698E+0000
  0.15700001       0.180369978454226    1.52818767E+0000
  0.15600000       0.180096418540110    1.52643967E+0000
  0.15500000       0.179820051691355    1.52466237E+0000
  0.15400000       0.179540841678081    1.52285517E+0000
  0.15300000       0.179258752270369    1.52101744E+0000
  0.15200000       0.178973747274877    1.51914853E+0000
  0.15100001       0.178685794886349    1.51724784E+0000
  0.15000001       0.178394850520520    1.51531464E+0000
  0.14900000       0.178100882600731    1.51334828E+0000
  0.14800000       0.177803855482964    1.51134808E+0000
  0.14700000       0.177503733770352    1.50931333E+0000
  0.14600000       0.177200482360583    1.50724334E+0000
  0.14500000       0.176894066494941    1.50513737E+0000
  0.14399999       0.176584451808891    1.50299468E+0000
  0.14300001       0.176271609070129    1.50081457E+0000
  0.14200000       0.175955495536695    1.49859621E+0000
  0.14100000       0.175636082981402    1.49633885E+0000
  0.14000000       0.175313339148957    1.49404172E+0000
  0.13900000       0.174987232449861    1.49170401E+0000
  0.13800000       0.174657732017292    1.48932492E+0000
  0.13699999       0.174324807764333    1.48690363E+0000
  0.13600001       0.173988435479557    1.48443934E+0000
  0.13500001       0.173648576783133    1.48193113E+0000
  0.13400000       0.173305209257193    1.47937818E+0000
  0.13300000       0.172958306503907    1.47677963E+0000
  0.13200000       0.172607843186576    1.47413460E+0000
  0.13100000       0.172253795082513    1.47144218E+0000
  0.13000000       0.171896139133880    1.46870149E+0000
  0.12899999       0.171534853496065    1.46591161E+0000
  0.12800001       0.171169923048384    1.46307165E+0000
  0.12700000       0.170801317629967    1.46018060E+0000
  0.12600000       0.170429024705271    1.45723753E+0000
  0.12500000       0.170053027700852    1.45424151E+0000
  0.12400000       0.169673311445110    1.45119154E+0000
  0.12300000       0.169289862192010    1.44808665E+0000
  0.12200000       0.168902670537845    1.44492586E+0000
  0.12100000       0.168511719865816    1.44170812E+0000
  0.12000000       0.168117003659965    1.43843243E+0000
  0.11900000       0.167718516975132    1.43509777E+0000
  0.11800000       0.167316247394686    1.43170305E+0000
  0.11700000       0.166910192827672    1.42824722E+0000
  0.11600000       0.166500349636788    1.42472921E+0000
  0.11500000       0.166086718657184    1.42114794E+0000
  0.11400000       0.165669292801244    1.41750226E+0000
  0.11300000       0.165248075502163    1.41379104E+0000
  0.11200000       0.164823068360508    1.41001315E+0000
  0.11100000       0.164394277359550    1.40616744E+0000
  0.11000000       0.163961699990681    1.40225266E+0000
  0.10900000       0.163525344349407    1.39826762E+0000
  0.10800000       0.163085216307614    1.39421109E+0000
  0.10700000       0.162641325935530    1.39008182E+0000
  0.10600000       0.162193674163024    1.38587846E+0000
  0.10500000       0.161742272541626    1.38159971E+0000
  0.10400000       0.161287133368673    1.37724425E+0000
  0.10300000       0.160828259312454    1.37281062E+0000
  0.10200000       0.160365663688899    1.36829743E+0000
  0.10100000       0.159899356863740    1.36370320E+0000
  0.10000000       0.159429353094894    1.35902648E+0000
  0.09900000       0.158955656460898    1.35426564E+0000
  0.09800000       0.158478281851560    1.34941912E+0000
  0.09700000       0.157997240986726    1.34448529E+0000
  0.09600000       0.157512549549250    1.33946251E+0000
  0.09500000       0.157024212756731    1.33434895E+0000
  0.09400000       0.156532247099144    1.32914288E+0000
  0.09299999       0.156036666018602    1.32384247E+0000
  0.09200000       0.155537487366040    1.31844585E+0000
  0.09100000       0.155034718653319    1.31295102E+0000
  0.09000000       0.154528379553113    1.30735602E+0000
  0.08899999       0.154018487260840    1.30165880E+0000
  0.08800000       0.153505064275653    1.29585732E+0000
  0.08700000       0.152988123330294    1.28994932E+0000
  0.08600000       0.152467690615898    1.28393265E+0000
  0.08500000       0.151943794703606    1.27780510E+0000
  0.08400000       0.151416454996758    1.27156428E+0000
  0.08300000       0.150885705418390    1.26520788E+0000
  0.08199999       0.150351579065482    1.25873350E+0000
  0.08100000       0.149814116318644    1.25213874E+0000
  0.08000000       0.149273348946157    1.24542101E+0000
  0.07900000       0.148729324204836    1.23857780E+0000
  0.07799999       0.148182088830009    1.23160651E+0000
  0.07700000       0.147631697014854    1.22450453E+0000
  0.07600000       0.147078193733918    1.21726905E+0000
  0.07500000       0.146521638959569    1.20989731E+0000
  0.07399999       0.145962090743804    1.20238644E+0000
  0.07300000       0.145399612815418    1.19473352E+0000
  0.07200000       0.144834256946764    1.18693533E+0000
  0.07099999       0.144266087104960    1.17898873E+0000
  0.07000000       0.143695165850238    1.17089037E+0000
  0.06900000       0.143121540253864    1.16263658E+0000
  0.06800000       0.142545266127087    1.15422362E+0000
  0.06699999       0.141966389708852    1.14564747E+0000
  0.06600000       0.141384954960431    1.13690388E+0000
  0.06500000       0.140800985008976    1.12798808E+0000
  0.06400000       0.140214507066195    1.11889517E+0000
  0.06299999       0.139625534229099    1.10961976E+0000
  0.06200000       0.139034071343743    1.10015610E+0000
  0.06100000       0.138440107979808    1.09049789E+0000
  0.05999999       0.137843622622306    1.08063834E+0000
  0.05900000       0.137244589446802    1.07057026E+0000
  0.05799999       0.136642963007731    1.06028573E+0000
  0.05700000       0.136038696507886    1.04977642E+0000
  0.05599999       0.135431724378450    1.03903320E+0000
  0.05500000       0.134821980848979    1.02804645E+0000
  0.05400000       0.134209384737541    1.01680576E+0000
  0.05300000       0.133593846842688    1.00529996E+0000
  0.05200000       0.132975277686671    9.93517236E-0001
  0.05100000       0.132353572585029    9.81444812E-0001
  0.05000000       0.131728631815694    9.69069234E-0001
  0.04899999       0.131100344713930    9.56376017E-0001
  0.04800000       0.130468612146788    9.43350017E-0001
  0.04699999       0.129833333150089    9.29975094E-0001
  0.04600000       0.129194430812419    9.16234587E-0001
  0.04499999       0.128551842063874    9.02111038E-0001
  0.04400000       0.127905546802683    8.87586781E-0001
  0.04299999       0.127255559547066    8.72643724E-0001
  0.04200000       0.126601959217920    8.57264017E-0001
  0.04099999       0.125944878690176    8.41429819E-0001
  0.04000000       0.125284530035598    8.25123923E-0001
  0.03900000       0.124621188375218    8.08329414E-0001
  0.03800000       0.123955193722930    7.91029739E-0001
  0.03700000       0.123286945293034    7.73208601E-0001
  0.03599999       0.122616862380225    7.54848913E-0001
  0.03500000       0.121945374040069    7.35932416E-0001
  0.03399999       0.121272861757719    7.16437879E-0001
  0.03300000       0.120599638011654    6.96340109E-0001
  0.03199999       0.119925885566687    6.75607588E-0001
  0.03100000       0.119251643450851    6.54201230E-0001
  0.03000000       0.118576765282352    6.32072023E-0001
  0.02900000       0.117900921653787    6.09159757E-0001
  0.02800000       0.117223586844770    5.85390994E-0001
  0.02700000       0.116544024618042    5.60676619E-0001
  0.02599999       0.115861255961195    5.34908252E-0001
  0.02499999       0.115174028716628    5.07954041E-0001
  0.02399999       0.114480865687163    4.79656806E-0001
  0.02299999       0.113780347331674    4.49841814E-0001
  0.02199999       0.113071839999408    4.18346123E-0001
  0.02099999       0.112356810990874    3.85082101E-0001
  0.01999999       0.111640549045587    3.50136149E-0001
  0.01899999       0.110933528296425    3.13874272E-0001
  0.01799999       0.110251223760125    2.76992142E-0001
  0.01699999       0.109611708228457    2.40452551E-0001
  0.01600000       0.109031976903453    2.05327130E-0001
  0.01499999       0.108525017941157    1.72635694E-0001
  0.01399999       0.108098555535346    1.43245570E-0001
  0.01299999       0.107754524993642    1.17787420E-0001
  0.01199999       0.107488671055373    9.65472980E-0002
  0.01099999       0.107291133749267    7.93984128E-0002
  0.00999999       0.107148675372126    6.58570143E-0002
  0.00899999       0.107047544184516    5.52339383E-0002
  0.00799999       0.106975502694305    4.67759816E-0002
  0.00699999       0.106922557924192    3.97281401E-0002
  0.00599999       0.106880901961388    3.33226753E-0002
  0.00499999       0.106844790904870    2.67481365E-0002
  0.00399999       0.106811024426243    1.92211025E-0002
  0.00299999       0.106780709371624    1.05416922E-0002
  0.00199999       0.106760988033990    2.75556947E-0003
  0.00099999       0.106756425628343    3.51718053E-0005
