   7.045921986319854    1.03348090E+0000
   7.055079346237890    7.31962516E-0001
   7.055640567587172    7.47749868E-0001
   7.056701258463780    3.11409336E-0001
   7.056897740737416    4.70616792E-0001
   7.057200640830516    9.52136543E-0001
   7.063455468578586    1.20777439E+0000
   7.065035378948184    6.41276075E-0001
   7.065699204622806    6.57668220E-0001
   7.065959152980684    2.21400274E-0001
   7.066093059817638    6.67591234E-0001
   7.066705181706786    2.04993414E+0000
   7.067074648002072    1.38595677E+0000
   7.068413270658234    4.86108523E-0001
   7.073002991247600    1.44698407E+0000
   7.073250823557996    8.76410316E-0001
   7.073789871023436    5.96372440E-0001
   7.074937368956094    3.11484411E-0001
   7.074984235287012    6.24079935E-0001
   7.076302803068598    6.56166205E-0001
   7.076448556095930    3.29906367E-0001
   7.077462305486298    1.37148427E+0000
   7.077740089231614    1.73255853E+0000
   7.078094698099128    7.02430883E-0001
   7.081037945963520    3.92803856E-0001
   7.082228751642990    8.21995859E-0001
   7.082996530690674    1.26951928E+0000
   7.083141735373704    1.70206372E+0000
   7.083668628410682    4.34126663E-0001
   7.085732907601590    4.69574068E-0001
   7.088343847750770    1.03716729E+0000
   7.088846789200440    1.05719216E+0000
   7.089449208870600    1.62253102E+0000
   7.089669482293926    5.45392485E-0001
   7.089941594173482    5.51064659E-0001
   7.090135222610352    5.55136733E-0001
   7.090463575587876    5.62111008E-0001
   7.090989968606214    5.73474973E-0001
   7.091013340319172    5.73984823E-0001
   7.091409582861912    1.74809430E+0000
   7.091496346727430    1.16924720E+0000
   7.091787688238814    1.18227168E+0000
   7.091891181684408    1.78039983E+0000
   7.092034520979078    5.96709931E-0001
   7.092365105680074    2.41703108E+0000
   7.093198785263514    6.23718860E-0001
   7.094449825663398    6.54104940E-0001
   7.094758312699530    6.61822466E-0001
   7.095147469669842    1.34337632E+0000
   7.095154951767894    2.01563783E+0000
   7.095434074391652    2.03714377E+0000
   7.095727685275284    1.37334246E+0000
   7.096085008486386    6.96064306E-0001
   7.096446475079874    2.82278817E+0000
   7.097242050489294    1.45474109E+0000
   7.097263429323276    2.91184822E+0000
   7.097292478109922    7.28766546E-0001
   7.097362011869976    7.30695858E-0001
   7.098077063588610    7.50834751E-0001
   7.098297674292396    7.57159422E-0001
   7.098848461421178    7.73183421E-0001
   7.099038623812014    7.78794191E-0001
   7.099873164562266    8.03902828E-0001
   7.099982080445364    8.07238925E-0001
