   7.045921986319854    1.00000000E+0000
   7.055079346237890    1.00000000E+0000
   7.055640567587172    1.00000000E+0000
   7.056701258463780    1.00000000E+0000
   7.056897740737416    1.00000000E+0000
   7.057200640830516    1.00000000E+0000
  7.07000000    2.18818905E+0001
  7.09000000    5.61730558E+0001
  7.11000000    3.13772853E+0002
  7.13000000    1.14610528E+0003
  7.15000000    4.10162290E+0003
  7.17000000    1.46240089E+0004
  7.19000000    5.03347438E+0004
  7.21000000    1.68098424E+0005
  7.23000000    5.24050561E+0005
  7.25000000    1.63199410E+0006
  7.27000000    4.62229652E+0006
  7.29000000    1.33680972E+0007
  7.31000000    3.78343676E+0007
  7.33000000    1.07591428E+0008
  7.35000000    2.93486676E+0008
  7.37000000    7.92362691E+0008
  7.39000000    2.10791865E+0009
  7.41000000    5.46091800E+0009
  7.43000000    1.37498781E+0010
  7.45000000    3.47967516E+0010
  7.47000000    8.56284846E+0010
  7.49000000    2.05765994E+0011
  7.51000000    4.87966513E+0011
  7.53000000    1.13559499E+0012
  7.55000000    2.60453667E+0012
  7.57000000    5.85304803E+0012
  7.59000000    1.30762276E+0013
  7.61000000    2.86280397E+0013
  7.63000000    6.19582624E+0013
  7.65000000    1.31564467E+0014
  7.67000000    2.77778430E+0014
  7.69000000    5.74802908E+0014
  7.71000000    1.17782997E+0015
  7.73000000    2.40294773E+0015
  7.75000000    4.81483294E+0015
  7.77000000    9.64169432E+0015
  7.79000000    1.87971520E+0016
  7.81000000    3.65664341E+0016
  7.83000000    7.06466669E+0016
  7.85000000    1.34062899E+0017
  7.87000000    2.55110692E+0017
  7.89000000    4.76941970E+0017
  7.91000000    8.87732249E+0017
  7.93000000    1.63097745E+0018
  7.95000000    2.96062412E+0018
  7.97000000    5.35694072E+0018
  7.99000000    9.59927871E+0018
  8.01000000    1.68800483E+0019
  8.03000000    2.99148514E+0019
  8.05000000    5.22881577E+0019
  8.07000000    9.12494310E+0019
  8.09000000    1.58113261E+0020
  8.11000000    2.71253111E+0020
  8.13000000    4.65346247E+0020
  8.15000000    7.90770790E+0020
  8.17000000    1.33588148E+0021
  8.19000000    2.24048995E+0021
  8.21000000    3.69742001E+0021
  8.23000000    6.11995742E+0021
  8.25000000    1.00650555E+0022
  8.27000000    1.63861165E+0022
  8.29000000    2.68466051E+0022
  8.31000000    4.32136806E+0022
  8.33000000    7.00524727E+0022
  8.35000000    1.11970683E+0023
  8.37000000    1.78966073E+0023
  8.39000000    2.81804441E+0023
  8.41000000    4.42686137E+0023
  8.43000000    6.99654540E+0023
  8.45000000    1.09238833E+0024
  8.47000000    1.69577120E+0024
  8.49000000    2.61980816E+0024
  8.51000000    4.05307283E+0024
  8.53000000    6.19610265E+0024
  8.55000000    9.45160266E+0024
  8.57000000    1.44153592E+0025
  8.59000000    2.18958669E+0025
  8.61000000    3.28212950E+0025
  8.63000000    4.95545312E+0025
  8.65000000    7.40361355E+0025
  8.67000000    1.10099144E+0026
  8.69000000    1.63725357E+0026
  8.71000000    2.39643428E+0026
  8.73000000    3.54927175E+0026
  8.75000000    5.18337343E+0026
  8.77000000    7.63569658E+0026
  8.79000000    1.11513088E+0027
  8.81000000    1.59912611E+0027
  8.83000000    2.32747922E+0027
  8.85000000    3.32760055E+0027
  8.87000000    4.80986164E+0027
  8.89000000    6.84471895E+0027
  8.91000000    9.88973570E+0027
  8.93000000    1.38459774E+0028
  8.95000000    1.96505238E+0028
  8.97000000    2.79835083E+0028
  8.99000000    3.94801565E+0028
  9.01000000    5.53061445E+0028
  9.03000000    7.73179059E+0028
  9.05000000    1.07309377E+0029
  9.07000000    1.51088090E+0029
  9.09000000    2.09871085E+0029
  9.11000000    2.90588650E+0029
  9.13000000    4.03210468E+0029
  9.15000000    5.54006381E+0029
  9.17000000    7.65781300E+0029
  9.19000000    1.03684912E+0030
  9.21000000    1.42140932E+0030
  9.23000000    1.92735238E+0030
  9.25000000    2.66117248E+0030
  9.27000000    3.56890462E+0030
  9.29000000    4.75982808E+0030
  9.31000000    6.50967808E+0030
  9.33000000    8.69061472E+0030
  9.35000000    1.17871352E+0031
  9.37000000    1.57646545E+0031
  9.39000000    2.12517239E+0031
  9.41000000    2.84957399E+0031
  9.43000000    3.71519364E+0031
  9.45000000    5.00870435E+0031
  9.47000000    6.60029537E+0031
  9.49000000    8.71277643E+0031
  9.51000000    1.16310551E+0032
  9.53000000    1.51354981E+0032
  9.55000000    1.98852775E+0032
  9.57000000    2.62240759E+0032
  9.59000000    3.42304337E+0032
  9.61000000    4.48332733E+0032
  9.63000000    5.83518553E+0032
  9.65000000    7.54189704E+0032
  9.67000000    9.82138608E+0032
  9.69000000    1.25901114E+0033
  9.71000000    1.65985127E+0033
  9.73000000    2.13311343E+0033
  9.75000000    2.74939826E+0033
  9.77000000    3.51924580E+0033
  9.79000000    4.60106693E+0033
  9.81000000    5.88715400E+0033
  9.83000000    7.54633057E+0033
  9.85000000    9.71455635E+0033
  9.87000000    1.23395888E+0034
  9.89000000    1.55595127E+0034
  9.91000000    1.97926116E+0034
  9.93000000    2.52892876E+0034
  9.95000000    3.20409124E+0034
  9.97000000    4.06645174E+0034
  9.99000000    5.09346056E+0034
 10.01000000    6.45999677E+0034
 10.03000000    8.10665491E+0034
 10.05000000    1.03011828E+0035
 10.07000000    1.28357995E+0035
 10.09000000    1.63724058E+0035
 10.11000000    2.00387571E+0035
 10.13000000    2.52038097E+0035
 10.15000000    3.16484122E+0035
 10.17000000    3.90038985E+0035
 10.19000000    4.92772220E+0035
 10.21000000    6.13071563E+0035
 10.23000000    7.60039993E+0035
 10.25000000    9.31721088E+0035
 10.27000000    1.15901007E+0036
 10.29000000    1.42490500E+0036
 10.31000000    1.77607581E+0036
 10.33000000    2.18777319E+0036
 10.35000000    2.66779186E+0036
 10.37000000    3.31546353E+0036
 10.39000000    4.03278842E+0036
 10.41000000    4.96772733E+0036
 10.43000000    6.04621349E+0036
 10.45000000    7.46374360E+0036
 10.47000000    9.12960508E+0036
 10.49000000    1.12321376E+0037
 10.51000000    1.34726765E+0037
 10.53000000    1.63756135E+0037
 10.55000000    2.01242607E+0037
 10.57000000    2.42313182E+0037
 10.59000000    2.92547148E+0037
 10.61000000    3.53795125E+0037
 10.63000000    4.31088493E+0037
 10.65000000    5.17705046E+0037
 10.67000000    6.22824252E+0037
 10.69000000    7.45197055E+0037
 10.71000000    9.16298220E+0037
 10.73000000    1.09467272E+0038
 10.75000000    1.30498220E+0038
 10.77000000    1.58778560E+0038
 10.79000000    1.89016410E+0038
 10.81000000    2.26177352E+0038
 10.83000000    2.71762284E+0038
 10.85000000    3.21512749E+0038
 10.87000000    3.84523661E+0038
 10.89000000    4.57120727E+0038
 10.91000000    5.40334712E+0038
 10.93000000    6.42787424E+0038
 10.95000000    7.58366117E+0038
 10.97000000    9.02087125E+0038
 10.99000000    1.05874524E+0039
 11.01000000    1.29054405E+0039
 11.03000000    1.53121581E+0039
 11.05000000    1.79090759E+0039
 11.07000000    2.12653887E+0039
 11.09000000    2.50950959E+0039
 11.11000000    2.92259184E+0039
 11.13000000    3.44889091E+0039
 11.15000000    4.01636764E+0039
 11.17000000    4.79731149E+0039
 11.19000000    5.56036487E+0039
 11.21000000    6.55684272E+0039
 11.23000000    7.54355071E+0039
 11.25000000    8.80403616E+0039
 11.27000000    1.03210498E+0040
 11.29000000    1.21549931E+0040
 11.31000000    1.43047136E+0040
 11.33000000    1.64962959E+0040
 11.35000000    1.94366019E+0040
 11.37000000    2.25880904E+0040
 11.39000000    2.61419636E+0040
 11.41000000    3.04895585E+0040
 11.43000000    3.50507440E+0040
 11.45000000    4.10680784E+0040
 11.47000000    4.71096037E+0040
 11.49000000    5.37305458E+0040
 11.51000000    6.23664386E+0040
 11.53000000    7.38027722E+0040
 11.55000000    8.31832530E+0040
 11.57000000    9.62212989E+0040
 11.59000000    1.09360691E+0041
 11.61000000    1.26424597E+0041
 11.63000000    1.48629888E+0041
 11.65000000    1.66551572E+0041
 11.67000000    1.91228421E+0041
 11.69000000    2.19067382E+0041
 11.71000000    2.49791813E+0041
 11.73000000    2.94214768E+0041
 11.75000000    3.31492217E+0041
 11.77000000    3.80273723E+0041
 11.79000000    4.36457691E+0041
 11.81000000    4.93755534E+0041
 11.83000000    5.64290796E+0041
 11.85000000    6.36441957E+0041
 11.87000000    7.31279088E+0041
 11.89000000    8.31353712E+0041
 11.91000000    9.40802977E+0041
 11.93000000    1.06206873E+0042
 11.95000000    1.19372886E+0042
 11.97000000    1.35886210E+0042
 11.99000000    1.51446189E+0042
 12.01000000    1.73564305E+0042
 12.03000000    1.93624844E+0042
 12.05000000    2.18503581E+0042
 12.07000000    2.47207293E+0042
 12.09000000    2.77541001E+0042
 12.11000000    3.05573735E+0042
 12.13000000    3.48267112E+0042
 12.15000000    4.02100338E+0042
 12.17000000    4.48967393E+0042
 12.19000000    5.05120346E+0042
 12.21000000    5.69680185E+0042
 12.23000000    6.34542705E+0042
 12.25000000    7.04817227E+0042
 12.27000000    7.93714204E+0042
 12.29000000    8.76083741E+0042
 12.31000000    9.80849160E+0042
 12.33000000    1.10435890E+0043
 12.35000000    1.21363214E+0043
 12.37000000    1.35333459E+0043
 12.39000000    1.49716496E+0043
 12.41000000    1.63304920E+0043
 12.43000000    1.82879869E+0043
 12.45000000    2.03494034E+0043
 12.47000000    2.22260179E+0043
 12.49000000    2.50171454E+0043
 12.51000000    2.74352382E+0043
 12.53000000    2.97015552E+0043
 12.55000000    3.32272144E+0043
 12.57000000    3.70149403E+0043
 12.59000000    4.14567877E+0043
 12.61000000    4.60150036E+0043
 12.63000000    5.04606087E+0043
 12.65000000    5.54700342E+0043
 12.67000000    6.09194079E+0043
 12.69000000    6.63695153E+0043
 12.71000000    7.28866916E+0043
 12.73000000    8.01039102E+0043
 12.75000000    8.70122098E+0043
 12.77000000    9.54319523E+0043
 12.79000000    1.05443205E+0044
 12.81000000    1.14597298E+0044
 12.83000000    1.23308276E+0044
 12.85000000    1.33143547E+0044
 12.87000000    1.46966890E+0044
 12.89000000    1.56126203E+0044
 12.91000000    1.69524551E+0044
 12.93000000    1.85606003E+0044
 12.95000000    2.03988911E+0044
 12.97000000    2.17843116E+0044
 12.99000000    2.37948400E+0044
 13.01000000    2.61128079E+0044
 13.03000000    2.80876840E+0044
 13.05000000    2.98651180E+0044
 13.07000000    3.28485277E+0044
 13.09000000    3.52854408E+0044
 13.11000000    3.83407581E+0044
 13.13000000    4.14219326E+0044
 13.15000000    4.47172015E+0044
 13.17000000    4.73447406E+0044
 13.19000000    5.10351019E+0044
 13.21000000    5.53361723E+0044
 13.23000000    5.93684859E+0044
 13.25000000    6.27177208E+0044
 13.27000000    6.82310856E+0044
 13.29000000    7.19444839E+0044
 13.31000000    7.59207382E+0044
 13.33000000    8.37857111E+0044
 13.35000000    9.05497356E+0044
 13.37000000    9.55260374E+0044
 13.39000000    1.03935456E+0045
 13.41000000    1.06925556E+0045
 13.43000000    1.16449137E+0045
 13.45000000    1.22557578E+0045
 13.47000000    1.28052266E+0045
 13.49000000    1.34321816E+0045
 13.51000000    1.45548368E+0045
 13.53000000    1.56734840E+0045
 13.55000000    1.72358515E+0045
 13.57000000    1.77231034E+0045
 13.59000000    1.85981255E+0045
 13.61000000    2.00691152E+0045
 13.63000000    2.11002545E+0045
 13.65000000    2.17508566E+0045
 13.67000000    2.35773794E+0045
 13.69000000    2.49666523E+0045
 13.71000000    2.53737617E+0045
 13.73000000    2.83286181E+0045
 13.75000000    2.81303995E+0045
 13.77000000    3.01159460E+0045
 13.79000000    3.12335159E+0045
 13.81000000    3.27915263E+0045
 13.83000000    3.48653267E+0045
 13.85000000    3.72847852E+0045
 13.87000000    3.95016717E+0045
 13.89000000    4.06090373E+0045
 13.91000000    4.32880071E+0045
 13.93000000    4.58782966E+0045
 13.95000000    4.68519995E+0045
 13.97000000    4.97132475E+0045
 13.99000000    5.39825540E+0045
 14.01000000    5.25936269E+0045
 14.03000000    5.64514853E+0045
 14.05000000    5.98609388E+0045
 14.07000000    6.07059776E+0045
 14.09000000    6.30243912E+0045
 14.11000000    6.76555120E+0045
 14.13000000    6.98045719E+0045
 14.15000000    7.39950904E+0045
 14.17000000    7.18920674E+0045
 14.19000000    7.51079335E+0045
 14.21000000    7.73818326E+0045
 14.23000000    8.65815720E+0045
 14.25000000    8.69733385E+0045
 14.27000000    8.63046385E+0045
 14.29000000    9.88609581E+0045
 14.31000000    1.01340987E+0046
 14.33000000    1.00249207E+0046
 14.35000000    1.06648154E+0046
 14.37000000    1.11146769E+0046
 14.39000000    1.07650386E+0046
 14.41000000    1.19345035E+0046
 14.43000000    1.24889645E+0046
 14.45000000    1.20714416E+0046
 14.47000000    1.33410062E+0046
 14.49000000    1.38538825E+0046
 14.51000000    1.61102733E+0046
 14.53000000    1.45426927E+0046
 14.55000000    1.38941583E+0046
 14.57000000    1.61024401E+0046
 14.59000000    1.47688025E+0046
 14.61000000    1.86537730E+0046
 14.63000000    1.56857870E+0046
 14.65000000    1.67163526E+0046
 14.67000000    1.92955130E+0046
 14.69000000    1.86025190E+0046
 14.71000000    2.02246702E+0046
 14.73000000    1.93961195E+0046
 14.75000000    1.71488217E+0046
 14.77000000    2.23367314E+0046
 14.79000000    1.94495014E+0046
 14.81000000    1.62590569E+0046
 14.83000000    2.01009561E+0046
 14.85000000    1.78393120E+0046
 14.87000000    2.34353928E+0046
 14.89000000    2.05556468E+0046
 14.91000000    2.31718522E+0046
 14.93000000    2.86216643E+0046
 14.95000000    2.16428307E+0046
 14.97000000    2.82121877E+0046
 14.99000000    2.84680465E+0046
 15.01000000    2.32219938E+0046
 15.03000000    1.90412350E+0046
 15.05000000    3.75128928E+0046
 15.07000000    3.13464128E+0046
 15.09000000    2.57029788E+0046
 15.11000000    2.22309266E+0046
 15.13000000    1.77442579E+0046
 15.15000000    1.96104378E+0046
 15.17000000    2.66743214E+0046
 15.19000000    2.57947233E+0046
 15.21000000    2.03625566E+0046
 15.23000000    2.70049269E+0046
 15.25000000    3.73063230E+0046
 15.27000000    5.22244949E+0046
 15.29000000    2.73396281E+0046
 15.31000000    2.68577435E+0046
 15.33000000    2.22617987E+0046
 15.35000000    5.33066967E+0046
 15.37000000    4.53177020E+0045
 15.39000000    2.00335226E+0046
 15.41000000    4.42809330E+0046
 15.43000000    6.11725006E+0046
 15.45000000    3.38030344E+0046
 15.47000000    2.98865037E+0046
 15.49000000    1.65148474E+0046
 15.51000000    7.30069160E+0046
 15.53000000    5.04282016E+0046
 15.55000000    3.34390697E+0046
 15.57000000    3.69558873E+0046
 15.59000000    2.72283802E+0046
 15.61000000    6.01840281E+0046
 15.63000000    4.98852300E+0046
 15.65000000    1.10263411E+0047
 15.69000000    4.48920095E+0046
 15.71000000    2.48066717E+0046
 15.73000000    5.48312243E+0046
 15.77000000    3.34855043E+0046
 15.83000000    4.52007029E+0046
 15.85000000    4.99545023E+0046
 15.87000000    5.52082632E+0046
 15.93000000    7.45233605E+0046
 15.95000000    8.23610505E+0046
 15.99000000    1.00596014E+0047
 16.01000000    1.11175790E+0047
 16.07000000    1.50071618E+0047
 16.09000000    1.65854788E+0047
 16.13000000    2.02575496E+0047
 16.15000000    2.23880547E+0047
 16.29000000    4.50840058E+0047
