  0.12454545     -4.38989401      5.49752611      0.39891508E-09      0.46037636E-21      4.11000000
  0.12878788     -4.38989401      5.49752611      0.86126499E-09      0.99396102E-21      4.25000000
  0.13000000     -4.38989401      5.49752611      0.10730961E-08      0.12384291E-20      4.29000000
  0.13060606     -4.38989401      5.49752611      0.11978143E-08      0.13823629E-20      4.31000000
  0.13121212     -4.08886402      5.49752611      0.26740555E-08      0.30860501E-20      4.33000000
  0.13181818     -4.38989401      5.49752611      0.14924209E-08      0.17223598E-20      4.35000000
  0.13242424     -4.08886402      5.49752611      0.33317486E-08      0.38450747E-20      4.37000000
  0.13303030     -4.08886402      5.49752611      0.37189738E-08      0.42919602E-20      4.39000000
  0.13363636     -4.08886402      5.49752611      0.41512036E-08      0.47907840E-20      4.41000000
  0.13424242     -3.69092401      5.49752611      0.11584170E-07      0.13368956E-19      4.43000000
  0.13484848     -3.61174275      5.49752611      0.15516619E-07      0.17907282E-19      4.45000000
  0.13545455     -3.43565152      5.49752611      0.25980005E-07      0.29982773E-19      4.47000000
  0.13606061     -3.78783402      5.49752611      0.12888656E-07      0.14874426E-19      4.49000000
  0.13666667     -3.31071275      5.49752611      0.43159839E-07      0.49809523E-19      4.51000000
  0.13727273     -3.61174275      5.49752611      0.24087999E-07      0.27799263E-19      4.53000000
  0.13787879     -3.13462153      5.49752611      0.80662718E-07      0.93090511E-19      4.55000000
  0.13848485     -3.21380276      5.49752611      0.75031309E-07      0.86591465E-19      4.57000000
  0.13909091     -3.08886402      5.49752611      0.11166888E-06      0.12887383E-18      4.59000000
  0.13969697     -2.87138009      5.49752611      0.20566813E-06      0.23735565E-18      4.61000000
  0.14030303     -2.89853234      5.49752611      0.21565804E-06      0.24888471E-18      4.63000000
  0.14090909     -2.67389069      5.49752611      0.40379247E-06      0.46600521E-18      4.65000000
  0.14151515     -2.56381923      5.49752611      0.58073845E-06      0.67021345E-18      4.67000000
  0.14212121     -2.48680403      5.49752611      0.77401020E-06      0.89326279E-18      4.69000000
  0.14272727     -2.41676616      5.49752611      0.10151623E-05      0.11715694E-17      4.71000000
  0.14333333     -2.43085263      5.49752611      0.10969830E-05      0.12659964E-17      4.73000000
  0.14393939     -2.33681557      5.49752611      0.15205050E-05      0.17547709E-17      4.75000000
  0.14454545     -2.25635510      5.49752611      0.20426748E-05      0.23573920E-17      4.77000000
  0.14515152     -2.15436558      5.49752611      0.28836309E-05      0.33279150E-17      4.79000000
  0.14575758     -2.06767472      5.49752611      0.39298993E-05      0.45353832E-17      4.81000000
  0.14636364     -2.04158917      5.49752611      0.46581973E-05      0.53758908E-17      4.83000000
  0.14696970     -1.97159271      5.49752611      0.61089314E-05      0.70501410E-17      4.85000000
  0.14757576     -1.93352798      5.49752611      0.74435633E-05      0.85904011E-17      4.87000000
  0.14818182     -1.90275563      5.49752611      0.89187530E-05      0.10292875E-16      4.89000000
  0.14878788     -1.78892110      5.49752611      0.12938668E-04      0.14932143E-16      4.91000000
  0.14939394     -1.74545545      5.49752611      0.15962692E-04      0.18422081E-16      4.93000000
  0.15000000     -1.66561815      5.49752611      0.21413829E-04      0.24713081E-16      4.95000000
  0.15060606     -1.63861490      5.49752611      0.25435981E-04      0.29354930E-16      4.97000000
  0.15121212     -1.56511756      5.49752611      0.33627666E-04      0.38808718E-16      4.99000000
  0.15181818     -1.52242653      5.49752611      0.41413189E-04      0.47793764E-16      5.01000000
  0.15242424     -1.43324544      5.49752611      0.56763696E-04      0.65509340E-16      5.03000000
  0.15303030     -1.39119888      5.49752611      0.69802043E-04      0.80556519E-16      5.05000000
  0.15363636     -1.35246752      5.49752611      0.85182502E-04      0.98306663E-16      5.07000000
  0.15424242     -1.26604238      5.49752611      0.11601828E-03      0.13389335E-15      5.09000000
  0.15484848     -1.26052643      5.49752611      0.13115755E-03      0.15136513E-15      5.11000000
  0.15545455     -1.17904063      5.49752611      0.17661598E-03      0.20382740E-15      5.13000000
  0.15606061     -1.15537672      5.49752611      0.20818279E-03      0.24025773E-15      5.15000000
  0.15666667     -1.09697373      5.49752611      0.26582677E-03      0.30678298E-15      5.17000000
  0.15727273     -1.06726131      5.49752611      0.31773278E-03      0.36668622E-15      5.19000000
  0.15787879     -1.00589923      5.49752611      0.40848397E-03      0.47141954E-15      5.21000000
  0.15848485     -0.96944317      5.49752611      0.49588616E-03      0.57228788E-15      5.23000000
  0.15909091     -0.93186083      5.49752611      0.60355275E-03      0.69654277E-15      5.25000000
  0.15969697     -0.88257797      5.49752611      0.75465594E-03      0.87092660E-15      5.27000000
  0.16030303     -0.86549788      5.49752611      0.87615306E-03      0.10111429E-14      5.29000000
  0.16090909     -0.82169229      5.49752611      0.10817739E-02      0.12484439E-14      5.31000000
  0.16151515     -0.79176038      5.49752611      0.12936575E-02      0.14929727E-14      5.33000000
  0.16212121     -0.75713314      5.49752611      0.15638585E-02      0.18048039E-14      5.35000000
  0.16272727     -0.71964817      5.49752611      0.19029761E-02      0.21961696E-14      5.37000000
  0.16333333     -0.68181322      5.49752611      0.23174970E-02      0.26745563E-14      5.39000000
  0.16393939     -0.65214494      5.49752611      0.27697359E-02      0.31964721E-14      5.41000000
  0.16454545     -0.62744053      5.49752611      0.32726056E-02      0.37768195E-14      5.43000000
  0.16515152     -0.59387506      5.49752611      0.39464813E-02      0.45545199E-14      5.45000000
  0.16575758     -0.55211624      5.49752611      0.48497547E-02      0.55969617E-14      5.47000000
  0.16636364     -0.52824014      5.49752611      0.57193514E-02      0.66005381E-14      5.49000000
  0.16696970     -0.50948062      5.49752611      0.66658756E-02      0.76928943E-14      5.51000000
  0.16757576     -0.47433591      5.49752611      0.80677573E-02      0.93107654E-14      5.53000000
  0.16818182     -0.45388323      5.49752611      0.94396611E-02      0.10894040E-13      5.55000000
  0.16878788     -0.43512103      5.49752611      0.11001946E-01      0.12697028E-13      5.57000000
  0.16939394     -0.41386519      5.49752611      0.12896630E-01      0.14883628E-13      5.59000000
  0.17000000     -0.38133642      5.49752611      0.15515148E-01      0.17905584E-13      5.61000000
  0.17060606     -0.36887021      5.49752611      0.17822682E-01      0.20568641E-13      5.63000000
  0.17121212     -0.34720040      5.49752611      0.20911913E-01      0.24133834E-13      5.65000000
  0.17181818     -0.31900686      5.49752611      0.24907962E-01      0.28745559E-13      5.67000000
  0.17242424     -0.30165157      5.49752611      0.28936393E-01      0.33394655E-13      5.69000000
  0.17303030     -0.27876598      5.49752611      0.34047160E-01      0.39292843E-13      5.71000000
  0.17363636     -0.27106737      5.49752611      0.38683915E-01      0.44643987E-13      5.73000000
  0.17424242     -0.24963746      5.49752611      0.45363988E-01      0.52353267E-13      5.75000000
  0.17484848     -0.23126017      5.49752611      0.52824990E-01      0.60963794E-13      5.77000000
  0.17545455     -0.21682436      5.49752611      0.60957358E-01      0.70349124E-13      5.79000000
  0.17606061     -0.20361593      5.49752611      0.70143183E-01      0.80950219E-13      5.81000000
  0.17666667     -0.19109951      5.49752611      0.80584739E-01      0.93000517E-13      5.83000000
  0.17727273     -0.18225965      5.49752611      0.91800187E-01      0.10594394E-12      5.85000000
  0.17787879     -0.16748971      5.49752611      0.10601429E+00      0.12234803E-12      5.87000000
  0.17848485     -0.16187884      5.49752611      0.11987433E+00      0.13834349E-12      5.89000000
  0.17909091     -0.14712905      5.49752611      0.13842894E+00      0.15975683E-12      5.91000000
  0.17969697     -0.14111180      5.49752611      0.15667332E+00      0.18081214E-12      5.93000000
  0.18030303     -0.13166394      5.49752611      0.17872849E+00      0.20626539E-12      5.95000000
  0.18090909     -0.12251108      5.49752611      0.20374997E+00      0.23514195E-12      5.97000000
  0.18151515     -0.11315657      5.49752611      0.23238226E+00      0.26818565E-12      5.99000000
  0.18212121     -0.10836071      5.49752611      0.26227068E+00      0.30267901E-12      6.01000000
  0.18272727     -0.10480953      5.49752611      0.29515615E+00      0.34063117E-12      6.03000000
  0.18333333     -0.10586958      5.49752611      0.32865684E+00      0.37929336E-12      6.05000000
  0.18393939     -0.09509725      5.49752611      0.37606760E+00      0.43400875E-12      6.07000000
  0.18454545     -0.09648727      5.49752611      0.41843385E+00      0.48290240E-12      6.09000000
  0.18515152     -0.09180545      5.49752611      0.47212775E+00      0.54486899E-12      6.11000000
  0.18575758     -0.09029956      5.49752611      0.52883029E+00      0.61030775E-12      6.13000000
  0.18636364     -0.09064828      5.49752611      0.58981866E+00      0.68069266E-12      6.15000000
  0.18696970     -0.09169616      5.49752611      0.65678245E+00      0.75797363E-12      6.17000000
  0.18757576     -0.08873375      5.49752611      0.73813339E+00      0.85185840E-12      6.19000000
  0.18818182     -0.09115008      5.49752611      0.81934994E+00      0.94558808E-12      6.21000000
  0.18878788     -0.09198038      5.49752611      0.91283027E+00      0.10534710E-11      6.23000000
  0.18939394     -0.09728357      5.49752611      0.10065555E+01      0.11616366E-11      6.25000000
  0.19000000     -0.09954772      5.49752611      0.11176981E+01      0.12899030E-11      6.27000000
  0.19060606     -0.10781595      5.49752611      0.12240726E+01      0.14126668E-11      6.29000000
  0.19121212     -0.11446748      5.49752611      0.13455708E+01      0.15528843E-11      6.31000000
  0.19181818     -0.11867992      5.49752611      0.14874590E+01      0.17166335E-11      6.33000000
  0.19242424     -0.12422732      5.49752611      0.16392626E+01      0.18918255E-11      6.35000000
  0.19303030     -0.12977490      5.49752611      0.18065577E+01      0.20848960E-11      6.37000000
  0.19363636     -0.14054890      5.49752611      0.19671105E+01      0.22701853E-11      6.39000000
  0.19424242     -0.14376489      5.49752611      0.21795341E+01      0.25153373E-11      6.41000000
  0.19484848     -0.15656785      5.49752611      0.23621725E+01      0.27261150E-11      6.43000000
  0.19545455     -0.16435213      5.49752611      0.25898716E+01      0.29888959E-11      6.45000000
  0.19606061     -0.17241006      5.49752611      0.28377309E+01      0.32749432E-11      6.47000000
  0.19666667     -0.18726949      5.49752611      0.30609954E+01      0.35326063E-11      6.49000000
  0.19727273     -0.19931022      5.49752611      0.33233253E+01      0.38353537E-11      6.51000000
  0.19787879     -0.21487534      5.49752611      0.35789748E+01      0.41303914E-11      6.53000000
  0.19848485     -0.22417498      5.49752611      0.39102985E+01      0.45127624E-11      6.55000000
  0.19909091     -0.23821778      5.49752611      0.42258884E+01      0.48769756E-11      6.57000000
  0.19969697     -0.25444333      5.49752611      0.45440528E+01      0.52441600E-11      6.59000000
  0.20030303     -0.26330810      5.49752611      0.49696923E+01      0.57353782E-11      6.61000000
  0.20090909     -0.27381786      5.49752611      0.54146532E+01      0.62488948E-11      6.63000000
  0.20151515     -0.29755944      5.49752611      0.57224232E+01      0.66040832E-11      6.65000000
  0.20212121     -0.31804881      5.49752611      0.60931450E+01      0.70319224E-11      6.67000000
  0.20272727     -0.32539860      5.49752611      0.66871741E+01      0.77174742E-11      6.69000000
  0.20333333     -0.34798837      5.49752611      0.70860427E+01      0.81777970E-11      6.71000000
  0.20393939     -0.35961820      5.49752611      0.77006048E+01      0.88870453E-11      6.73000000
  0.20454545     -0.37921254      5.49752611      0.82163967E+01      0.94823059E-11      6.75000000
  0.20515152     -0.40071128      5.49752611      0.87283784E+01      0.10073169E-10      6.77000000
  0.20575758     -0.42535157      5.49752611      0.92054322E+01      0.10623723E-10      6.79000000
  0.20636364     -0.45177474      5.49752611      0.96687853E+01      0.11158466E-10      6.81000000
  0.20696970     -0.46597680      5.49752611      0.10445296E+02      0.12054614E-10      6.83000000
  0.20757576     -0.48702123      5.49752611      0.11107779E+02      0.12819167E-10      6.85000000
  0.20818182     -0.51177454      5.49752611      0.11711832E+02      0.13516287E-10      6.87000000
  0.20878788     -0.52847909      5.49752611      0.12579726E+02      0.14517898E-10      6.89000000
  0.20939394     -0.55035310      5.49752611      0.13352054E+02      0.15409219E-10      6.91000000
  0.21000000     -0.57551320      5.49752611      0.14064972E+02      0.16231978E-10      6.93000000
  0.21060606     -0.60549071      5.49752611      0.14652519E+02      0.16910048E-10      6.95000000
  0.21121212     -0.63761504      5.49752611      0.15189338E+02      0.17529576E-10      6.97000000
  0.21181818     -0.65830524      5.49752611      0.16165888E+02      0.18656584E-10      6.99000000
  0.21242424     -0.67514525      5.49752611      0.17358431E+02      0.20032863E-10      7.01000000
  0.21303030     -0.71788859      5.49752611      0.17559738E+02      0.20265186E-10      7.03000000
  0.21363636     -0.73331674      5.49752611      0.18916500E+02      0.21830986E-10      7.05000000
  0.21424242     -0.76160729      5.49752611      0.19783409E+02      0.22831461E-10      7.07000000
  0.21484848     -0.78147498      5.49752611      0.21095234E+02      0.24345399E-10      7.09000000
  0.21545455     -0.81563117      5.49752611      0.21766022E+02      0.25119537E-10      7.11000000
  0.21606061     -0.83058600      5.49752611      0.23473354E+02      0.27089919E-10      7.13000000
  0.21666667     -0.85510667      5.49752611      0.24763120E+02      0.28578401E-10      7.15000000
  0.21727273     -0.90988708      5.49752611      0.24365531E+02      0.28119554E-10      7.17000000
  0.21787879     -0.91830897      5.49752611      0.26675028E+02      0.30784879E-10      7.19000000
  0.21848485     -0.96240790      5.49752611      0.26900284E+02      0.31044840E-10      7.21000000
  0.21909091     -1.00464533      5.49752611      0.27243966E+02      0.31441474E-10      7.23000000
  0.21969697     -1.03771150      5.49752611      0.28180914E+02      0.32522778E-10      7.25000000
  0.22030303     -1.06171835      5.49752611      0.29764536E+02      0.34350391E-10      7.27000000
  0.22090909     -1.08518811      5.49752611      0.31476053E+02      0.36325603E-10      7.29000000
  0.22151515     -1.12248760      5.49752611      0.32242721E+02      0.37210392E-10      7.31000000
  0.22212121     -1.15386088      5.49752611      0.33481839E+02      0.38640423E-10      7.33000000
  0.22272727     -1.19096215      5.49752611      0.34313020E+02      0.39599664E-10      7.35000000
  0.22333333     -1.22524381      5.49752611      0.35393881E+02      0.40847055E-10      7.37000000
  0.22393939     -1.27030826      5.49752611      0.35613499E+02      0.41100510E-10      7.39000000
  0.22454545     -1.27494959      5.49752611      0.39330025E+02      0.45389644E-10      7.41000000
  0.22515152     -1.32506181      5.49752611      0.39116763E+02      0.45143525E-10      7.43000000
  0.22575758     -1.36010456      5.49752611      0.40278294E+02      0.46484014E-10      7.45000000
  0.22636364     -1.39601711      5.49752611      0.41391333E+02      0.47768541E-10      7.47000000
  0.22696970     -1.43661766      5.49752611      0.42078453E+02      0.48561526E-10      7.49000000
  0.22757576     -1.43516924      5.49752611      0.47125839E+02      0.54386569E-10      7.51000000
  0.22818182     -1.49724299      5.49752611      0.45596997E+02      0.52622176E-10      7.53000000
  0.22878788     -1.53075573      5.49752611      0.47116652E+02      0.54375965E-10      7.55000000
  0.22939394     -1.57898973      5.49752611      0.47064269E+02      0.54315512E-10      7.57000000
  0.23000000     -1.60031332      5.49752611      0.50017115E+02      0.57723306E-10      7.59000000
  0.23060606     -1.66643833      5.49752611      0.47945133E+02      0.55332092E-10      7.61000000
  0.23121212     -1.70684697      5.49752611      0.48762593E+02      0.56275499E-10      7.63000000
  0.23181818     -1.71503289      5.49752611      0.53413592E+02      0.61643082E-10      7.65000000
  0.23242424     -1.77605222      5.49752611      0.51806394E+02      0.59788261E-10      7.67000000
  0.23303030     -1.80556277      5.49752611      0.54028599E+02      0.62352844E-10      7.69000000
  0.23363636     -1.87534625      5.49752611      0.51355993E+02      0.59268467E-10      7.71000000
  0.23424242     -1.93504916      5.49752611      0.49961922E+02      0.57659609E-10      7.73000000
  0.23484848     -1.99369468      5.49752611      0.48724178E+02      0.56231165E-10      7.75000000
  0.23545455     -1.98849346      5.49752611      0.55042308E+02      0.63522737E-10      7.77000000
  0.23606061     -2.01698201      5.49752611      0.57538561E+02      0.66403590E-10      7.79000000
  0.23666667     -2.06151443      5.49752611      0.57966553E+02      0.66897523E-10      7.81000000
  0.23727273     -2.11114042      5.49752611      0.57716821E+02      0.66609314E-10      7.83000000
  0.23787879     -2.16978592      5.49752611      0.56286961E+02      0.64959155E-10      7.85000000
  0.23848485     -2.21380276      5.49752611      0.56773003E+02      0.65520081E-10      7.87000000
  0.23909091     -2.25956025      5.49752611      0.57034191E+02      0.65821510E-10      7.89000000
  0.23969697     -2.16200733      5.49752611      0.79696475E+02      0.91975397E-10      7.91000000
  0.24030303     -2.29998890      5.49752611      0.64745329E+02      0.74720713E-10      7.93000000
  0.24090909     -2.32543601      5.49752611      0.68157278E+02      0.78658344E-10      7.95000000
  0.24151515     -2.48140901      5.49752611      0.53123924E+02      0.61308785E-10      7.97000000
  0.24212121     -2.48680403      5.49752611      0.58566062E+02      0.67589399E-10      7.99000000
  0.24272727     -2.54479598      5.49752611      0.57201180E+02      0.66014227E-10      8.01000000
  0.24333333     -2.50908043      5.49752611      0.69322056E+02      0.80002581E-10      8.03000000
  0.24393939     -2.60456419      5.49752611      0.62106718E+02      0.71675568E-10      8.05000000
  0.24454545     -2.57035009      5.49752611      0.75007310E+02      0.86563767E-10      8.07000000
  0.24515152     -2.70865276      5.49752611      0.60890820E+02      0.70272335E-10      8.09000000
  0.24575758     -2.70865276      5.49752611      0.67967724E+02      0.78439585E-10      8.11000000
  0.24636364     -2.76664472      5.49752611      0.66383733E+02      0.76611547E-10      8.13000000
  0.24696970     -2.70865276      5.49752611      0.84684619E+02      0.97732070E-10      8.15000000
  0.24757576     -2.87138009      5.49752611      0.64987244E+02      0.74999899E-10      8.17000000
  0.24818182     -2.89853234      5.49752611      0.68143866E+02      0.78642865E-10      8.19000000
  0.24878788     -2.94273600      5.49752611      0.68702734E+02      0.79287839E-10      8.21000000
  0.24939394     -3.04747133      5.49752611      0.60254515E+02      0.69537993E-10      8.23000000
  0.25000000     -3.00968276      5.49752611      0.73371782E+02      0.84676252E-10      8.25000000
  0.25060606     -3.13462153      5.49752611      0.61424439E+02      0.70888170E-10      8.27000000
  0.25121212     -3.24376599      5.49752611      0.53327060E+02      0.61543218E-10      8.29000000
  0.25181818     -3.27595069      5.49752611      0.55273104E+02      0.63789091E-10      8.31000000
  0.25242424     -3.21380276      5.49752611      0.71188966E+02      0.82157127E-10      8.33000000
  0.25303030     -3.21380276      5.49752611      0.79462750E+02      0.91705662E-10      8.35000000
  0.25363636     -3.27595069      5.49752611      0.76871715E+02      0.88715424E-10      8.37000000
  0.25424242     -3.48680402      5.49752611      0.52803673E+02      0.60939193E-10      8.39000000
  0.25484848     -3.18577403      5.49752611      0.11788133E+03      0.13604344E-09      8.41000000
  0.25545455     -3.48680402      5.49752611      0.65790918E+02      0.75927396E-10      8.43000000
  0.25606061     -3.43565152      5.49752611      0.82616987E+02      0.95345876E-10      8.45000000
  0.25666667     -3.43565152      5.49752611      0.92218968E+02      0.10642724E-09      8.47000000
  0.25727273     -3.54479599      5.49752611      0.80062049E+02      0.92397295E-10      8.49000000
  0.25787879     -3.69092401      5.49752611      0.63833635E+02      0.73668553E-10      8.51000000
  0.25848485     -4.38989401      5.49752611      0.14250513E+02      0.16446105E-10      8.53000000
  0.25909091     -4.08886402      5.49752611      0.31813495E+02      0.36715035E-10      8.55000000
  0.25969697     -3.91277274      5.49752611      0.53266427E+02      0.61473243E-10      8.57000000
  0.26030303     -3.91277274      5.49752611      0.59457202E+02      0.68617838E-10      8.59000000
  0.26090909     -4.08886402      5.49752611      0.44244990E+02      0.51061864E-10      8.61000000
  0.26151515     -4.08886402      5.49752611      0.49387268E+02      0.56996419E-10      8.63000000
  0.26212121     -4.38989401      5.49752611      0.27563599E+02      0.31810352E-10      8.65000000
  0.26272727     -4.08886402      5.49752611      0.61534236E+02      0.71014883E-10      8.67000000
  0.26333333     -4.38989401      5.49752611      0.34342960E+02      0.39634217E-10      8.69000000
  0.26454545     -3.91277274      5.49752611      0.12836919E+03      0.14814717E-09      8.73000000
  0.26515152     -4.38989401      5.49752611      0.47762873E+02      0.55121751E-10      8.75000000
  0.26575758     -4.38989401      5.49752611      0.53314010E+02      0.61528157E-10      8.77000000
  0.26636364     -4.38989401      5.49752611      0.59510315E+02      0.68679134E-10      8.79000000
  0.26696970     -3.91277274      5.49752611      0.19928033E+03      0.22998366E-09      8.81000000
  0.26757576     -4.08886402      5.49752611      0.14829416E+03      0.17114201E-09      8.83000000
  0.26818182     -4.38989401      5.49752611      0.82764666E+02      0.95516308E-10      8.85000000
  0.26878788     -4.38989401      5.49752611      0.92383811E+02      0.10661748E-09      8.87000000
  0.26939394     -4.38989401      5.49752611      0.10312092E+03      0.11900887E-09      8.89000000
  0.27000000     -4.38989401      5.49752611      0.11510593E+03      0.13284042E-09      8.91000000
  0.27303030     -4.38989401      5.49752611      0.19945834E+03      0.23018911E-09      9.01000000
  0.27424242     -4.38989401      5.49752611      0.24851581E+03      0.28680491E-09      9.05000000
