  0.13000000     -4.42767792      5.00000000      0.13214565E-08      0.15250548E-20      4.29000000
  0.13121212     -4.42767792      5.00000000      0.16140306E-08      0.18627061E-20      4.33000000
  0.13181818     -4.42767792      5.00000000      0.17837797E-08      0.20586086E-20      4.35000000
  0.13242424     -3.95055666      5.00000000      0.59141444E-08      0.68253431E-20      4.37000000
  0.13303030     -4.42767792      5.00000000      0.21787135E-08      0.25143902E-20      4.39000000
  0.13424242     -4.42767792      5.00000000      0.26610867E-08      0.30710832E-20      4.43000000
  0.13545455     -3.82561792      5.00000000      0.13001034E-07      0.15004118E-19      4.47000000
  0.13606061     -4.12664792      5.00000000      0.71841825E-08      0.82910573E-20      4.49000000
  0.13666667     -4.42767792      5.00000000      0.39698748E-08      0.45815177E-20      4.51000000
  0.13727273     -3.58257986      5.00000000      0.30711732E-07      0.35443522E-19      4.53000000
  0.13787879     -3.95055666      5.00000000      0.14546448E-07      0.16787635E-19      4.55000000
  0.13848485     -3.31373454      5.00000000      0.69664019E-07      0.80397230E-19      4.57000000
  0.13909091     -3.31373454      5.00000000      0.76990648E-07      0.88852681E-19      4.59000000
  0.13969697     -3.06595006      5.00000000      0.15054000E-06      0.17373386E-18      4.61000000
  0.14030303     -3.10545859      5.00000000      0.15190526E-06      0.17530947E-18      4.63000000
  0.14090909     -3.02973790      5.00000000      0.19985866E-06      0.23065110E-18      4.65000000
  0.14151515     -3.10545859      5.00000000      0.18553751E-06      0.21412347E-18      4.67000000
  0.14212121     -2.99631412      5.00000000      0.26363656E-06      0.30425533E-18      4.69000000
  0.14272727     -2.87137539      5.00000000      0.38848461E-06      0.44833886E-18      4.71000000
  0.14333333     -2.75558005      5.00000000      0.56052967E-06      0.64689109E-18      4.73000000
  0.14393939     -2.68731523      5.00000000      0.72492466E-06      0.83661459E-18      4.75000000
  0.14454545     -2.62833734      5.00000000      0.91769891E-06      0.10590898E-17      4.77000000
  0.14515152     -2.55261662      5.00000000      0.12073978E-05      0.13934229E-17      4.79000000
  0.14575758     -2.47828789      5.00000000      0.15834653E-05      0.18274315E-17      4.81000000
  0.14636364     -2.38628523      5.00000000      0.21629210E-05      0.24961646E-17      4.83000000
  0.14696970     -2.32730734      5.00000000      0.27380918E-05      0.31599526E-17      4.85000000
  0.14757576     -2.23455329      5.00000000      0.37465497E-05      0.43237847E-17      4.87000000
  0.14818182     -2.25449164      5.00000000      0.39547824E-05      0.45641001E-17      4.89000000
  0.14878788     -2.09121816      5.00000000      0.63653975E-05      0.73461212E-17      4.91000000
  0.14939394     -2.11592403      5.00000000      0.66458281E-05      0.76697580E-17      4.93000000
  0.15000000     -2.01437813      5.00000000      0.92794974E-05      0.10709200E-16      4.95000000
  0.15060606     -1.87500969      5.00000000      0.14135864E-04      0.16313792E-16      4.97000000
  0.15121212     -1.89365178      5.00000000      0.14966136E-04      0.17271985E-16      4.99000000
  0.15181818     -1.80339582      5.00000000      0.20360813E-04      0.23497825E-16      5.01000000
  0.15242424     -1.75743203      5.00000000      0.25014299E-04      0.28868280E-16      5.03000000
  0.15303030     -1.68573881      5.00000000      0.32607013E-04      0.37630811E-16      5.05000000
  0.15363636     -1.64306060      5.00000000      0.39757464E-04      0.45882939E-16      5.07000000
  0.15424242     -1.57580831      5.00000000      0.51297998E-04      0.59201536E-16      5.09000000
  0.15484848     -1.52950142      5.00000000      0.63072022E-04      0.72789597E-16      5.11000000
  0.15545455     -1.47634040      5.00000000      0.78782039E-04      0.90920073E-16      5.13000000
  0.15606061     -1.40073627      5.00000000      0.10362411E-03      0.11958958E-15      5.15000000
  0.15666667     -1.36698006      5.00000000      0.12377885E-03      0.14284960E-15      5.17000000
  0.15727273     -1.33042059      5.00000000      0.14881112E-03      0.17173861E-15      5.19000000
  0.15787879     -1.25187627      5.00000000      0.19706484E-03      0.22742683E-15      5.21000000
  0.15848485     -1.21923654      5.00000000      0.23478931E-03      0.27096355E-15      5.23000000
  0.15909091     -1.16665305      5.00000000      0.29288104E-03      0.33800554E-15      5.25000000
  0.15969697     -1.13875828      5.00000000      0.34515604E-03      0.39833461E-15      5.27000000
  0.16030303     -1.07510952      5.00000000      0.44166571E-03      0.50971363E-15      5.29000000
  0.16090909     -1.04135733      5.00000000      0.52756421E-03      0.60884660E-15      5.31000000
  0.16151515     -1.02062709      5.00000000      0.61155428E-03      0.70577711E-15      5.33000000
  0.16212121     -0.95859261      5.00000000      0.77964867E-03      0.89976998E-15      5.35000000
  0.16272727     -0.93241115      5.00000000      0.91518702E-03      0.10561909E-14      5.37000000
  0.16333333     -0.89086703      5.00000000      0.11129699E-02      0.12844464E-14      5.39000000
  0.16393939     -0.85842108      5.00000000      0.13254362E-02      0.15296475E-14      5.41000000
  0.16454545     -0.81574226      5.00000000      0.16160957E-02      0.18650894E-14      5.43000000
  0.16515152     -0.78640215      5.00000000      0.19108942E-02      0.22053077E-14      5.45000000
  0.16575758     -0.74870453      5.00000000      0.23033700E-02      0.26582527E-14      5.47000000
  0.16636364     -0.72369906      5.00000000      0.26964888E-02      0.31119398E-14      5.49000000
  0.16696970     -0.69191935      5.00000000      0.32063268E-02      0.37003290E-14      5.51000000
  0.16757576     -0.66537454      5.00000000      0.37668823E-02      0.43472499E-14      5.53000000
  0.16818182     -0.61744538      5.00000000      0.46487977E-02      0.53650430E-14      5.55000000
  0.16878788     -0.59395722      5.00000000      0.54232329E-02      0.62587963E-14      5.57000000
  0.16939394     -0.55703996      5.00000000      0.65253675E-02      0.75307379E-14      5.59000000
  0.17000000     -0.53126191      5.00000000      0.76526607E-02      0.88317145E-14      5.61000000
  0.17060606     -0.51737374      5.00000000      0.87323289E-02      0.10077728E-13      5.63000000
  0.17121212     -0.48275128      5.00000000      0.10451581E-01      0.12061868E-13      5.65000000
  0.17181818     -0.46022354      5.00000000      0.12165758E-01      0.14040150E-13      5.67000000
  0.17242424     -0.43530116      5.00000000      0.14239378E-01      0.16433254E-13      5.69000000
  0.17303030     -0.40706804      5.00000000      0.16793978E-01      0.19381444E-13      5.71000000
  0.17363636     -0.38514177      5.00000000      0.19521325E-01      0.22528997E-13      5.73000000
  0.17424242     -0.36959369      5.00000000      0.22360773E-01      0.25805922E-13      5.75000000
  0.17484848     -0.34697927      5.00000000      0.26033388E-01      0.30044380E-13      5.77000000
  0.17545455     -0.33254343      5.00000000      0.29743768E-01      0.34326423E-13      5.79000000
  0.17606061     -0.31080461      5.00000000      0.34559245E-01      0.39883826E-13      5.81000000
  0.17666667     -0.29295904      5.00000000      0.39795986E-01      0.45927396E-13      5.83000000
  0.17727273     -0.27879775      5.00000000      0.45439129E-01      0.52439985E-13      5.85000000
  0.17787879     -0.26133662      5.00000000      0.52278194E-01      0.60332753E-13      5.87000000
  0.17848485     -0.24540594      5.00000000      0.59935028E-01      0.69169283E-13      5.89000000
  0.17909091     -0.23374672      5.00000000      0.68040796E-01      0.78523915E-13      5.91000000
  0.17969697     -0.21426639      5.00000000      0.78646455E-01      0.90763600E-13      5.93000000
  0.18030303     -0.20097493      5.00000000      0.89618995E-01      0.10342669E-12      5.95000000
  0.18090909     -0.19866196      5.00000000      0.99573204E-01      0.11491456E-12      5.97000000
  0.18151515     -0.17914068      5.00000000      0.11510474E+00      0.13283905E-12      5.99000000
  0.18212121     -0.17322652      5.00000000      0.12895459E+00      0.14882277E-12      6.01000000
  0.18272727     -0.15720868      5.00000000      0.14787137E+00      0.17065408E-12      6.03000000
  0.18333333     -0.15038964      5.00000000      0.16600937E+00      0.19158661E-12      6.05000000
  0.18393939     -0.14135619      5.00000000      0.18732489E+00      0.21618625E-12      6.07000000
  0.18454545     -0.13784378      5.00000000      0.20870716E+00      0.24086290E-12      6.09000000
  0.18515152     -0.12458990      5.00000000      0.23780484E+00      0.27444369E-12      6.11000000
  0.18575758     -0.11877216      5.00000000      0.26635930E+00      0.30739757E-12      6.13000000
  0.18636364     -0.11545823      5.00000000      0.29662739E+00      0.34232909E-12      6.15000000
  0.18696970     -0.11135103      5.00000000      0.33093896E+00      0.38192709E-12      6.17000000
  0.18757576     -0.10776024      5.00000000      0.36878065E+00      0.42559909E-12      6.19000000
  0.18818182     -0.10343660      5.00000000      0.41164346E+00      0.47506581E-12      6.21000000
  0.18878788     -0.10374548      5.00000000      0.45461294E+00      0.52465565E-12      6.23000000
  0.18939394     -0.10378670      5.00000000      0.50237731E+00      0.57977913E-12      6.25000000
  0.19000000     -0.09962466      5.00000000      0.56055923E+00      0.64692520E-12      6.27000000
  0.19060606     -0.09858524      5.00000000      0.62099825E+00      0.71667612E-12      6.29000000
  0.19121212     -0.09929830      5.00000000      0.68518329E+00      0.79075023E-12      6.31000000
  0.19181818     -0.09850385      5.00000000      0.75863114E+00      0.87551426E-12      6.33000000
  0.19242424     -0.10205963      5.00000000      0.83158057E+00      0.95970309E-12      6.35000000
  0.19303030     -0.10790581      5.00000000      0.90675006E+00      0.10464540E-11      6.37000000
  0.19363636     -0.11009507      5.00000000      0.99707491E+00      0.11506953E-11      6.39000000
  0.19424242     -0.11145588      5.00000000      0.10984908E+01      0.12677365E-11      6.41000000
  0.19484848     -0.11383177      5.00000000      0.12073967E+01      0.13934216E-11      6.43000000
  0.19545455     -0.12869389      5.00000000      0.12894880E+01      0.14881608E-11      6.45000000
  0.19606061     -0.12701720      5.00000000      0.14306172E+01      0.16510340E-11      6.47000000
  0.19666667     -0.13358662      5.00000000      0.15573401E+01      0.17972812E-11      6.49000000
  0.19727273     -0.14396970      5.00000000      0.16804664E+01      0.19393777E-11      6.51000000
  0.19787879     -0.15312753      5.00000000      0.18184504E+01      0.20986211E-11      6.53000000
  0.19848485     -0.15572018      5.00000000      0.19977368E+01      0.23055302E-11      6.55000000
  0.19909091     -0.16770199      5.00000000      0.21477607E+01      0.24786686E-11      6.57000000
  0.19969697     -0.17645348      5.00000000      0.23262900E+01      0.26847041E-11      6.59000000
  0.20030303     -0.18132708      5.00000000      0.25422585E+01      0.29339470E-11      6.61000000
  0.20090909     -0.20061430      5.00000000      0.26875833E+01      0.31016622E-11      6.63000000
  0.20151515     -0.20702076      5.00000000      0.29267453E+01      0.33776721E-11      6.65000000
  0.20212121     -0.22548941      5.00000000      0.30998860E+01      0.35774888E-11      6.67000000
  0.20272727     -0.22998392      5.00000000      0.33906320E+01      0.39130304E-11      6.69000000
  0.20333333     -0.24979524      5.00000000      0.35801299E+01      0.41317244E-11      6.71000000
  0.20393939     -0.26009474      5.00000000      0.38639255E+01      0.44592447E-11      6.73000000
  0.20454545     -0.27707496      5.00000000      0.41065580E+01      0.47392599E-11      6.75000000
  0.20515152     -0.29337326      5.00000000      0.43712849E+01      0.50447735E-11      6.77000000
  0.20575758     -0.30497066      5.00000000      0.47037168E+01      0.54284235E-11      6.79000000
  0.20636364     -0.32617140      5.00000000      0.49507371E+01      0.57135026E-11      6.81000000
  0.20696970     -0.34413946      5.00000000      0.52496610E+01      0.60584820E-11      6.83000000
  0.20757576     -0.35934358      5.00000000      0.56021739E+01      0.64653069E-11      6.85000000
  0.20818182     -0.36732009      5.00000000      0.60786834E+01      0.70152327E-11      6.87000000
  0.20878788     -0.39955417      5.00000000      0.62374185E+01      0.71984244E-11      6.89000000
  0.20939394     -0.41450348      5.00000000      0.66601656E+01      0.76863046E-11      6.91000000
  0.21000000     -0.42546863      5.00000000      0.71771055E+01      0.82828899E-11      6.93000000
  0.21060606     -0.45399598      5.00000000      0.74276498E+01      0.85720359E-11      6.95000000
  0.21121212     -0.46935297      5.00000000      0.79236245E+01      0.91444259E-11      6.97000000
  0.21181818     -0.48181559      5.00000000      0.85092389E+01      0.98202665E-11      6.99000000
  0.21242424     -0.51519016      5.00000000      0.87085448E+01      0.10050280E-10      7.01000000
  0.21303030     -0.53231062      5.00000000      0.92524038E+01      0.10677932E-10      7.03000000
  0.21363636     -0.55979812      5.00000000      0.95983488E+01      0.11077177E-10      7.05000000
  0.21424242     -0.57361491      5.00000000      0.10275647E+02      0.11858827E-10      7.07000000
  0.21484848     -0.60767358      5.00000000      0.10499774E+02      0.12117486E-10      7.09000000
  0.21545455     -0.62806170      5.00000000      0.11071878E+02      0.12777734E-10      7.11000000
  0.21606061     -0.65469646      5.00000000      0.11508427E+02      0.13281543E-10      7.13000000
  0.21666667     -0.68088808      5.00000000      0.11974401E+02      0.13819310E-10      7.15000000
  0.21727273     -0.70876122      5.00000000      0.12411095E+02      0.14323286E-10      7.17000000
  0.21787879     -0.72070423      5.00000000      0.13344323E+02      0.15400298E-10      7.19000000
  0.21848485     -0.75217450      5.00000000      0.13716892E+02      0.15830269E-10      7.21000000
  0.21909091     -0.78078427      5.00000000      0.14193039E+02      0.16379776E-10      7.23000000
  0.21969697     -0.80380864      5.00000000      0.14875805E+02      0.17167737E-10      7.25000000
  0.22030303     -0.83439181      5.00000000      0.15322399E+02      0.17683137E-10      7.27000000
  0.22090909     -0.86076926      5.00000000      0.15935980E+02      0.18391253E-10      7.29000000
  0.22151515     -0.89658233      5.00000000      0.16217920E+02      0.18716632E-10      7.31000000
  0.22212121     -0.91499351      5.00000000      0.17179614E+02      0.19826496E-10      7.33000000
  0.22272727     -0.94580549      5.00000000      0.17686051E+02      0.20410960E-10      7.35000000
  0.22333333     -0.98613985      5.00000000      0.17812545E+02      0.20556943E-10      7.37000000
  0.22393939     -1.01354053      5.00000000      0.18482245E+02      0.21329825E-10      7.39000000
  0.22454545     -1.03427820      5.00000000      0.19473612E+02      0.22473932E-10      7.41000000
  0.22515152     -1.05697981      5.00000000      0.20425578E+02      0.23572569E-10      7.43000000
  0.22575758     -1.11762216      5.00000000      0.19631860E+02      0.22656562E-10      7.45000000
  0.22636364     -1.13586520      5.00000000      0.20804048E+02      0.24009351E-10      7.47000000
  0.22696970     -1.18662976      5.00000000      0.20455624E+02      0.23607245E-10      7.49000000
  0.22757576     -1.21416014      5.00000000      0.21218360E+02      0.24487496E-10      7.51000000
  0.22818182     -1.21309895      5.00000000      0.23507284E+02      0.27129077E-10      7.53000000
  0.22878788     -1.25800346      5.00000000      0.23427578E+02      0.27037091E-10      7.55000000
  0.22939394     -1.26511348      5.00000000      0.25471048E+02      0.29395400E-10      7.57000000
  0.23000000     -1.33636272      5.00000000      0.23890598E+02      0.27571449E-10      7.59000000
  0.23060606     -1.37229957      5.00000000      0.24306343E+02      0.28051248E-10      7.61000000
  0.23121212     -1.38786736      5.00000000      0.25916794E+02      0.29909823E-10      7.63000000
  0.23181818     -1.42206844      5.00000000      0.26473396E+02      0.30552181E-10      7.65000000
  0.23242424     -1.48024419      5.00000000      0.25589592E+02      0.29532208E-10      7.67000000
  0.23303030     -1.50185033      5.00000000      0.26908324E+02      0.31054119E-10      7.69000000
  0.23363636     -1.52895273      5.00000000      0.27939183E+02      0.32243803E-10      7.71000000
  0.23424242     -1.57825849      5.00000000      0.27563693E+02      0.31810461E-10      7.73000000
  0.23484848     -1.63041037      5.00000000      0.27015621E+02      0.31177947E-10      7.75000000
  0.23545455     -1.69367861      5.00000000      0.25809297E+02      0.29785763E-10      7.77000000
  0.23606061     -1.70751859      5.00000000      0.27629030E+02      0.31885864E-10      7.79000000
  0.23666667     -1.74463086      5.00000000      0.28033855E+02      0.32353061E-10      7.81000000
  0.23727273     -1.78127418      5.00000000      0.28475342E+02      0.32862569E-10      7.83000000
  0.23787879     -1.81383608      5.00000000      0.29196883E+02      0.33695279E-10      7.85000000
  0.23848485     -1.80650162      5.00000000      0.32817115E+02      0.37873284E-10      7.87000000
  0.23909091     -1.83328535      5.00000000      0.34099351E+02      0.39353076E-10      7.89000000
  0.23969697     -1.89619899      5.00000000      0.32603327E+02      0.37626558E-10      7.91000000
  0.24030303     -1.95492146      5.00000000      0.31475230E+02      0.36324653E-10      7.93000000
  0.24090909     -2.02284418      5.00000000      0.29749223E+02      0.34332718E-10      7.95000000
  0.24151515     -1.99954312      5.00000000      0.34690147E+02      0.40034896E-10      7.97000000
  0.24212121     -2.08328561      5.00000000      0.31614994E+02      0.36485951E-10      7.99000000
  0.24272727     -2.13764330      5.00000000      0.30829385E+02      0.35579301E-10      8.01000000
  0.24333333     -2.19214945      5.00000000      0.30053022E+02      0.34683324E-10      8.03000000
  0.24393939     -2.16760652      5.00000000      0.35144756E+02      0.40559547E-10      8.05000000
  0.24454545     -2.25158663      5.00000000      0.32011784E+02      0.36943874E-10      8.07000000
  0.24515152     -2.31708818      5.00000000      0.30425504E+02      0.35113194E-10      8.09000000
  0.24575758     -2.31373455      5.00000000      0.33886042E+02      0.39106902E-10      8.11000000
  0.24636364     -2.36321993      5.00000000      0.33416805E+02      0.38565368E-10      8.13000000
  0.24696970     -2.37459948      5.00000000      0.35976161E+02      0.41519047E-10      8.15000000
  0.24757576     -2.49317945      5.00000000      0.30259678E+02      0.34921819E-10      8.17000000
  0.24818182     -2.55844618      5.00000000      0.28775774E+02      0.33209289E-10      8.19000000
  0.24878788     -2.46389007      5.00000000      0.39537806E+02      0.45629439E-10      8.21000000
  0.24939394     -2.50859981      5.00000000      0.39421422E+02      0.45495123E-10      8.23000000
  0.25000000     -2.49825898      5.00000000      0.44617225E+02      0.51491449E-10      8.25000000
  0.25060606     -2.61476454      5.00000000      0.37707387E+02      0.43517005E-10      8.27000000
  0.25121212     -2.73748182      5.00000000      0.31415112E+02      0.36255273E-10      8.29000000
  0.25181818     -2.80442860      5.00000000      0.29759202E+02      0.34344235E-10      8.31000000
  0.25242424     -2.87137539      5.00000000      0.28190576E+02      0.32533928E-10      8.33000000
  0.25303030     -2.75558005      5.00000000      0.40675109E+02      0.46941968E-10      8.35000000
  0.25363636     -2.93631621      5.00000000      0.29649817E+02      0.34217997E-10      8.37000000
  0.25424242     -2.92252794      5.00000000      0.33825150E+02      0.39036628E-10      8.39000000
  0.25484848     -2.90916395      5.00000000      0.38550780E+02      0.44490341E-10      8.41000000
  0.25545455     -2.85947618      5.00000000      0.47769467E+02      0.55129361E-10      8.43000000
  0.25606061     -2.98051987      5.00000000      0.39951781E+02      0.46107196E-10      8.45000000
  0.25666667     -3.34849667      5.00000000      0.18922948E+02      0.21838427E-10      8.47000000
  0.25727273     -3.22355793      5.00000000      0.27884123E+02      0.32180260E-10      8.49000000
  0.25787879     -3.31373454      5.00000000      0.25038587E+02      0.28896310E-10      8.51000000
  0.25848485     -3.34849667      5.00000000      0.25543308E+02      0.29478793E-10      8.53000000
  0.25909091     -3.42767790      5.00000000      0.23524769E+02      0.27149255E-10      8.55000000
  0.25969697     -3.38628522      5.00000000      0.28598779E+02      0.33005024E-10      8.57000000
  0.26030303     -3.42767790      5.00000000      0.28733217E+02      0.33160175E-10      8.59000000
  0.26090909     -3.58257986      5.00000000      0.22228581E+02      0.25653363E-10      8.61000000
  0.26151515     -3.58257986      5.00000000      0.24566381E+02      0.28351350E-10      8.63000000
  0.26212121     -3.52458793      5.00000000      0.31028628E+02      0.35809242E-10      8.65000000
  0.26272727     -3.42767790      5.00000000      0.42864923E+02      0.49469169E-10      8.67000000
  0.26333333     -3.82561792      5.00000000      0.18949226E+02      0.21868754E-10      8.69000000
  0.26393939     -3.72870789      5.00000000      0.26177668E+02      0.30210889E-10      8.71000000
  0.26454545     -3.82561792      5.00000000      0.23144637E+02      0.26710556E-10      8.73000000
  0.26515152     -3.82561792      5.00000000      0.25578779E+02      0.29519730E-10      8.75000000
  0.26575758     -4.42767792      5.00000000      0.70672308E+01      0.81560867E-11      8.77000000
  0.26636364     -3.64952666      5.00000000      0.46862988E+02      0.54083219E-10      8.79000000
  0.26696970     -4.12664792      5.00000000      0.17263870E+02      0.19923734E-10      8.81000000
  0.26757576     -4.12664792      5.00000000      0.19079527E+02      0.22019131E-10      8.83000000
  0.26878788     -4.12664792      5.00000000      0.23303787E+02      0.26894227E-10      8.87000000
  0.26939394     -4.12664792      5.00000000      0.25754668E+02      0.29722718E-10      8.89000000
  0.27000000     -3.95055666      5.00000000      0.42694965E+02      0.49273025E-10      8.91000000
  0.27060606     -3.82561792      5.00000000      0.62913646E+02      0.72606819E-10      8.93000000
  0.27121212     -3.82561792      5.00000000      0.69530331E+02      0.80242945E-10      8.95000000
  0.27181818     -4.12664792      5.00000000      0.38421450E+02      0.44341085E-10      8.97000000
  0.27242424     -4.12664792      5.00000000      0.42462269E+02      0.49004477E-10      8.99000000
  0.27303030     -4.42767792      5.00000000      0.23464033E+02      0.27079162E-10      9.01000000
  0.27363636     -4.42767792      5.00000000      0.25931766E+02      0.29927102E-10      9.03000000
  0.27484848     -4.12664792      5.00000000      0.63346262E+02      0.73106090E-10      9.07000000
  0.27606061     -4.42767792      5.00000000      0.38685650E+02      0.44645990E-10      9.11000000
  0.27727273     -4.42767792      5.00000000      0.47250759E+02      0.54530735E-10      9.15000000
  0.28212121     -4.42767792      5.00000000      0.10515850E+03      0.12136038E-09      9.31000000
  0.28272727     -4.42767792      5.00000000      0.11621811E+03      0.13412397E-09      9.33000000
