  0.11909091     -4.22685808      8.50340136      0.68419775E-10      0.78961284E-22      3.93000000
  0.12090909     -3.92582809      8.50340136      0.22792421E-09      0.26304074E-21      3.99000000
  0.12151515     -3.74973681      8.50340136      0.40526709E-09      0.46770703E-21      4.01000000
  0.12272727     -3.74973681      8.50340136      0.56945649E-09      0.65719327E-21      4.05000000
  0.12333333     -3.62479809      8.50340136      0.90003391E-09      0.10387031E-20      4.07000000
  0.12393939     -3.74973681      8.50340136      0.80016538E-09      0.92344773E-21      4.09000000
  0.12454545     -3.62479809      8.50340136      0.12646725E-08      0.14595220E-20      4.11000000
  0.12515152     -3.32376809      8.50340136      0.29982489E-08      0.34601924E-20      4.13000000
  0.12575758     -3.32376809      8.50340136      0.35540807E-08      0.41016618E-20      4.15000000
  0.12636364     -2.99640913      8.50340136      0.89525315E-08      0.10331858E-19      4.17000000
  0.12696970     -3.05076683      8.50340136      0.93637060E-08      0.10806382E-19      4.19000000
  0.12757576     -2.99640913      8.50340136      0.12579549E-07      0.14517694E-19      4.21000000
  0.12818182     -2.82891807      8.50340136      0.21928844E-07      0.25307445E-19      4.23000000
  0.12878788     -2.57364554      8.50340136      0.46789443E-07      0.53998343E-19      4.25000000
  0.12939394     -2.64707450      8.50340136      0.46835862E-07      0.54051915E-19      4.27000000
  0.13000000     -2.38800898      8.50340136      0.10081001E-06      0.11634191E-18      4.29000000
  0.13060606     -2.37559971      8.50340136      0.12296245E-06      0.14190741E-18      4.31000000
  0.13121212     -2.29743914      8.50340136      0.17449890E-06      0.20138414E-18      4.33000000
  0.13181818     -2.15497606      8.50340136      0.28715434E-06      0.33139652E-18      4.35000000
  0.13242424     -2.15497606      8.50340136      0.34038859E-06      0.39283263E-18      4.37000000
  0.13303030     -1.98881196      8.50340136      0.59155985E-06      0.68270212E-18      4.39000000
  0.13363636     -1.86513023      8.50340136      0.93226640E-06      0.10759017E-17      4.41000000
  0.13424242     -1.88840159      8.50340136      0.10474379E-05      0.12088178E-17      4.43000000
  0.13484848     -1.73689958      8.50340136      0.17599077E-05      0.20310586E-17      4.45000000
  0.13545455     -1.65748416      8.50340136      0.25047531E-05      0.28906631E-17      4.47000000
  0.13606061     -1.56789324      8.50340136      0.36493494E-05      0.42116086E-17      4.49000000
  0.13666667     -1.50587233      8.50340136      0.49899473E-05      0.57587539E-17      4.51000000
  0.13727273     -1.46118952      8.50340136      0.65559914E-05      0.75660801E-17      4.53000000
  0.13787879     -1.37073362      8.50340136      0.95709243E-05      0.11045527E-16      4.55000000
  0.13848485     -1.28883899      8.50340136      0.13699607E-04      0.15810321E-16      4.57000000
  0.13909091     -1.21528762      8.50340136      0.19236192E-04      0.22199933E-16      4.59000000
  0.13969697     -1.19910087      8.50340136      0.23668212E-04      0.27314799E-16      4.61000000
  0.14030303     -1.10333308      8.50340136      0.34977828E-04      0.40366900E-16      4.63000000
  0.14090909     -1.07182584      8.50340136      0.44582015E-04      0.51450815E-16      4.65000000
  0.14151515     -1.00753555      8.50340136      0.61278705E-04      0.70719982E-16      4.67000000
  0.14212121     -0.94605213      8.50340136      0.83685961E-04      0.96579548E-16      4.69000000
  0.14272727     -0.92064757      8.50340136      0.10517603E-03      0.12138062E-15      4.71000000
  0.14333333     -0.86607538      8.50340136      0.14136717E-03      0.16314777E-15      4.73000000
  0.14393939     -0.79453027      8.50340136      0.19758469E-03      0.22802678E-15      4.75000000
  0.14454545     -0.74915813      8.50340136      0.26000700E-03      0.30006656E-15      4.77000000
  0.14515152     -0.70966218      8.50340136      0.33755193E-03      0.38955892E-15      4.79000000
  0.14575758     -0.67007328      8.50340136      0.43831779E-03      0.50584989E-15      4.81000000
  0.14636364     -0.62058422      8.50340136      0.58228789E-03      0.67200162E-15      4.83000000
  0.14696970     -0.57830294      8.50340136      0.76081427E-03      0.87803376E-15      4.85000000
  0.14757576     -0.55135469      8.50340136      0.95959175E-03      0.11074371E-14      4.87000000
  0.14818182     -0.50935401      8.50340136      0.12529876E-02      0.14460368E-14      4.89000000
  0.14878788     -0.47304529      8.50340136      0.16147865E-02      0.18635784E-14      4.91000000
  0.14939394     -0.44053265      8.50340136      0.20629436E-02      0.23807836E-14      4.93000000
  0.15000000     -0.41790479      8.50340136      0.25761718E-02      0.29730854E-14      4.95000000
  0.15060606     -0.38095423      8.50340136      0.33249490E-02      0.38372275E-14      4.97000000
  0.15121212     -0.35674693      8.50340136      0.41672725E-02      0.48093287E-14      4.99000000
  0.15181818     -0.32165605      8.50340136      0.53555291E-02      0.61806613E-14      5.01000000
  0.15242424     -0.29382657      8.50340136      0.67684850E-02      0.78113128E-14      5.03000000
  0.15303030     -0.27854294      8.50340136      0.83106446E-02      0.95910746E-14      5.05000000
  0.15363636     -0.24790189      8.50340136      0.10571469E-01      0.12200227E-13      5.07000000
  0.15424242     -0.22655419      8.50340136      0.13162630E-01      0.15190611E-13      5.09000000
  0.15484848     -0.20678695      8.50340136      0.16329373E-01      0.18845257E-13      5.11000000
  0.15545455     -0.18384967      8.50340136      0.20406400E-01      0.23550437E-13      5.13000000
  0.15606061     -0.17220671      8.50340136      0.24846714E-01      0.28674874E-13      5.15000000
  0.15666667     -0.14583498      8.50340136      0.31296827E-01      0.36118763E-13      5.17000000
  0.15727273     -0.14306887      8.50340136      0.37335848E-01      0.43088222E-13      5.19000000
  0.15787879     -0.11903780      8.50340136      0.46775312E-01      0.53982035E-13      5.21000000
  0.15848485     -0.09707153      8.50340136      0.58323364E-01      0.67309308E-13      5.23000000
  0.15909091     -0.09264908      8.50340136      0.69843279E-01      0.80604109E-13      5.25000000
  0.15969697     -0.08906103      8.50340136      0.83478046E-01      0.96339599E-13      5.27000000
  0.16030303     -0.07548822      8.50340136      0.10209505E+00      0.11782495E-12      5.29000000
  0.16090909     -0.05765402      8.50340136      0.12609518E+00      0.14552281E-12      5.31000000
  0.16151515     -0.05364265      8.50340136      0.15085839E+00      0.17410131E-12      5.33000000
  0.16212121     -0.05428432      8.50340136      0.17856133E+00      0.20607247E-12      5.35000000
  0.16272727     -0.04205313      8.50340136      0.21770991E+00      0.25125272E-12      5.37000000
  0.16333333     -0.03596635      8.50340136      0.26171258E+00      0.30203492E-12      5.39000000
  0.16393939     -0.03264910      8.50340136      0.31260898E+00      0.36077299E-12      5.41000000
  0.16454545     -0.03217725      8.50340136      0.37096497E+00      0.42811995E-12      5.43000000
  0.16515152     -0.02762415      8.50340136      0.44437090E+00      0.51283560E-12      5.45000000
  0.16575758     -0.02336284      8.50340136      0.53194474E+00      0.61390205E-12      5.47000000
  0.16636364     -0.02707548      8.50340136      0.62519211E+00      0.72151614E-12      5.49000000
  0.16696970     -0.02968782      8.50340136      0.73664926E+00      0.85014562E-12      5.51000000
  0.16757576     -0.03090309      8.50340136      0.87077327E+00      0.10049343E-11      5.53000000
  0.16818182     -0.02952238      8.50340136      0.10354888E+01      0.11950277E-11      5.55000000
  0.16878788     -0.03560272      8.50340136      0.12103882E+01      0.13968740E-11      5.57000000
  0.16939394     -0.03529528      8.50340136      0.14357926E+01      0.16570068E-11      5.59000000
  0.17000000     -0.04259262      8.50340136      0.16736089E+01      0.19314637E-11      5.61000000
  0.17060606     -0.04638811      8.50340136      0.19666094E+01      0.22696070E-11      5.63000000
  0.17121212     -0.06405479      8.50340136      0.22382625E+01      0.25831141E-11      5.65000000
  0.17181818     -0.06489145      8.50340136      0.26480975E+01      0.30560928E-11      5.67000000
  0.17242424     -0.07939816      8.50340136      0.30358958E+01      0.35036396E-11      5.69000000
  0.17303030     -0.08991565      8.50340136      0.35126023E+01      0.40537928E-11      5.71000000
  0.17363636     -0.09539983      8.50340136      0.41115390E+01      0.47450083E-11      5.73000000
  0.17424242     -0.10457666      8.50340136      0.47718545E+01      0.55070593E-11      5.75000000
  0.17484848     -0.11613373      8.50340136      0.55079466E+01      0.63565619E-11      5.77000000
  0.17545455     -0.13480447      8.50340136      0.62542982E+01      0.72179047E-11      5.79000000
  0.17606061     -0.14421628      8.50340136      0.72548156E+01      0.83725730E-11      5.81000000
  0.17666667     -0.16665144      8.50340136      0.81667795E+01      0.94250441E-11      5.83000000
  0.17727273     -0.17416414      8.50340136      0.95147578E+01      0.10980707E-10      5.85000000
  0.17787879     -0.19034896      8.50340136      0.10866070E+02      0.12540218E-10      5.87000000
  0.17848485     -0.20587561      8.50340136      0.12428121E+02      0.14342935E-10      5.89000000
  0.17909091     -0.22555715      8.50340136      0.14079380E+02      0.16248606E-10      5.91000000
  0.17969697     -0.24255585      8.50340136      0.16048870E+02      0.18521537E-10      5.93000000
  0.18030303     -0.27011355      8.50340136      0.17854445E+02      0.20605299E-10      5.95000000
  0.18090909     -0.28569462      8.50340136      0.20418550E+02      0.23564458E-10      5.97000000
  0.18151515     -0.30345861      8.50340136      0.23233814E+02      0.26813473E-10      5.99000000
  0.18212121     -0.33292994      8.50340136      0.25734088E+02      0.29698967E-10      6.01000000
  0.18272727     -0.34535930      8.50340136      0.29644151E+02      0.34211458E-10      6.03000000
  0.18333333     -0.37309903      8.50340136      0.32965442E+02      0.38044463E-10      6.05000000
  0.18393939     -0.39716844      8.50340136      0.36969970E+02      0.42665973E-10      6.07000000
  0.18454545     -0.41227757      8.50340136      0.42325254E+02      0.48846352E-10      6.09000000
  0.18515152     -0.44431379      8.50340136      0.46603975E+02      0.53784300E-10      6.11000000
  0.18575758     -0.47235683      8.50340136      0.51789238E+02      0.59768462E-10      6.13000000
  0.18636364     -0.48934738      8.50340136      0.59034866E+02      0.68130431E-10      6.15000000
  0.18696970     -0.53401116      8.50340136      0.63139975E+02      0.72868019E-10      6.17000000
  0.18757576     -0.55772721      8.50340136      0.70867638E+02      0.81786293E-10      6.19000000
  0.18818182     -0.58370159      8.50340136      0.79128547E+02      0.91319968E-10      6.21000000
  0.18878788     -0.61524096      8.50340136      0.87227500E+02      0.10066674E-09      6.23000000
  0.18939394     -0.63881058      8.50340136      0.97936236E+02      0.11302538E-09      6.25000000
  0.19000000     -0.68254194      8.50340136      0.10497156E+03      0.12114464E-09      6.27000000
  0.19060606     -0.70729256      8.50340136      0.11753864E+03      0.13564794E-09      6.29000000
  0.19121212     -0.72909936      8.50340136      0.13250536E+03      0.15292061E-09      6.31000000
  0.19181818     -0.77292847      8.50340136      0.14199202E+03      0.16386889E-09      6.33000000
  0.19242424     -0.80739799      8.50340136      0.15547266E+03      0.17942650E-09      6.35000000
  0.19303030     -0.85968858      8.50340136      0.16338909E+03      0.18856262E-09      6.37000000
  0.19363636     -0.88207297      8.50340136      0.18394935E+03      0.21229063E-09      6.39000000
  0.19424242     -0.90360597      8.50340136      0.20750323E+03      0.23947348E-09      6.41000000
  0.19484848     -0.93327456      8.50340136      0.22972903E+03      0.26512363E-09      6.43000000
  0.19545455     -0.98755860      8.50340136      0.24032085E+03      0.27734735E-09      6.45000000
  0.19606061     -1.03206632      8.50340136      0.25712443E+03      0.29673987E-09      6.47000000
  0.19666667     -1.07763897      8.50340136      0.27442918E+03      0.31671078E-09      6.49000000
  0.19727273     -1.11998754      8.50340136      0.29508105E+03      0.34054451E-09      6.51000000
  0.19787879     -1.14443175      8.50340136      0.33064101E+03      0.38158323E-09      6.53000000
  0.19848485     -1.17764007      8.50340136      0.36308475E+03      0.41902561E-09      6.55000000
  0.19909091     -1.23342184      8.50340136      0.37851739E+03      0.43683598E-09      6.57000000
  0.19969697     -1.26024709      8.50340136      0.42181323E+03      0.48680245E-09      6.59000000
  0.20030303     -1.31198627      8.50340136      0.44385450E+03      0.51223964E-09      6.61000000
  0.20090909     -1.38300266      8.50340136      0.44676983E+03      0.51560414E-09      6.63000000
  0.20151515     -1.36832089      8.50340136      0.54780402E+03      0.63220478E-09      6.65000000
  0.20212121     -1.40665660      8.50340136      0.59449623E+03      0.68609091E-09      6.67000000
  0.20272727     -1.44152825      8.50340136      0.65033490E+03      0.75053271E-09      6.69000000
  0.20333333     -1.49366083      8.50340136      0.68369767E+03      0.78903571E-09      6.71000000
  0.20393939     -1.58538397      8.50340136      0.65614612E+03      0.75723926E-09      6.73000000
  0.20454545     -1.59338963      8.50340136      0.76357993E+03      0.88122552E-09      6.75000000
  0.20515152     -1.64139733      8.50340136      0.81041302E+03      0.93527424E-09      6.77000000
  0.20575758     -1.73131374      8.50340136      0.78099744E+03      0.90132656E-09      6.79000000
  0.20636364     -1.79549431      8.50340136      0.79859879E+03      0.92163977E-09      6.81000000
  0.20696970     -1.83065871      8.50340136      0.87301930E+03      0.10075263E-08      6.83000000
  0.20757576     -1.82891807      8.50340136      0.10390204E+04      0.11991035E-08      6.85000000
  0.20818182     -1.90671180      8.50340136      0.10296508E+04      0.11882902E-08      6.87000000
  0.20878788     -1.93905635      8.50340136      0.11329351E+04      0.13074876E-08      6.89000000
  0.20939394     -1.97158555      8.50340136      0.12460499E+04      0.14380301E-08      6.91000000
  0.21000000     -2.05367183      8.50340136      0.12226686E+04      0.14110465E-08      6.93000000
  0.21060606     -2.09331915      8.50340136      0.13228818E+04      0.15266997E-08      6.95000000
  0.21121212     -2.11964811      8.50340136      0.14758822E+04      0.17032729E-08      6.97000000
  0.21181818     -2.15867222      8.50340136      0.15991426E+04      0.18455242E-08      6.99000000
  0.21242424     -2.32376808      8.50340136      0.12961371E+04      0.14958343E-08      7.01000000
  0.21303030     -2.31837307      8.50340136      0.15556273E+04      0.17953045E-08      7.03000000
  0.21363636     -2.29743914      8.50340136      0.19350807E+04      0.22332207E-08      7.05000000
  0.21424242     -2.38176005      8.50340136      0.18890253E+04      0.21800695E-08      7.07000000
  0.21484848     -2.47867003      8.50340136      0.17913787E+04      0.20673783E-08      7.09000000
  0.21545455     -2.44870683      8.50340136      0.22751509E+04      0.26256859E-08      7.11000000
  0.21606061     -2.58340539      8.50340136      0.19777494E+04      0.22824634E-08      7.13000000
  0.21666667     -2.47867003      8.50340136      0.29837760E+04      0.34434896E-08      7.15000000
  0.21727273     -2.59338962      8.50340136      0.27158528E+04      0.31342872E-08      7.17000000
  0.21787879     -2.70834413      8.50340136      0.24706506E+04      0.28513064E-08      7.19000000
  0.21848485     -2.92582808      8.50340136      0.17749535E+04      0.20484226E-08      7.21000000
  0.21909091     -2.90463879      8.50340136      0.22092043E+04      0.25495788E-08      7.23000000
  0.21969697     -2.84664682      8.50340136      0.29928673E+04      0.34539816E-08      7.25000000
  0.22030303     -3.05076683      8.50340136      0.22173133E+04      0.25589372E-08      7.27000000
  0.22090909     -3.27261557      8.50340136      0.15770226E+04      0.18199962E-08      7.29000000
  0.22151515     -2.99640913      8.50340136      0.35310508E+04      0.40750836E-08      7.31000000
  0.22212121     -3.11291471      8.50340136      0.32007960E+04      0.36939461E-08      7.33000000
  0.22272727     -3.38176002      8.50340136      0.20430185E+04      0.23577885E-08      7.35000000
  0.22333333     -3.38176002      8.50340136      0.24217644E+04      0.27948883E-08      7.37000000
  0.22393939     -3.38176002      8.50340136      0.28707244E+04      0.33130200E-08      7.39000000
  0.22454545     -3.62479809      8.50340136      0.19445228E+04      0.22441175E-08      7.41000000
  0.22515152     -3.22685807      8.50340136      0.57625228E+04      0.66503610E-08      7.43000000
  0.22575758     -3.38176002      8.50340136      0.47815678E+04      0.55182691E-08      7.45000000
  0.22636364     -3.74973681      8.50340136      0.24291433E+04      0.28034040E-08      7.47000000
  0.22696970     -4.22685808      8.50340136      0.95982369E+03      0.11077048E-08      7.49000000
  0.22757576     -3.52788807      8.50340136      0.56888055E+04      0.65652860E-08      7.51000000
  0.22818182     -3.62479809      8.50340136      0.53947419E+04      0.62259156E-08      7.53000000
  0.22878788     -3.92582809      8.50340136      0.31974244E+04      0.36900550E-08      7.55000000
  0.22939394     -4.22685808      8.50340136      0.18950902E+04      0.21870688E-08      7.57000000
  0.23000000     -3.92582809      8.50340136      0.44928249E+04      0.51850393E-08      7.59000000
  0.23060606     -3.74973681      8.50340136      0.79885944E+04      0.92194059E-08      7.61000000
  0.23363636     -4.22685808      8.50340136      0.62322825E+04      0.71924970E-08      7.71000000
  0.23424242     -3.92582809      8.50340136      0.14775314E+05      0.17051763E-07      7.73000000
  0.23545455     -4.22685808      8.50340136      0.10380683E+05      0.11980047E-07      7.77000000
  0.23727273     -4.22685808      8.50340136      0.17290389E+05      0.19954338E-07      7.83000000
  0.23787879     -4.22685808      8.50340136      0.20495776E+05      0.23653583E-07      7.85000000
