  0.11363636     -3.00596546     20.00000000      0.69299395E-08      0.79976428E-20      3.75000000
  0.11424242     -2.27896678     20.00000000      0.55137354E-07      0.63632427E-19      3.77000000
  0.11484848     -1.93901870     20.00000000      0.17993340E-06      0.20765594E-18      3.79000000
  0.11545455     -1.52824146     20.00000000      0.69120493E-06      0.79769962E-18      3.81000000
  0.11606061     -1.27998582     20.00000000      0.18263342E-05      0.21077195E-17      3.83000000
  0.11666667     -1.07209873     20.00000000      0.43972903E-05      0.50747856E-17      3.85000000
  0.11727273     -0.89299760     20.00000000      0.99084121E-05      0.11435012E-16      3.87000000
  0.11787879     -0.73557782     20.00000000      0.21239370E-04      0.24511743E-16      3.89000000
  0.11848485     -0.58794053     20.00000000      0.44514010E-04      0.51372332E-16      3.91000000
  0.11909091     -0.48113680     20.00000000      0.84921614E-04      0.98005580E-16      3.93000000
  0.11969697     -0.38056729     20.00000000      0.15970023E-03      0.18430542E-15      3.95000000
  0.12030303     -0.28594407     20.00000000      0.29624195E-03      0.34188427E-15      3.97000000
  0.12090909     -0.20682605     20.00000000      0.53025207E-03      0.61194859E-15      3.99000000
  0.12151515     -0.14418222     20.00000000      0.91378492E-03      0.10545728E-14      4.01000000
  0.12212121     -0.08863507     20.00000000      0.15492052E-02      0.17878929E-14      4.03000000
  0.12272727     -0.03356978     20.00000000      0.26235662E-02      0.30277819E-14      4.05000000
  0.12333333      0.01560281     20.00000000      0.43831103E-02      0.50584209E-14      4.07000000
  0.12393939      0.05846130     20.00000000      0.72170328E-02      0.83289689E-14      4.09000000
  0.12454545      0.09305295     20.00000000      0.11659183E-01      0.13455526E-13      4.11000000
  0.12515152      0.12585360     20.00000000      0.18758002E-01      0.21648068E-13      4.13000000
  0.12575758      0.15764307     20.00000000      0.30108827E-01      0.34747727E-13      4.15000000
  0.12636364      0.17307138     20.00000000      0.46541453E-01      0.53712146E-13      4.17000000
  0.12696970      0.19592074     20.00000000      0.73182474E-01      0.84457777E-13      4.19000000
  0.12757576      0.20811636     20.00000000      0.11228468E+00      0.12958450E-12      4.21000000
  0.12818182      0.21965606     20.00000000      0.17201962E+00      0.19852287E-12      4.23000000
  0.12878788      0.22996255     20.00000000      0.26278603E+00      0.30327376E-12      4.25000000
  0.12939394      0.23317753     20.00000000      0.39494357E+00      0.45579295E-12      4.27000000
  0.13000000      0.23480211     20.00000000      0.59139469E+00      0.68251151E-12      4.29000000
  0.13060606      0.23595437     20.00000000      0.88460110E+00      0.10208926E-11      4.31000000
  0.13121212      0.22989950     20.00000000      0.13013988E+01      0.15019067E-11      4.33000000
  0.13181818      0.21950533     20.00000000      0.18955446E+01      0.21875933E-11      4.35000000
  0.13242424      0.21116736     20.00000000      0.27740472E+01      0.32014476E-11      4.37000000
  0.13303030      0.20066927     20.00000000      0.40395552E+01      0.46619339E-11      4.39000000
  0.13363636      0.18701988     20.00000000      0.58398535E+01      0.67396060E-11      4.41000000
  0.13424242      0.16963087     20.00000000      0.83701016E+01      0.96596923E-11      4.43000000
  0.13484848      0.14961092     20.00000000      0.11924181E+02      0.13761353E-10      4.45000000
  0.13545455      0.12487736     20.00000000      0.16804005E+02      0.19393016E-10      4.47000000
  0.13606061      0.10588488     20.00000000      0.23995960E+02      0.27693043E-10      4.49000000
  0.13666667      0.06744736     20.00000000      0.32765620E+02      0.37813855E-10      4.51000000
  0.13727273      0.04156897     20.00000000      0.46052986E+02      0.53148419E-10      4.53000000
  0.13787879      0.00956889     20.00000000      0.63822750E+02      0.73655990E-10      4.55000000
  0.13848485     -0.02666376     20.00000000      0.87591235E+02      0.10108651E-09      4.57000000
  0.13909091     -0.06313100     20.00000000      0.12014652E+03      0.13865763E-09      4.59000000
  0.13969697     -0.09736879     20.00000000      0.16564991E+03      0.19117177E-09      4.61000000
  0.14030303     -0.14472988     20.00000000      0.22158885E+03      0.25572929E-09      4.63000000
  0.14090909     -0.19269037     20.00000000      0.29600920E+03      0.34161566E-09      4.65000000
  0.14151515     -0.22983963     20.00000000      0.40539067E+03      0.46784965E-09      4.67000000
  0.14212121     -0.27676695     20.00000000      0.54283047E+03      0.62646495E-09      4.69000000
  0.14272727     -0.33595169     20.00000000      0.70663845E+03      0.81551100E-09      4.71000000
  0.14333333     -0.38379466     20.00000000      0.94421761E+03      0.10896942E-08      4.73000000
  0.14393939     -0.43222385     20.00000000      0.12599714E+04      0.14540966E-08      4.75000000
  0.14454545     -0.48959539     20.00000000      0.16470506E+04      0.19008135E-08      4.77000000
  0.14515152     -0.54356747     20.00000000      0.21699646E+04      0.25042935E-08      4.79000000
  0.14575758     -0.60420605     20.00000000      0.28153466E+04      0.32491101E-08      4.81000000
  0.14636364     -0.66535615     20.00000000      0.36483758E+04      0.42104850E-08      4.83000000
  0.14696970     -0.73373697     20.00000000      0.46498242E+04      0.53662277E-08      4.85000000
  0.14757576     -0.79001965     20.00000000      0.60935679E+04      0.70324106E-08      4.87000000
  0.14818182     -0.84622288     20.00000000      0.79870465E+04      0.92176194E-08      4.89000000
  0.14878788     -0.91916092     20.00000000      0.10073166E+05      0.11625149E-07      4.91000000
  0.14939394     -0.98788941     20.00000000      0.12827891E+05      0.14804298E-07      4.93000000
  0.15000000     -1.06127722     20.00000000      0.16161633E+05      0.18651674E-07      4.95000000
  0.15060606     -1.14438131     20.00000000      0.19911270E+05      0.22979021E-07      4.97000000
  0.15121212     -1.21211693     20.00000000      0.25414474E+05      0.29330110E-07      4.99000000
  0.15181818     -1.30160044     20.00000000      0.30854280E+05      0.35608032E-07      5.01000000
  0.15242424     -1.35841952     20.00000000      0.40384445E+05      0.46606521E-07      5.03000000
  0.15303030     -1.45624718     20.00000000      0.48095479E+05      0.55505602E-07      5.05000000
  0.15363636     -1.50708085     20.00000000      0.63824640E+05      0.73658172E-07      5.07000000
  0.15424242     -1.59730161     20.00000000      0.77354469E+05      0.89272556E-07      5.09000000
  0.15484848     -1.68982033     20.00000000      0.93257655E+05      0.10762596E-06      5.11000000
  0.15545455     -1.77127952     20.00000000      0.11533021E+06      0.13309926E-06      5.13000000
  0.15606061     -1.84961829     20.00000000      0.14365545E+06      0.16578860E-06      5.15000000
  0.15666667     -1.92981068     20.00000000      0.17817531E+06      0.20562697E-06      5.17000000
  0.15727273     -2.04573261     20.00000000      0.20353700E+06      0.23489617E-06      5.19000000
  0.15787879     -2.11900499     20.00000000      0.25650084E+06      0.29602020E-06      5.21000000
  0.15848485     -2.16346026     20.00000000      0.34542305E+06      0.39864276E-06      5.23000000
  0.15909091     -2.25263782     20.00000000      0.41965417E+06      0.48431075E-06      5.25000000
  0.15969697     -2.37333951     20.00000000      0.47414114E+06      0.54719258E-06      5.27000000
  0.16030303     -2.37757658     20.00000000      0.70046812E+06      0.80839000E-06      5.29000000
  0.16090909     -2.57999677     20.00000000      0.65567099E+06      0.75669094E-06      5.31000000
  0.16151515     -2.60802548     20.00000000      0.91701208E+06      0.10582971E-05      5.33000000
  0.16212121     -2.70493547     20.00000000      0.10944171E+07      0.12630351E-05      5.35000000
  0.16272727     -2.80639313     20.00000000      0.12925370E+07      0.14916796E-05      5.37000000
  0.16333333     -3.08514674     20.00000000      0.10148624E+07      0.11712234E-05      5.39000000
  0.16393939     -2.97120338     20.00000000      0.19681959E+07      0.22714380E-05      5.41000000
  0.16454545     -3.24004867     20.00000000      0.15810326E+07      0.18246240E-05      5.43000000
  0.16515152     -3.15572780     20.00000000      0.28640427E+07      0.33053089E-05      5.45000000
  0.16575758     -3.43193423     20.00000000      0.22619909E+07      0.26104983E-05      5.47000000
  0.16636364     -3.48308676     20.00000000      0.29995501E+07      0.34616940E-05      5.49000000
  0.16696970     -3.78411675     20.00000000      0.22374015E+07      0.25821203E-05      5.51000000
  0.16757576     -3.60802546     20.00000000      0.50067166E+07      0.57781068E-05      5.53000000
  0.16818182     -3.78411675     20.00000000      0.49794285E+07      0.57466145E-05      5.55000000
  0.16878788     -4.08514675     20.00000000      0.37142172E+07      0.42864707E-05      5.57000000
  0.16939394     -3.90905545     20.00000000      0.83114422E+07      0.95919951E-05      5.59000000
  0.17000000     -3.68720673     20.00000000      0.20665356E+08      0.23849290E-04      5.61000000
  0.17060606     -4.38617674     20.00000000      0.61658177E+07      0.71157920E-05      5.63000000
  0.17181818     -4.38617674     20.00000000      0.13722280E+08      0.15836486E-04      5.67000000
  0.17484848     -4.38617674     20.00000000      0.10139469E+09      0.11701669E-03      5.77000000
  0.17969697     -4.38617674     20.00000000      0.24874684E+10      0.28707154E-02      5.93000000
