  0.13909091     -4.21250720      4.00000000      0.18672085E-07      0.21548914E-19      4.59000000
  0.13969697     -4.21250720      4.00000000      0.20227228E-07      0.23343659E-19      4.61000000
  0.14030303     -3.91147720      4.00000000      0.43823790E-07      0.50575769E-19      4.63000000
  0.14090909     -3.73538596      4.00000000      0.71210614E-07      0.82182111E-19      4.65000000
  0.14151515     -3.91147720      4.00000000      0.51427694E-07      0.59351214E-19      4.67000000
  0.14212121     -3.91147720      4.00000000      0.55710955E-07      0.64294403E-19      4.69000000
  0.14333333     -3.91147720      4.00000000      0.65377412E-07      0.75450181E-19      4.73000000
  0.14393939     -3.91147720      4.00000000      0.70822505E-07      0.81734205E-19      4.75000000
  0.14454545     -3.36740917      4.00000000      0.26852386E-06      0.30989562E-18      4.77000000
  0.14515152     -3.36740917      4.00000000      0.29088842E-06      0.33570592E-18      4.79000000
  0.14575758     -3.36740917      4.00000000      0.31511567E-06      0.36366588E-18      4.81000000
  0.14636364     -3.00838722      4.00000000      0.78025310E-06      0.90046755E-18      4.83000000
  0.14696970     -3.00838722      4.00000000      0.84523809E-06      0.97546485E-18      4.85000000
  0.14757576     -2.93375362      4.00000000      0.10873171E-05      0.12548412E-17      4.87000000
  0.14818182     -3.06637917      4.00000000      0.86790907E-06      0.10016288E-17      4.89000000
  0.14878788     -2.85077937      4.00000000      0.15446055E-05      0.17825846E-17      4.91000000
  0.14939394     -2.76534917      4.00000000      0.20370014E-05      0.23508445E-17      4.93000000
  0.15000000     -2.68102829      4.00000000      0.26795125E-05      0.30923479E-17      4.95000000
  0.15060606     -2.62144262      4.00000000      0.33295459E-05      0.38425327E-17      4.97000000
  0.15121212     -2.61044724      4.00000000      0.36993375E-05      0.42692984E-17      4.99000000
  0.15181818     -2.66843917      4.00000000      0.35065140E-05      0.40467664E-17      5.01000000
  0.15242424     -2.42717738      4.00000000      0.66203496E-05      0.76403540E-17      5.03000000
  0.15303030     -2.29342912      4.00000000      0.97582680E-05      0.11261735E-16      5.05000000
  0.15363636     -2.23937936      4.00000000      0.11971982E-04      0.13816519E-16      5.07000000
  0.15424242     -2.21250722      4.00000000      0.13796908E-04      0.15922612E-16      5.09000000
  0.15484848     -2.11908553      4.00000000      0.18533055E-04      0.21388462E-16      5.11000000
  0.15545455     -2.05717117      4.00000000      0.23152875E-04      0.26720064E-16      5.13000000
  0.15606061     -2.07262815      4.00000000      0.24204243E-04      0.27933417E-16      5.15000000
  0.15666667     -1.98462050      4.00000000      0.32110178E-04      0.37057428E-16      5.17000000
  0.15727273     -1.95965417      4.00000000      0.36842798E-04      0.42519208E-16      5.19000000
  0.15787879     -1.85648134      4.00000000      0.50613805E-04      0.58411929E-16      5.21000000
  0.15848485     -1.79920743      4.00000000      0.62558519E-04      0.72196978E-16      5.23000000
  0.15909091     -1.78275493      4.00000000      0.70385389E-04      0.81229743E-16      5.25000000
  0.15969697     -1.66473252      4.00000000      0.10005723E-03      0.11547316E-15      5.27000000
  0.16030303     -1.70196220      4.00000000      0.99486091E-04      0.11481402E-15      5.29000000
  0.16090909     -1.59655715      4.00000000      0.13737604E-03      0.15854171E-15      5.31000000
  0.16151515     -1.59760999      4.00000000      0.14845735E-03      0.17133033E-15      5.33000000
  0.16212121     -1.48496594      4.00000000      0.20844395E-03      0.24055914E-15      5.35000000
  0.16272727     -1.46665202      4.00000000      0.23553030E-03      0.27181871E-15      5.37000000
  0.16333333     -1.41871681      4.00000000      0.28492171E-03      0.32881991E-15      5.39000000
  0.16393939     -1.35157058      4.00000000      0.36025941E-03      0.41576497E-15      5.41000000
  0.16454545     -1.30563369      4.00000000      0.43380623E-03      0.50064323E-15      5.43000000
  0.16515152     -1.29816405      4.00000000      0.47808925E-03      0.55174898E-15      5.45000000
  0.16575758     -1.19714744      4.00000000      0.65353546E-03      0.75422638E-15      5.47000000
  0.16636364     -1.16679313      4.00000000      0.75921892E-03      0.87619260E-15      5.49000000
  0.16696970     -1.13044028      4.00000000      0.89425923E-03      0.10320387E-14      5.51000000
  0.16757576     -1.11490288      4.00000000      0.10040247E-02      0.11587159E-14      5.53000000
  0.16818182     -1.04548543      4.00000000      0.12761608E-02      0.14727803E-14      5.55000000
  0.16878788     -1.01467551      4.00000000      0.14840854E-02      0.17127400E-14      5.57000000
  0.16939394     -0.97622193      4.00000000      0.17565318E-02      0.20271626E-14      5.59000000
  0.17000000     -0.92358761      4.00000000      0.21479981E-02      0.24789425E-14      5.61000000
  0.17060606     -0.91870284      4.00000000      0.23532183E-02      0.27157812E-14      5.63000000
  0.17121212     -0.87544747      4.00000000      0.28161848E-02      0.32500775E-14      5.65000000
  0.17181818     -0.83501885      4.00000000      0.33483691E-02      0.38642560E-14      5.67000000
  0.17242424     -0.79189145      4.00000000      0.40059386E-02      0.46231379E-14      5.69000000
  0.17303030     -0.75690109      4.00000000      0.47036847E-02      0.54283865E-14      5.71000000
  0.17363636     -0.74048250      4.00000000      0.52917626E-02      0.61070702E-14      5.73000000
  0.17424242     -0.68915101      4.00000000      0.64517184E-02      0.74457417E-14      5.75000000
  0.17484848     -0.66831511      4.00000000      0.73325472E-02      0.84622807E-14      5.77000000
  0.17545455     -0.64938224      4.00000000      0.82971949E-02      0.95755527E-14      5.79000000
  0.17606061     -0.61012162      4.00000000      0.98386489E-02      0.11354500E-13      5.81000000
  0.17666667     -0.57913976      4.00000000      0.11446188E-01      0.13209715E-13      5.83000000
  0.17727273     -0.54356249      4.00000000      0.13458037E-01      0.15531531E-13      5.85000000
  0.17787879     -0.53645411      4.00000000      0.14819504E-01      0.17102761E-13      5.87000000
  0.17848485     -0.49467036      4.00000000      0.17675063E-01      0.20398279E-13      5.89000000
  0.17909091     -0.47850794      4.00000000      0.19873161E-01      0.22935040E-13      5.91000000
  0.17969697     -0.46230750      4.00000000      0.22346573E-01      0.25789534E-13      5.93000000
  0.18030303     -0.43923285      4.00000000      0.25528726E-01      0.29461965E-13      5.95000000
  0.18090909     -0.41358048      4.00000000      0.29337634E-01      0.33857715E-13      5.97000000
  0.18151515     -0.39033913      4.00000000      0.33528181E-01      0.38693904E-13      5.99000000
  0.18212121     -0.36977318      4.00000000      0.38081978E-01      0.43949309E-13      6.01000000
  0.18272727     -0.35826192      4.00000000      0.42361791E-01      0.48888519E-13      6.03000000
  0.18333333     -0.33479041      4.00000000      0.48438355E-01      0.55901305E-13      6.05000000
  0.18393939     -0.31072206      4.00000000      0.55462736E-01      0.64007940E-13      6.07000000
  0.18454545     -0.30838699      4.00000000      0.60405978E-01      0.69712793E-13      6.09000000
  0.18515152     -0.28150727      4.00000000      0.69615059E-01      0.80340727E-13      6.11000000
  0.18575758     -0.26355661      4.00000000      0.78595452E-01      0.90704739E-13      6.13000000
  0.18636364     -0.25696376      4.00000000      0.86443795E-01      0.99762284E-13      6.15000000
  0.18696970     -0.23762726      4.00000000      0.97907031E-01      0.11299167E-12      6.17000000
  0.18757576     -0.22681136      4.00000000      0.10873600E+00      0.12548907E-12      6.19000000
  0.18818182     -0.21977702      4.00000000      0.11971574E+00      0.13816047E-12      6.21000000
  0.18878788     -0.20064084      4.00000000      0.13552861E+00      0.15640965E-12      6.23000000
  0.18939394     -0.19347403      4.00000000      0.14925928E+00      0.17225582E-12      6.25000000
  0.19000000     -0.17635758      4.00000000      0.16819046E+00      0.19410375E-12      6.27000000
  0.19060606     -0.17068046      4.00000000      0.18459589E+00      0.21303678E-12      6.29000000
  0.19121212     -0.16989231      4.00000000      0.20033357E+00      0.23119919E-12      6.31000000
  0.19181818     -0.15075324      4.00000000      0.22679651E+00      0.26173929E-12      6.33000000
  0.19242424     -0.14532474      4.00000000      0.24877597E+00      0.28710515E-12      6.35000000
  0.19303030     -0.15199823      4.00000000      0.26538630E+00      0.30627465E-12      6.37000000
  0.19363636     -0.13626740      4.00000000      0.29809376E+00      0.34402139E-12      6.39000000
  0.19424242     -0.13812967      4.00000000      0.32153939E+00      0.37107931E-12      6.41000000
  0.19484848     -0.13044028      4.00000000      0.35454154E+00      0.40916614E-12      6.43000000
  0.19545455     -0.13105189      4.00000000      0.38352976E+00      0.44262061E-12      6.45000000
  0.19606061     -0.12685992      4.00000000      0.41950254E+00      0.48413576E-12      6.47000000
  0.19666667     -0.12405217      4.00000000      0.45738921E+00      0.52785966E-12      6.49000000
  0.19727273     -0.12101611      4.00000000      0.49895977E+00      0.57583504E-12      6.51000000
  0.19787879     -0.11863046      4.00000000      0.54349398E+00      0.62723069E-12      6.53000000
  0.19848485     -0.11782650      4.00000000      0.58985091E+00      0.68072988E-12      6.55000000
  0.19909091     -0.11702403      4.00000000      0.64015964E+00      0.73878973E-12      6.57000000
  0.19969697     -0.12707391      4.00000000      0.67761336E+00      0.78201399E-12      6.59000000
  0.20030303     -0.12732371      4.00000000      0.73362770E+00      0.84665852E-12      6.61000000
  0.20090909     -0.12147369      4.00000000      0.80550695E+00      0.92961229E-12      6.63000000
  0.20151515     -0.12671732      4.00000000      0.86212299E+00      0.99495121E-12      6.65000000
  0.20212121     -0.12843165      4.00000000      0.93024739E+00      0.10735716E-11      6.67000000
  0.20272727     -0.13213328      4.00000000      0.99917230E+00      0.11531159E-11      6.69000000
  0.20333333     -0.14398741      4.00000000      0.10532460E+01      0.12155207E-11      6.71000000
  0.20393939     -0.14539916      4.00000000      0.11372649E+01      0.13124845E-11      6.73000000
  0.20454545     -0.15400528      4.00000000      0.12078112E+01      0.13939000E-11      6.75000000
  0.20515152     -0.15468902      4.00000000      0.13063480E+01      0.15076185E-11      6.77000000
  0.20575758     -0.16050623      4.00000000      0.13963209E+01      0.16114535E-11      6.79000000
  0.20636364     -0.17174670      4.00000000      0.14739689E+01      0.17010649E-11      6.81000000
  0.20696970     -0.17771839      4.00000000      0.15749261E+01      0.18175767E-11      6.83000000
  0.20757576     -0.19247758      4.00000000      0.16490907E+01      0.19031679E-11      6.85000000
  0.20818182     -0.20013404      4.00000000      0.17552204E+01      0.20256491E-11      6.87000000
  0.20878788     -0.21246379      4.00000000      0.18481851E+01      0.21329370E-11      6.89000000
  0.20939394     -0.22327995      4.00000000      0.19528679E+01      0.22537483E-11      6.91000000
  0.21000000     -0.23345988      4.00000000      0.20665051E+01      0.23848938E-11      6.93000000
  0.21060606     -0.23537831      4.00000000      0.22287513E+01      0.25721375E-11      6.95000000
  0.21121212     -0.24711736      4.00000000      0.23499906E+01      0.27120562E-11      6.97000000
  0.21181818     -0.26394755      4.00000000      0.24489476E+01      0.28262596E-11      6.99000000
  0.21242424     -0.26985438      4.00000000      0.26170753E+01      0.30202910E-11      7.01000000
  0.21303030     -0.29248831      4.00000000      0.26910753E+01      0.31056922E-11      7.03000000
  0.21363636     -0.30327222      4.00000000      0.28437113E+01      0.32818450E-11      7.05000000
  0.21424242     -0.31143051      4.00000000      0.30232271E+01      0.34890190E-11      7.07000000
  0.21484848     -0.33698296      4.00000000      0.30878904E+01      0.35636451E-11      7.09000000
  0.21545455     -0.34870868      4.00000000      0.32559649E+01      0.37576149E-11      7.11000000
  0.21606061     -0.37221288      4.00000000      0.33413277E+01      0.38561297E-11      7.13000000
  0.21666667     -0.38076537      4.00000000      0.35490339E+01      0.40958374E-11      7.15000000
  0.21727273     -0.39752754      4.00000000      0.36990613E+01      0.42689797E-11      7.17000000
  0.21787879     -0.42292649      4.00000000      0.37795156E+01      0.43618296E-11      7.19000000
  0.21848485     -0.43566079      4.00000000      0.39759910E+01      0.45885763E-11      7.21000000
  0.21909091     -0.45571901      4.00000000      0.41127351E+01      0.47463886E-11      7.23000000
  0.21969697     -0.47253953      4.00000000      0.42860159E+01      0.49463670E-11      7.25000000
  0.22030303     -0.50281333      4.00000000      0.43303554E+01      0.49975379E-11      7.27000000
  0.22090909     -0.51571411      4.00000000      0.45537199E+01      0.52553164E-11      7.29000000
  0.22151515     -0.53480904      4.00000000      0.47207928E+01      0.54481305E-11      7.31000000
  0.22212121     -0.54673866      4.00000000      0.49754100E+01      0.57419768E-11      7.33000000
  0.22272727     -0.57752643      4.00000000      0.50209357E+01      0.57945168E-11      7.35000000
  0.22333333     -0.60237959      4.00000000      0.51365919E+01      0.59279922E-11      7.37000000
  0.22393939     -0.61955365      4.00000000      0.53486548E+01      0.61727278E-11      7.39000000
  0.22454545     -0.63010291      4.00000000      0.56550815E+01      0.65263660E-11      7.41000000
  0.22515152     -0.66608793      4.00000000      0.56389390E+01      0.65077365E-11      7.43000000
  0.22575758     -0.69703078      4.00000000      0.56885045E+01      0.65649386E-11      7.45000000
  0.22636364     -0.71696286      4.00000000      0.58858553E+01      0.67926955E-11      7.47000000
  0.22696970     -0.72934799      4.00000000      0.61968076E+01      0.71515565E-11      7.49000000
  0.22757576     -0.75070866      4.00000000      0.63907364E+01      0.73753641E-11      7.51000000
  0.22818182     -0.77873737      4.00000000      0.64903147E+01      0.74902846E-11      7.53000000
  0.22878788     -0.79971077      4.00000000      0.66994001E+01      0.77315840E-11      7.55000000
  0.22939394     -0.82672226      4.00000000      0.68197426E+01      0.78704677E-11      7.57000000
  0.23000000     -0.85059059      4.00000000      0.69926729E+01      0.80700416E-11      7.59000000
  0.23060606     -0.88270268      4.00000000      0.70351713E+01      0.81190878E-11      7.61000000
  0.23121212     -0.89906182      4.00000000      0.73393754E+01      0.84701609E-11      7.63000000
  0.23181818     -0.95148237      4.00000000      0.70466403E+01      0.81323238E-11      7.65000000
  0.23242424     -0.95820089      4.00000000      0.75163525E+01      0.86744052E-11      7.67000000
  0.23303030     -0.98642311      4.00000000      0.76300693E+01      0.88056424E-11      7.69000000
  0.23363636     -0.99555000      4.00000000      0.80936636E+01      0.93406632E-11      7.71000000
  0.23424242     -1.06359622      4.00000000      0.74962229E+01      0.86511742E-11      7.73000000
  0.23484848     -1.07801134      4.00000000      0.78554474E+01      0.90657448E-11      7.75000000
  0.23545455     -1.11282657      4.00000000      0.78541512E+01      0.90642489E-11      7.77000000
  0.23606061     -1.14954936      4.00000000      0.78184384E+01      0.90230337E-11      7.79000000
  0.23666667     -1.15294381      4.00000000      0.84036728E+01      0.96984359E-11      7.81000000
  0.23727273     -1.16953816      4.00000000      0.87623045E+01      0.10112322E-10      7.83000000
  0.23787879     -1.19256055      4.00000000      0.90020104E+01      0.10388960E-10      7.85000000
  0.23848485     -1.24216033      4.00000000      0.86992796E+01      0.10039587E-10      7.87000000
  0.23909091     -1.28771123      4.00000000      0.84854710E+01      0.97928367E-11      7.89000000
  0.23969697     -1.31378202      4.00000000      0.86566272E+01      0.99903632E-11      7.91000000
  0.24030303     -1.37114773      4.00000000      0.82172513E+01      0.94832922E-11      7.93000000
  0.24090909     -1.37936012      4.00000000      0.87348960E+01      0.10080691E-10      7.95000000
  0.24151515     -1.40836780      4.00000000      0.88510259E+01      0.10214713E-10      7.97000000
  0.24212121     -1.43291074      4.00000000      0.90613777E+01      0.10457474E-10      7.99000000
  0.24272727     -1.48987328      4.00000000      0.86094468E+01      0.99359137E-11      8.01000000
  0.24333333     -1.49483670      4.00000000      0.92205193E+01      0.10641135E-10      8.03000000
  0.24393939     -1.57302073      4.00000000      0.83428593E+01      0.96282527E-11      8.05000000
  0.24454545     -1.58925792      4.00000000      0.87060525E+01      0.10047404E-10      8.07000000
  0.24515152     -1.63044384      4.00000000      0.85778593E+01      0.98994595E-11      8.09000000
  0.24575758     -1.59760999      4.00000000      0.10022045E+02      0.11566152E-10      8.11000000
  0.24636364     -1.65260058      4.00000000      0.95655358E+01      0.11039308E-10      8.13000000
  0.24696970     -1.67721309      4.00000000      0.97912997E+01      0.11299856E-10      8.15000000
  0.24757576     -1.72963364      4.00000000      0.94007685E+01      0.10849155E-10      8.17000000
  0.24818182     -1.77793830      4.00000000      0.91117596E+01      0.10515618E-10      8.19000000
  0.24878788     -1.82869184      4.00000000      0.87819766E+01      0.10135025E-10      8.21000000
  0.24939394     -1.85839878      4.00000000      0.88844161E+01      0.10253248E-10      8.23000000
  0.25000000     -1.87405072      4.00000000      0.92836874E+01      0.10714035E-10      8.25000000
  0.25060606     -1.92025115      4.00000000      0.90419821E+01      0.10435090E-10      8.27000000
  0.25121212     -1.97697875      4.00000000      0.85956673E+01      0.99200111E-11      8.29000000
  0.25181818     -2.06021885      4.00000000      0.76874634E+01      0.88718793E-11      8.31000000
  0.25242424     -2.03641594      4.00000000      0.87968974E+01      0.10152245E-10      8.33000000
  0.25303030     -2.04224550      4.00000000      0.94025039E+01      0.10851158E-10      8.35000000
  0.25363636     -2.08540243      4.00000000      0.92221069E+01      0.10642967E-10      8.37000000
  0.25424242     -2.15180938      4.00000000      0.85736699E+01      0.98946245E-11      8.39000000
  0.25484848     -2.25826470      4.00000000      0.72686709E+01      0.83885629E-11      8.41000000
  0.25545455     -2.23023598      4.00000000      0.83989941E+01      0.96930363E-11      8.43000000
  0.25606061     -2.25346583      4.00000000      0.86246401E+01      0.99534478E-11      8.45000000
  0.25666667     -2.34327550      4.00000000      0.75975729E+01      0.87681392E-11      8.47000000
  0.25727273     -2.30941724      4.00000000      0.88976782E+01      0.10268553E-10      8.49000000
  0.25787879     -2.46431918      4.00000000      0.67471181E+01      0.77866540E-11      8.51000000
  0.25848485     -2.39959387      4.00000000      0.84837367E+01      0.97908353E-11      8.53000000
  0.25909091     -2.48823136      4.00000000      0.74936474E+01      0.86482017E-11      8.55000000
  0.25969697     -2.55929469      4.00000000      0.68924477E+01      0.79543746E-11      8.57000000
  0.26030303     -2.48823136      4.00000000      0.87938766E+01      0.10148759E-10      8.59000000
  0.26090909     -2.50493705      4.00000000      0.91668102E+01      0.10579151E-10      8.61000000
  0.26151515     -2.57903874      4.00000000      0.83725953E+01      0.96625702E-11      8.63000000
  0.26212121     -2.55929469      4.00000000      0.94917810E+01      0.10954190E-10      8.65000000
  0.26272727     -2.65620471      4.00000000      0.82258587E+01      0.94932257E-11      8.67000000
  0.26333333     -2.75010921      4.00000000      0.71782786E+01      0.82842437E-11      8.69000000
  0.26393939     -2.75010921      4.00000000      0.77761363E+01      0.89742141E-11      8.71000000
  0.26454545     -2.98205829      4.00000000      0.49380826E+01      0.56988984E-11      8.73000000
  0.26515152     -2.89028790      4.00000000      0.66080344E+01      0.76261414E-11      8.75000000
  0.26575758     -2.85077937      4.00000000      0.78401502E+01      0.90480906E-11      8.77000000
  0.26636364     -2.87008452      4.00000000      0.81238667E+01      0.93755197E-11      8.79000000
  0.26696970     -2.83229597      4.00000000      0.96005231E+01      0.11079686E-10      8.81000000
  0.26757576     -3.09856387      4.00000000      0.56333996E+01      0.65013436E-11      8.83000000
  0.26818182     -3.21250723      4.00000000      0.46942991E+01      0.54175549E-11      8.85000000
  0.26878788     -3.09856387      4.00000000      0.66108556E+01      0.76293974E-11      8.87000000
  0.26939394     -2.91147723      4.00000000      0.11017622E+02      0.12715119E-10      8.89000000
  0.27000000     -3.30941721      4.00000000      0.47740994E+01      0.55096500E-11      8.91000000
  0.27060606     -3.36740917      4.00000000      0.45252550E+01      0.52224660E-11      8.93000000
  0.27121212     -3.43435596      4.00000000      0.42018430E+01      0.48492255E-11      8.95000000
  0.27181818     -3.30941721      4.00000000      0.60690697E+01      0.70041379E-11      8.97000000
  0.27242424     -3.25826471      4.00000000      0.73963626E+01      0.85359282E-11      8.99000000
  0.27303030     -3.51353722      4.00000000      0.44513243E+01      0.51371446E-11      9.01000000
  0.27363636     -3.51353722      4.00000000      0.48220620E+01      0.55650023E-11      9.03000000
  0.27424242     -3.61044721      4.00000000      0.41789422E+01      0.48227964E-11      9.05000000
  0.27484848     -3.43435596      4.00000000      0.67904908E+01      0.78367091E-11      9.07000000
  0.27545455     -3.17111452      4.00000000      0.13486094E+02      0.15563911E-10      9.09000000
  0.27606061     -3.51353722      4.00000000      0.66405955E+01      0.76637192E-11      9.11000000
  0.27666667     -3.43435596      4.00000000      0.86324057E+01      0.99624098E-11      9.13000000
  0.27727273     -3.51353722      4.00000000      0.77928110E+01      0.89934578E-11      9.15000000
  0.27787879     -3.73538596      4.00000000      0.50651110E+01      0.58454981E-11      9.17000000
  0.27848485     -3.73538596      4.00000000      0.54869692E+01      0.63323525E-11      9.19000000
  0.27969697     -3.73538596      4.00000000      0.64390180E+01      0.74310845E-11      9.23000000
  0.28030303     -3.91147720      4.00000000      0.46502035E+01      0.53666654E-11      9.25000000
  0.28090909     -3.91147720      4.00000000      0.50375053E+01      0.58136392E-11      9.27000000
  0.28272727     -3.91147720      4.00000000      0.64039243E+01      0.73905839E-11      9.33000000
  0.28333333     -4.21250720      4.00000000      0.34686442E+01      0.40030620E-11      9.35000000
  0.28454545     -4.21250720      4.00000000      0.40704917E+01      0.46976368E-11      9.39000000
  0.28575758     -4.21250720      4.00000000      0.47767662E+01      0.55127278E-11      9.43000000
  0.28696970     -4.21250720      4.00000000      0.56055871E+01      0.64692460E-11      9.47000000
  0.28757576     -4.21250720      4.00000000      0.60724600E+01      0.70080505E-11      9.49000000
  0.28878788     -3.91147720      4.00000000      0.14252196E+02      0.16448047E-10      9.53000000
  0.29000000     -4.21250720      4.00000000      0.83625533E+01      0.96509810E-11      9.57000000
  0.29121212     -4.21250720      4.00000000      0.98135472E+01      0.11325531E-10      9.61000000
