  0.11484848     -4.41112958     12.00480192      0.18153397E-10      0.20950311E-22      3.79000000
  0.11606061     -3.56603156     12.00480192      0.20540013E-09      0.23704635E-21      3.83000000
  0.11666667     -3.93400834     12.00480192      0.11191706E-09      0.12916025E-21      3.85000000
  0.11727273     -3.45688710     12.00480192      0.42686440E-09      0.49263186E-21      3.87000000
  0.11787879     -3.41112959     12.00480192      0.60300349E-09      0.69590890E-21      3.89000000
  0.11848485     -2.96397157     12.00480192      0.21465956E-08      0.24773239E-20      3.91000000
  0.11909091     -3.13237598     12.00480192      0.18519029E-08      0.21372276E-20      3.93000000
  0.11969697     -2.75791707     12.00480192      0.55763433E-08      0.64354966E-20      3.95000000
  0.12030303     -2.65525473     12.00480192      0.89801633E-08      0.10363747E-19      3.97000000
  0.12090909     -2.47161034     12.00480192      0.17426132E-07      0.20110995E-19      3.99000000
  0.12151515     -2.36973689     12.00480192      0.28012175E-07      0.32328042E-19      4.01000000
  0.12212121     -2.23215264     12.00480192      0.48888135E-07      0.56420383E-19      4.03000000
  0.12272727     -2.02731424     12.00480192      0.99612596E-07      0.11496002E-18      4.05000000
  0.12333333     -1.92117112     12.00480192      0.16170735E-06      0.18662178E-18      4.07000000
  0.12393939     -1.81895285     12.00480192      0.26014796E-06      0.30022924E-18      4.09000000
  0.12454545     -1.74274369     12.00480192      0.39418670E-06      0.45491947E-18      4.11000000
  0.12515152     -1.66997800     12.00480192      0.59257051E-06      0.68386849E-18      4.13000000
  0.12575758     -1.53780898     12.00480192      0.10213661E-05      0.11787291E-17      4.15000000
  0.12636364     -1.41156411     12.00480192      0.17365956E-05      0.20041547E-17      4.17000000
  0.12696970     -1.34220197     12.00480192      0.25901995E-05      0.29892743E-17      4.19000000
  0.12757576     -1.28111765     12.00480192      0.37904425E-05      0.43744402E-17      4.21000000
  0.12818182     -1.18815313     12.00480192      0.59693471E-05      0.68890509E-17      4.23000000
  0.12878788     -1.11776702     12.00480192      0.89245294E-05      0.10299541E-16      4.25000000
  0.12939394     -1.02821245     12.00480192      0.13944800E-04      0.16093290E-16      4.27000000
  0.13000000     -0.96134274     12.00480192      0.20680183E-04      0.23866401E-16      4.29000000
  0.13060606     -0.88569605     12.00480192      0.31294891E-04      0.36116529E-16      4.31000000
  0.13121212     -0.82465479     12.00480192      0.45791734E-04      0.52846916E-16      4.33000000
  0.13181818     -0.76062779     12.00480192      0.67466235E-04      0.77860831E-16      4.35000000
  0.13242424     -0.69262791     12.00480192      0.10031335E-03      0.11576874E-15      4.37000000
  0.13303030     -0.64293562     12.00480192      0.14299584E-03      0.16502737E-15      4.39000000
  0.13363636     -0.58324360     12.00480192      0.20858728E-03      0.24072455E-15      4.41000000
  0.13424242     -0.53381583     12.00480192      0.29715837E-03      0.34294189E-15      4.43000000
  0.13484848     -0.48555969     12.00480192      0.42219831E-03      0.48724687E-15      4.45000000
  0.13545455     -0.43994656     12.00480192      0.59621378E-03      0.68807308E-15      4.47000000
  0.13606061     -0.38907257     12.00480192      0.85221346E-03      0.98351492E-15      4.49000000
  0.13666667     -0.34749606     12.00480192      0.11923322E-02      0.13760362E-14      4.51000000
  0.13727273     -0.30429301     12.00480192      0.16744521E-02      0.19324367E-14      4.53000000
  0.13787879     -0.27803797     12.00480192      0.22615185E-02      0.26099531E-14      4.55000000
  0.13848485     -0.23663366     12.00480192      0.31628372E-02      0.36501390E-14      4.57000000
  0.13909091     -0.20209739     12.00480192      0.43539705E-02      0.50247915E-14      4.59000000
  0.13969697     -0.18014451     12.00480192      0.58225169E-02      0.67195984E-14      4.61000000
  0.14030303     -0.14012485     12.00480192      0.81171355E-02      0.93677514E-14      4.63000000
  0.14090909     -0.11785546     12.00480192      0.10862870E-01      0.12536524E-13      4.65000000
  0.14151515     -0.09194023     12.00480192      0.14659940E-01      0.16918613E-13      4.67000000
  0.14212121     -0.07241418     12.00480192      0.19495331E-01      0.22498998E-13      4.69000000
  0.14272727     -0.04312178     12.00480192      0.26515230E-01      0.30600461E-13      4.71000000
  0.14333333     -0.03017706     12.00480192      0.34730618E-01      0.40081603E-13      4.73000000
  0.14393939     -0.01643283     12.00480192      0.45575257E-01      0.52597087E-13      4.75000000
  0.14454545      0.00112928     12.00480192      0.60334209E-01      0.69629966E-13      4.77000000
  0.14515152      0.01507252     12.00480192      0.79209860E-01      0.91413810E-13      4.79000000
  0.14575758      0.02682698     12.00480192      0.10346801E+00      0.11940944E-12      4.81000000
  0.14636364      0.04134685     12.00480192      0.13601861E+00      0.15697515E-12      4.83000000
  0.14696970      0.05477352     12.00480192      0.17835998E+00      0.20584009E-12      4.85000000
  0.14757576      0.05212116     12.00480192      0.22538107E+00      0.26010577E-12      4.87000000
  0.14818182      0.06219676     12.00480192      0.29326850E+00      0.33845269E-12      4.89000000
  0.14878788      0.06500615     12.00480192      0.37527288E+00      0.43309158E-12      4.91000000
  0.14939394      0.06513673     12.00480192      0.47725463E+00      0.55078577E-12      4.93000000
  0.15000000      0.06254710     12.00480192      0.60316051E+00      0.69609011E-12      4.95000000
  0.15060606      0.06428009     12.00480192      0.76990701E+00      0.88852742E-12      4.97000000
  0.15121212      0.06481746     12.00480192      0.98004956E+00      0.11310469E-11      4.99000000
  0.15181818      0.05774922     12.00480192      0.12258919E+01      0.14147664E-11      5.01000000
  0.15242424      0.04716068     12.00480192      0.15210238E+01      0.17553696E-11      5.03000000
  0.15303030      0.04654039     12.00480192      0.19310260E+01      0.22285412E-11      5.05000000
  0.15363636      0.04099434     12.00480192      0.24238986E+01      0.27973513E-11      5.07000000
  0.15424242      0.02810834     12.00480192      0.29915815E+01      0.34524977E-11      5.09000000
  0.15484848      0.01967084     12.00480192      0.37302310E+01      0.43049517E-11      5.11000000
  0.15545455      0.00842964     12.00480192      0.46213292E+01      0.53333424E-11      5.13000000
  0.15606061     -0.00530532     12.00480192      0.56925169E+01      0.65695691E-11      5.15000000
  0.15666667     -0.01618785     12.00480192      0.70582037E+01      0.81456688E-11      5.17000000
  0.15727273     -0.03768425     12.00480192      0.85402419E+01      0.98560462E-11      5.19000000
  0.15787879     -0.05051726     12.00480192      0.10541673E+02      0.12165840E-10      5.21000000
  0.15848485     -0.06898337     12.00480192      0.12844459E+02      0.14823419E-10      5.23000000
  0.15909091     -0.08633287     12.00480192      0.15690569E+02      0.18108032E-10      5.25000000
  0.15969697     -0.10992593     12.00480192      0.18893744E+02      0.21804724E-10      5.27000000
  0.16030303     -0.12814515     12.00480192      0.23034097E+02      0.26582985E-10      5.29000000
  0.16090909     -0.15354699     12.00480192      0.27621149E+02      0.31876769E-10      5.31000000
  0.16151515     -0.17937974     12.00480192      0.33088827E+02      0.38186858E-10      5.33000000
  0.16212121     -0.19742595     12.00480192      0.40355947E+02      0.46573631E-10      5.35000000
  0.16272727     -0.22369348     12.00480192      0.48296137E+02      0.55737176E-10      5.37000000
  0.16333333     -0.25123168     12.00480192      0.57629730E+02      0.66508805E-10      5.39000000
  0.16393939     -0.27806993     12.00480192      0.68878030E+02      0.79490143E-10      5.41000000
  0.16454545     -0.30962309     12.00480192      0.81432908E+02      0.93979365E-10      5.43000000
  0.16515152     -0.34142450     12.00480192      0.96221233E+02      0.11104614E-09      5.45000000
  0.16575758     -0.36961849     12.00480192      0.11464347E+03      0.13230671E-09      5.47000000
  0.16636364     -0.40099931     12.00480192      0.13559413E+03      0.15648526E-09      5.49000000
  0.16696970     -0.41968199     12.00480192      0.16513175E+03      0.19057378E-09      5.51000000
  0.16757576     -0.47016509     12.00480192      0.18690455E+03      0.21570113E-09      5.53000000
  0.16818182     -0.50178754     12.00480192      0.22093769E+03      0.25497780E-09      5.55000000
  0.16878788     -0.53128853     12.00480192      0.26244675E+03      0.30288221E-09      5.57000000
  0.16939394     -0.57303647     12.00480192      0.30308583E+03      0.34978260E-09      5.59000000
  0.17000000     -0.59995689     12.00480192      0.36217428E+03      0.41797487E-09      5.61000000
  0.17060606     -0.65206640     12.00480192      0.40839506E+03      0.47131694E-09      5.63000000
  0.17121212     -0.67632977     12.00480192      0.49100905E+03      0.56665934E-09      5.65000000
  0.17181818     -0.72862350     12.00480192      0.55343694E+03      0.63870558E-09      5.67000000
  0.17242424     -0.76836840     12.00480192      0.64208959E+03      0.74101703E-09      5.69000000
  0.17303030     -0.81387331     12.00480192      0.73512825E+03      0.84839026E-09      5.71000000
  0.17363636     -0.83651964     12.00480192      0.88713388E+03      0.10238156E-08      5.73000000
  0.17424242     -0.88337085     12.00480192      0.10125357E+04      0.11685381E-08      5.75000000
  0.17484848     -0.93213045     12.00480192      0.11505967E+04      0.13278704E-08      5.77000000
  0.17545455     -0.96927742     12.00480192      0.13429150E+04      0.15498194E-08      5.79000000
  0.17606061     -1.01510470     12.00480192      0.15363623E+04      0.17730713E-08      5.81000000
  0.17666667     -1.07009096     12.00480192      0.17209956E+04      0.19861513E-08      5.83000000
  0.17727273     -1.10685455     12.00480192      0.20104282E+04      0.23201770E-08      5.85000000
  0.17787879     -1.14185019     12.00480192      0.23581168E+04      0.27214344E-08      5.87000000
  0.17848485     -1.21800498     12.00480192      0.25158393E+04      0.29034574E-08      5.89000000
  0.17909091     -1.23765195     12.00480192      0.30570906E+04      0.35280999E-08      5.91000000
  0.17969697     -1.31735782     12.00480192      0.32350041E+04      0.37334247E-08      5.93000000
  0.18030303     -1.36541554     12.00480192      0.36820484E+04      0.42493456E-08      5.95000000
  0.18090909     -1.39326187     12.00480192      0.43905159E+04      0.50669674E-08      5.97000000
  0.18151515     -1.46076475     12.00480192      0.47784281E+04      0.55146457E-08      5.99000000
  0.18212121     -1.51350250     12.00480192      0.53804635E+04      0.62094373E-08      6.01000000
  0.18272727     -1.59158565     12.00480192      0.57149037E+04      0.65954052E-08      6.03000000
  0.18333333     -1.62794091     12.00480192      0.66823012E+04      0.77118506E-08      6.05000000
  0.18393939     -1.68115530     12.00480192      0.75159527E+04      0.86739437E-08      6.07000000
  0.18454545     -1.72449333     12.00480192      0.86480541E+04      0.99804692E-08      6.09000000
  0.18515152     -1.82117998     12.00480192      0.88004348E+04      0.10156327E-07      6.11000000
  0.18575758     -1.87080012     12.00480192      0.99805937E+04      0.11518315E-07      6.13000000
  0.18636364     -1.90327371     12.00480192      0.11774844E+05      0.13589007E-07      6.15000000
  0.18696970     -1.94426197     12.00480192      0.13621951E+05      0.15720699E-07      6.17000000
  0.18757576     -1.99615626     12.00480192      0.15368001E+05      0.17735766E-07      6.19000000
  0.18818182     -2.08275001     12.00480192      0.16006487E+05      0.18472624E-07      6.21000000
  0.18878788     -2.11446440     12.00480192      0.18917076E+05      0.21831651E-07      6.23000000
  0.18939394     -2.20973247     12.00480192      0.19313382E+05      0.22289016E-07      6.25000000
  0.19000000     -2.30053986     12.00480192      0.19921559E+05      0.22990895E-07      6.27000000
  0.19060606     -2.35805115     12.00480192      0.22186277E+05      0.25604540E-07      6.29000000
  0.19121212     -2.45208821     12.00480192      0.22715366E+05      0.26215148E-07      6.31000000
  0.19181818     -2.47663115     12.00480192      0.27292869E+05      0.31497911E-07      6.33000000
  0.19242424     -2.50264456     12.00480192      0.32681965E+05      0.37717311E-07      6.35000000
  0.19303030     -2.53606833     12.00480192      0.38473064E+05      0.44400651E-07      6.37000000
  0.19363636     -2.64770161     12.00480192      0.37826476E+05      0.43654442E-07      6.39000000
  0.19424242     -2.78788031     12.00480192      0.34824875E+05      0.40190382E-07      6.41000000
  0.19484848     -2.83134598     12.00480192      0.40058647E+05      0.46230527E-07      6.43000000
  0.19545455     -2.84292785     12.00480192      0.49589165E+05      0.57229422E-07      6.45000000
  0.19606061     -3.06870690     12.00480192      0.37486952E+05      0.43262608E-07      6.47000000
  0.19666667     -2.87965068     12.00480192      0.73656103E+05      0.85004379E-07      6.49000000
  0.19727273     -3.06870690     12.00480192      0.60593342E+05      0.69929024E-07      6.51000000
  0.19787879     -3.04940175     12.00480192      0.80538296E+05      0.92946918E-07      6.53000000
  0.19848485     -3.26500156     12.00480192      0.62326825E+05      0.71929587E-07      6.55000000
  0.19909091     -3.18068067     12.00480192      0.96220649E+05      0.11104547E-06      6.57000000
  0.19969697     -3.36973689     12.00480192      0.79156111E+05      0.91351779E-07      6.59000000
  0.20030303     -3.41112959     12.00480192      0.91488000E+05      0.10558366E-06      6.61000000
  0.20090909     -3.45688710     12.00480192      0.10468369E+06      0.12081242E-06      6.63000000
  0.20151515     -3.45688710     12.00480192      0.13309183E+06      0.15359743E-06      6.65000000
  0.20212121     -3.93400834     12.00480192      0.56403043E+05      0.65093122E-07      6.67000000
  0.20272727     -3.50803960     12.00480192      0.19122456E+06      0.22068673E-06      6.69000000
  0.20333333     -3.80906959     12.00480192      0.12155870E+06      0.14028738E-06      6.71000000
  0.20393939     -3.80906959     12.00480192      0.15454624E+06      0.17835735E-06      6.73000000
  0.20454545     -4.11009959     12.00480192      0.98242822E+05      0.11337920E-06      6.75000000
  0.20515152     -3.71215959     12.00480192      0.31225774E+06      0.36036763E-06      6.77000000
  0.20575758     -3.93400834     12.00480192      0.23819731E+06      0.27489662E-06      6.79000000
  0.20636364     -4.41112958     12.00480192      0.10094574E+06      0.11649856E-06      6.81000000
  0.20696970     -4.11009959     12.00480192      0.25667902E+06      0.29622583E-06      6.83000000
  0.20757576     -4.41112958     12.00480192      0.16316716E+06      0.18830650E-06      6.85000000
  0.20818182     -4.41112958     12.00480192      0.20744604E+06      0.23940747E-06      6.87000000
  0.21121212     -4.41112958     12.00480192      0.68907591E+06      0.79524258E-06      6.97000000
