  0.11545455     -3.78435409     13.00390117      0.13314929E-09      0.15366375E-21      3.81000000
  0.11606061     -4.08538409     13.00390117      0.86349399E-10      0.99653345E-22      3.83000000
  0.11666667     -3.38641407     13.00390117      0.55998937E-09      0.64626754E-21      3.85000000
  0.11727273     -3.10766045     13.00390117      0.13800152E-08      0.15926356E-20      3.87000000
  0.11787879     -2.84234600     13.00390117      0.32972263E-08      0.38052335E-20      3.89000000
  0.11848485     -2.65402029     13.00390117      0.65981915E-08      0.76147821E-20      3.91000000
  0.11909091     -2.47792903     13.00390117      0.12837091E-07      0.14814916E-19      3.93000000
  0.11969697     -2.31086711     13.00390117      0.24461270E-07      0.28230044E-19      3.95000000
  0.12030303     -2.17958819     13.00390117      0.42924809E-07      0.49538281E-19      3.97000000
  0.12090909     -2.03038823     13.00390117      0.78498035E-07      0.90592313E-19      3.99000000
  0.12151515     -1.93309571     13.00390117      0.12738015E-06      0.14700574E-18      4.01000000
  0.12212121     -1.77046402     13.00390117      0.24026134E-06      0.27727866E-18      4.03000000
  0.12272727     -1.63977986     13.00390117      0.42103530E-06      0.48590466E-18      4.05000000
  0.12333333     -1.59053406     13.00390117      0.61166658E-06      0.70590672E-18      4.07000000
  0.12393939     -1.44739427     13.00390117      0.11030749E-05      0.12730268E-17      4.09000000
  0.12454545     -1.38815472     13.00390117      0.16398155E-05      0.18924637E-17      4.11000000
  0.12515152     -1.25351429     13.00390117      0.28999190E-05      0.33467127E-17      4.13000000
  0.12575758     -1.19552236     13.00390117      0.42986121E-05      0.49609039E-17      4.15000000
  0.12636364     -1.09771781     13.00390117      0.69836627E-05      0.80596432E-17      4.17000000
  0.12696970     -1.01794123     13.00390117      0.10884545E-04      0.12561539E-16      4.19000000
  0.12757576     -0.96087983     13.00390117      0.16099861E-04      0.18580384E-16      4.21000000
  0.12818182     -0.86240762     13.00390117      0.26196592E-04      0.30232729E-16      4.23000000
  0.12878788     -0.81168846     13.00390117      0.38186900E-04      0.44070397E-16      4.25000000
  0.12939394     -0.73349117     13.00390117      0.59301017E-04      0.68437589E-16      4.27000000
  0.13000000     -0.66683420     13.00390117      0.89674623E-04      0.10349089E-15      4.29000000
  0.13060606     -0.61175113     13.00390117      0.13203926E-03      0.15238269E-15      4.31000000
  0.13121212     -0.55595372     13.00390117      0.19473811E-03      0.22474162E-15      4.33000000
  0.13181818     -0.51065847     13.00390117      0.28034748E-03      0.32354092E-15      4.35000000
  0.13242424     -0.44995060     13.00390117      0.41817202E-03      0.48260023E-15      4.37000000
  0.13303030     -0.39139346     13.00390117      0.62067258E-03      0.71630028E-15      4.39000000
  0.13363636     -0.34910711     13.00390117      0.88735900E-03      0.10240754E-14      4.41000000
  0.13424242     -0.30165909     13.00390117      0.12838013E-02      0.14815980E-14      4.43000000
  0.13484848     -0.26560988     13.00390117      0.18092454E-02      0.20879979E-14      4.45000000
  0.13545455     -0.22714773     13.00390117      0.25639532E-02      0.29589842E-14      4.47000000
  0.13606061     -0.19137279     13.00390117      0.36110664E-02      0.41674274E-14      4.49000000
  0.13666667     -0.15558212     13.00390117      0.50860029E-02      0.58696089E-14      4.51000000
  0.13727273     -0.12784862     13.00390117      0.70317035E-02      0.81150857E-14      4.53000000
  0.13787879     -0.09179355     13.00390117      0.99098270E-02      0.11436645E-13      4.55000000
  0.13848485     -0.07170438     13.00390117      0.13461879E-01      0.15535966E-13      4.57000000
  0.13909091     -0.04863544     13.00390117      0.18413022E-01      0.21249937E-13      4.59000000
  0.13969697     -0.02113203     13.00390117      0.25443622E-01      0.29363749E-13      4.61000000
  0.14030303     -0.00118328     13.00390117      0.34552394E-01      0.39875919E-13      4.63000000
  0.14090909      0.01490032     13.00390117      0.46506343E-01      0.53671626E-13      4.65000000
  0.14151515      0.03039281     13.00390117      0.62510811E-01      0.72141919E-13      4.67000000
  0.14212121      0.04157485     13.00390117      0.83193160E-01      0.96010821E-13      4.69000000
  0.14272727      0.05931467     13.00390117      0.11240300E+00      0.12972105E-12      4.71000000
  0.14333333      0.06861362     13.00390117      0.14894547E+00      0.17189366E-12      4.73000000
  0.14393939      0.07853726     13.00390117      0.19765208E+00      0.22810455E-12      4.75000000
  0.14454545      0.07974151     13.00390117      0.25707277E+00      0.29668025E-12      4.77000000
  0.14515152      0.08660552     13.00390117      0.33874317E+00      0.39093370E-12      4.79000000
  0.14575758      0.08818094     13.00390117      0.44095717E+00      0.50889593E-12      4.81000000
  0.14636364      0.08848661     13.00390117      0.57233794E+00      0.66051867E-12      4.83000000
  0.14696970      0.08699990     13.00390117      0.73980332E+00      0.85378562E-12      4.85000000
  0.14757576      0.08807900     13.00390117      0.96193522E+00      0.11101416E-11      4.87000000
  0.14818182      0.08190372     13.00390117      0.12300450E+01      0.14195594E-11      4.89000000
  0.14878788      0.07258617     13.00390117      0.15615428E+01      0.18021314E-11      4.91000000
  0.14939394      0.06737807     13.00390117      0.20012265E+01      0.23095577E-11      4.93000000
  0.15000000      0.06261671     13.00390117      0.25673516E+01      0.29629062E-11      4.95000000
  0.15060606      0.05304495     13.00390117      0.32573470E+01      0.37592100E-11      4.97000000
  0.15121212      0.04133165     13.00390117      0.41124552E+01      0.47460656E-11      4.99000000
  0.15181818      0.02904342     13.00390117      0.51851748E+01      0.59840604E-11      5.01000000
  0.15242424      0.01785502     13.00390117      0.65542870E+01      0.75641131E-11      5.03000000
  0.15303030      0.00300010     13.00390117      0.82152538E+01      0.94809868E-11      5.05000000
  0.15363636     -0.01427565     13.00390117      0.10239899E+02      0.11817572E-10      5.07000000
  0.15424242     -0.03504299     13.00390117      0.12661314E+02      0.14612057E-10      5.09000000
  0.15484848     -0.05462248     13.00390117      0.15698196E+02      0.18116834E-10      5.11000000
  0.15545455     -0.07674131     13.00390117      0.19350018E+02      0.22331296E-10      5.13000000
  0.15606061     -0.09582302     13.00390117      0.24018734E+02      0.27719326E-10      5.15000000
  0.15666667     -0.11863240     13.00390117      0.29559099E+02      0.34113301E-10      5.17000000
  0.15727273     -0.14564025     13.00390117      0.36027472E+02      0.41578263E-10      5.19000000
  0.15787879     -0.16787856     13.00390117      0.44396213E+02      0.51236386E-10      5.21000000
  0.15848485     -0.19432073     13.00390117      0.54181897E+02      0.62529760E-10      5.23000000
  0.15909091     -0.22525575     13.00390117      0.65443969E+02      0.75526993E-10      5.25000000
  0.15969697     -0.25316264     13.00390117      0.79600025E+02      0.91864087E-10      5.27000000
  0.16030303     -0.28104013     13.00390117      0.96824700E+02      0.11174259E-09      5.29000000
  0.16090909     -0.31685695     13.00390117      0.11564312E+03      0.13346038E-09      5.31000000
  0.16151515     -0.34462674     13.00390117      0.14070206E+03      0.16238018E-09      5.33000000
  0.16212121     -0.37713317     13.00390117      0.16933412E+03      0.19542361E-09      5.35000000
  0.16272727     -0.41914697     13.00390117      0.19937978E+03      0.23009844E-09      5.37000000
  0.16333333     -0.44376127     13.00390117      0.24435277E+03      0.28200047E-09      5.39000000
  0.16393939     -0.47825085     13.00390117      0.29273735E+03      0.33783972E-09      5.41000000
  0.16454545     -0.51384994     13.00390117      0.34980781E+03      0.40370308E-09      5.43000000
  0.16515152     -0.56411522     13.00390117      0.40412403E+03      0.46638786E-09      5.45000000
  0.16575758     -0.60044394     13.00390117      0.48209919E+03      0.55637674E-09      5.47000000
  0.16636364     -0.64274755     13.00390117      0.56726141E+03      0.65465999E-09      5.49000000
  0.16696970     -0.67133040     13.00390117      0.68889152E+03      0.79502979E-09      5.51000000
  0.16757576     -0.70981191     13.00390117      0.81774855E+03      0.94373996E-09      5.53000000
  0.16818182     -0.76638215     13.00390117      0.93110785E+03      0.10745647E-08      5.55000000
  0.16878788     -0.80571713     13.00390117      0.11031015E+04      0.12730575E-08      5.57000000
  0.16939394     -0.84935092     13.00390117      0.12939936E+04      0.14933606E-08      5.59000000
  0.17000000     -0.90126070     13.00390117      0.14892678E+04      0.17187209E-08      5.61000000
  0.17060606     -0.95505031     13.00390117      0.17066075E+04      0.19695463E-08      5.63000000
  0.17121212     -0.97563683     13.00390117      0.21110454E+04      0.24362964E-08      5.65000000
  0.17181818     -1.03771986     13.00390117      0.23733674E+04      0.27390347E-08      5.67000000
  0.17242424     -1.10175780     13.00390117      0.26563023E+04      0.30655617E-08      5.69000000
  0.17303030     -1.14586481     13.00390117      0.31125830E+04      0.35921420E-08      5.71000000
  0.17363636     -1.19468370     13.00390117      0.36078835E+04      0.41637540E-08      5.73000000
  0.17424242     -1.23535082     13.00390117      0.42612384E+04      0.49177720E-08      5.75000000
  0.17484848     -1.30041037     13.00390117      0.47580251E+04      0.54910993E-08      5.77000000
  0.17545455     -1.35419836     13.00390117      0.54524186E+04      0.62924786E-08      5.79000000
  0.17606061     -1.39874780     13.00390117      0.63824908E+04      0.73658480E-08      5.81000000
  0.17666667     -1.45394030     13.00390117      0.72903461E+04      0.84135776E-08      5.83000000
  0.17727273     -1.50789228     13.00390117      0.83511565E+04      0.96378282E-08      5.85000000
  0.17787879     -1.57752819     13.00390117      0.92270135E+04      0.10648630E-07      5.87000000
  0.17848485     -1.63977986     13.00390117      0.10369551E+05      0.11967199E-07      5.89000000
  0.17909091     -1.70880712     13.00390117      0.11473162E+05      0.13240845E-07      5.91000000
  0.17969697     -1.73416774     13.00390117      0.14036957E+05      0.16199646E-07      5.93000000
  0.18030303     -1.80663047     13.00390117      0.15408511E+05      0.17782518E-07      5.95000000
  0.18090909     -1.87586904     13.00390117      0.17040117E+05      0.19665506E-07      5.97000000
  0.18151515     -1.91074286     13.00390117      0.20396197E+05      0.23538661E-07      5.99000000
  0.18212121     -1.98158034     13.00390117      0.22473057E+05      0.25935506E-07      6.01000000
  0.18272727     -2.03230561     13.00390117      0.25935065E+05      0.29930909E-07      6.03000000
  0.18333333     -2.07254683     13.00390117      0.30661724E+05      0.35385809E-07      6.05000000
  0.18393939     -2.20172264     13.00390117      0.29537329E+05      0.34088177E-07      6.07000000
  0.18454545     -2.22206121     13.00390117      0.36558056E+05      0.42190595E-07      6.09000000
  0.18515152     -2.29650893     13.00390117      0.39947152E+05      0.46101853E-07      6.11000000
  0.18575758     -2.46213478     13.00390117      0.35384285E+05      0.40835980E-07      6.13000000
  0.18636364     -2.47792903     13.00390117      0.44255436E+05      0.51073919E-07      6.15000000
  0.18696970     -2.47792903     13.00390117      0.57400685E+05      0.66244471E-07      6.17000000
  0.18757576     -2.60108423     13.00390117      0.56067647E+05      0.64706050E-07      6.19000000
  0.18818182     -2.64605137     13.00390117      0.65568559E+05      0.75670778E-07      6.21000000
  0.18878788     -2.75294562     13.00390117      0.66489312E+05      0.76733392E-07      6.23000000
  0.18939394     -2.86790012     13.00390117      0.66183204E+05      0.76380123E-07      6.25000000
  0.19000000     -2.89505237     13.00390117      0.80639158E+05      0.93063321E-07      6.27000000
  0.19060606     -2.83011156     13.00390117      0.12146111E+06      0.14017476E-06      6.29000000
  0.19121212     -3.00620280     13.00390117      0.10502591E+06      0.12120737E-06      6.31000000
  0.19181818     -3.24028603     13.00390117      0.79462766E+05      0.91705681E-07      6.33000000
  0.19242424     -2.98847405     13.00390117      0.18404588E+06      0.21240203E-06      6.35000000
  0.19303030     -3.27247073     13.00390117      0.12413089E+06      0.14325588E-06      6.37000000
  0.19363636     -3.48332410     13.00390117      0.99077940E+05      0.11434299E-06      6.39000000
  0.19424242     -3.78435409     13.00390117      0.64253593E+05      0.74153214E-07      6.41000000
  0.19484848     -3.30723280     13.00390117      0.25001678E+06      0.28853714E-06      6.43000000
  0.19545455     -3.60826279     13.00390117      0.16213979E+06      0.18712085E-06      6.45000000
  0.19606061     -3.48332410     13.00390117      0.28040049E+06      0.32360210E-06      6.47000000
  0.19666667     -3.90929279     13.00390117      0.13638309E+06      0.15739578E-06      6.49000000
  0.19727273     -3.48332410     13.00390117      0.47171498E+06      0.54439262E-06      6.51000000
  0.19787879     -3.78435409     13.00390117      0.30591454E+06      0.35304713E-06      6.53000000
  0.19848485     -3.78435409     13.00390117      0.39678073E+06      0.45791317E-06      6.55000000
  0.19909091     -3.78435409     13.00390117      0.51463702E+06      0.59392771E-06      6.57000000
  0.20030303     -4.38641408     13.00390117      0.21644220E+06      0.24978968E-06      6.61000000
  0.20090909     -3.90929279     13.00390117      0.84219698E+06      0.97195518E-06      6.63000000
  0.20151515     -4.38641408     13.00390117      0.36411858E+06      0.42021872E-06      6.65000000
  0.20272727     -4.38641408     13.00390117      0.61255309E+06      0.70692981E-06      6.69000000
  0.20333333     -4.08538409     13.00390117      0.15890010E+07      0.18338202E-05      6.71000000
  0.20393939     -4.38641408     13.00390117      0.10304920E+07      0.11892611E-05      6.73000000
  0.20757576     -4.38641408     13.00390117      0.49062236E+07      0.56621308E-05      6.85000000
  0.20878788     -4.38641408     13.00390117      0.82536917E+07      0.95253469E-05      6.89000000
