  0.14272727     -3.92774698      3.00030003      0.16694456E-06      0.19266589E-18      4.71000000
  0.14393939     -3.92774698      3.00030003      0.18823172E-06      0.21723279E-18      4.75000000
  0.14454545     -3.92774698      3.00030003      0.19987252E-06      0.23066710E-18      4.77000000
  0.14575758     -3.62671699      3.00030003      0.45071668E-06      0.52015909E-18      4.81000000
  0.14757576     -3.62671699      3.00030003      0.53961555E-06      0.62275471E-18      4.87000000
  0.14818182     -3.62671699      3.00030003      0.57298695E-06      0.66126768E-18      4.89000000
  0.14878788     -3.62671699      3.00030003      0.60842214E-06      0.70216240E-18      4.91000000
  0.15000000     -3.45062572      3.00030003      0.10290034E-05      0.11875431E-17      4.95000000
  0.15060606     -3.92774698      3.00030003      0.36421333E-06      0.42032807E-18      4.97000000
  0.15121212     -3.45062572      3.00030003      0.11602121E-05      0.13389672E-17      4.99000000
  0.15181818     -3.14959572      3.00030003      0.24639259E-05      0.28435457E-17      5.01000000
  0.15242424     -3.32568699      3.00030003      0.17442015E-05      0.20129325E-17      5.03000000
  0.15303030     -3.02465700      3.00030003      0.37041360E-05      0.42748363E-17      5.05000000
  0.15363636     -2.97350448      3.00030003      0.44248619E-05      0.51066052E-17      5.07000000
  0.15424242     -2.97350448      3.00030003      0.46985082E-05      0.54224125E-17      5.09000000
  0.15484848     -2.92774701      3.00030003      0.55434194E-05      0.63975000E-17      5.11000000
  0.15545455     -3.08264894      3.00030003      0.41203687E-05      0.47551984E-17      5.13000000
  0.15606061     -2.75165574      3.00030003      0.93753946E-05      0.10819872E-16      5.15000000
  0.15666667     -2.64899340      3.00030003      0.12609915E-04      0.14552739E-16      5.17000000
  0.15727273     -2.48058895      3.00030003      0.19732263E-04      0.22772434E-16      5.19000000
  0.15787879     -2.64899340      3.00030003      0.14217810E-04      0.16408364E-16      5.21000000
  0.15848485     -2.46534899      3.00030003      0.23042914E-04      0.26593161E-16      5.23000000
  0.15909091     -2.27453446      3.00030003      0.37967518E-04      0.43817215E-16      5.25000000
  0.15969697     -2.31496314      3.00030003      0.36731935E-04      0.42391264E-16      5.27000000
  0.16030303     -2.29427855      3.00030003      0.40906156E-04      0.47208612E-16      5.29000000
  0.16090909     -2.42259700      3.00030003      0.32324401E-04      0.37304657E-16      5.31000000
  0.16151515     -2.08264896      3.00030003      0.75082514E-04      0.86650558E-16      5.33000000
  0.16212121     -2.04693341      3.00030003      0.86559480E-04      0.99895793E-16      5.35000000
  0.16272727     -1.99832805      3.00030003      0.10279696E-03      0.11863500E-15      5.37000000
  0.16333333     -1.97350447      3.00030003      0.11557506E-03      0.13338183E-15      5.39000000
  0.16393939     -2.00866889      3.00030003      0.11317747E-03      0.13061484E-15      5.41000000
  0.16454545     -1.87852896      3.00030003      0.16216614E-03      0.18715126E-15      5.43000000
  0.16515152     -1.83784187      3.00030003      0.18910698E-03      0.21824289E-15      5.45000000
  0.16575758     -1.75165575      3.00030003      0.24488035E-03      0.28260934E-15      5.47000000
  0.16636364     -1.72362703      3.00030003      0.27735943E-03      0.32009250E-15      5.49000000
  0.16696970     -1.72092113      3.00030003      0.29635285E-03      0.34201226E-15      5.51000000
  0.16757576     -1.62889391      3.00030003      0.38895254E-03      0.44887888E-15      5.53000000
  0.16818182     -1.52462647      3.00030003      0.52507861E-03      0.60597804E-15      5.55000000
  0.16878788     -1.49961219      3.00030003      0.59060740E-03      0.68160292E-15      5.57000000
  0.16939394     -1.47442865      3.00030003      0.66457299E-03      0.76696448E-15      5.59000000
  0.17000000     -1.41319922      3.00030003      0.81251689E-03      0.93770225E-15      5.61000000
  0.17060606     -1.38616775      3.00030003      0.91817220E-03      0.10596360E-14      5.63000000
  0.17121212     -1.33557022      3.00030003      0.10954232E-02      0.12641963E-14      5.65000000
  0.17181818     -1.25564912      3.00030003      0.13981808E-02      0.16136000E-14      5.67000000
  0.17242424     -1.23666550      3.00030003      0.15509836E-02      0.17899454E-14      5.69000000
  0.17303030     -1.20593636      3.00030003      0.17676514E-02      0.20399954E-14      5.71000000
  0.17363636     -1.19294718      3.00030003      0.19339538E-02      0.22319201E-14      5.73000000
  0.17424242     -1.11684271      3.00030003      0.24468696E-02      0.28238615E-14      5.75000000
  0.17484848     -1.09396262      3.00030003      0.27387425E-02      0.31607035E-14      5.77000000
  0.17545455     -1.05675817      3.00030003      0.31682243E-02      0.36563561E-14      5.79000000
  0.17606061     -1.00710200      3.00030003      0.37716585E-02      0.43527621E-14      5.81000000
  0.17666667     -0.94865408      3.00030003      0.45818468E-02      0.52877769E-14      5.83000000
  0.17727273     -0.94142322      3.00030003      0.49468837E-02      0.57090554E-14      5.85000000
  0.17787879     -0.89836319      3.00030003      0.58003206E-02      0.66939823E-14      5.87000000
  0.17848485     -0.85586499      3.00030003      0.67922002E-02      0.78386819E-14      5.89000000
  0.17909091     -0.82462774      3.00030003      0.77501124E-02      0.89441807E-14      5.91000000
  0.17969697     -0.79612832      3.00030003      0.87875477E-02      0.10141455E-13      5.93000000
  0.18030303     -0.77210736      3.00030003      0.98616352E-02      0.11381028E-13      5.95000000
  0.18090909     -0.73462240      3.00030003      0.11415480E-01      0.13174275E-13      5.97000000
  0.18151515     -0.72038196      3.00030003      0.12525495E-01      0.14455311E-13      5.99000000
  0.18212121     -0.66128011      3.00030003      0.15239019E-01      0.17586911E-13      6.01000000
  0.18272727     -0.66128011      3.00030003      0.16181444E-01      0.18674537E-13      6.03000000
  0.18333333     -0.61366899      3.00030003      0.19172938E-01      0.22126934E-13      6.05000000
  0.18393939     -0.58414147      3.00030003      0.21790965E-01      0.25148323E-13      6.07000000
  0.18454545     -0.57633724      3.00030003      0.23558139E-01      0.27187767E-13      6.09000000
  0.18515152     -0.54591017      3.00030003      0.26830472E-01      0.30964272E-13      6.11000000
  0.18575758     -0.50927996      3.00030003      0.30996939E-01      0.35772671E-13      6.13000000
  0.18636364     -0.49047220      3.00030003      0.34370578E-01      0.39666091E-13      6.15000000
  0.18696970     -0.48183156      3.00030003      0.37229547E-01      0.42965544E-13      6.17000000
  0.18757576     -0.44558828      3.00030003      0.42972568E-01      0.49593398E-13      6.19000000
  0.18818182     -0.42655076      3.00030003      0.47674825E-01      0.55020137E-13      6.21000000
  0.18878788     -0.41546291      3.00030003      0.51932261E-01      0.59933521E-13      6.23000000
  0.18939394     -0.39767543      3.00030003      0.57449332E-01      0.66300613E-13      6.25000000
  0.19000000     -0.36927843      3.00030003      0.65124179E-01      0.75157932E-13      6.27000000
  0.19060606     -0.35978007      3.00030003      0.70680708E-01      0.81570562E-13      6.29000000
  0.19121212     -0.34014825      3.00030003      0.78522296E-01      0.90620312E-13      6.31000000
  0.19181818     -0.33093004      3.00030003      0.85167024E-01      0.98288800E-13      6.33000000
  0.19242424     -0.30698651      3.00030003      0.95559811E-01      0.11028282E-12      6.35000000
  0.19303030     -0.30574032      3.00030003      0.10176109E+00      0.11743953E-12      6.37000000
  0.19363636     -0.28637202      3.00030003      0.11298228E+00      0.13038958E-12      6.39000000
  0.19424242     -0.27443796      3.00030003      0.12331180E+00      0.14231059E-12      6.41000000
  0.19484848     -0.26076126      3.00030003      0.13512684E+00      0.15594598E-12      6.43000000
  0.19545455     -0.23719654      3.00030003      0.15148395E+00      0.17482325E-12      6.45000000
  0.19606061     -0.22869016      3.00030003      0.16403378E+00      0.18930664E-12      6.47000000
  0.19666667     -0.23287867      3.00030003      0.17250634E+00      0.19908457E-12      6.49000000
  0.19727273     -0.21392058      3.00030003      0.19134777E+00      0.22082893E-12      6.51000000
  0.19787879     -0.20461985      3.00030003      0.20757948E+00      0.23956147E-12      6.53000000
  0.19848485     -0.19015681      3.00030003      0.22788080E+00      0.26299064E-12      6.55000000
  0.19909091     -0.18541470      3.00030003      0.24463022E+00      0.28232067E-12      6.57000000
  0.19969697     -0.18134634      3.00030003      0.26220366E+00      0.30260166E-12      6.59000000
  0.20030303     -0.17370459      3.00030003      0.28336145E+00      0.32701926E-12      6.61000000
  0.20090909     -0.15851742      3.00030003      0.31159338E+00      0.35960091E-12      6.63000000
  0.20151515     -0.16891077      3.00030003      0.32303914E+00      0.37281013E-12      6.65000000
  0.20212121     -0.16245106      3.00030003      0.34815700E+00      0.40179793E-12      6.67000000
  0.20272727     -0.15623299      3.00030003      0.37501917E+00      0.43279879E-12      6.69000000
  0.20333333     -0.16642069      3.00030003      0.38897891E+00      0.44890931E-12      6.71000000
  0.20393939     -0.15645353      3.00030003      0.42262335E+00      0.48773738E-12      6.73000000
  0.20454545     -0.14405777      3.00030003      0.46175278E+00      0.53289553E-12      6.75000000
  0.20515152     -0.15903493      3.00030003      0.47368828E+00      0.54666995E-12      6.77000000
  0.20575758     -0.14714169      3.00030003      0.51694715E+00      0.59659376E-12      6.79000000
  0.20636364     -0.13367740      3.00030003      0.56620111E+00      0.65343633E-12      6.81000000
  0.20696970     -0.14836699      3.00030003      0.58122114E+00      0.67077051E-12      6.83000000
  0.20757576     -0.14448676      3.00030003      0.62270436E+00      0.71864509E-12      6.85000000
  0.20818182     -0.15046518      3.00030003      0.65217441E+00      0.75265563E-12      6.87000000
  0.20878788     -0.15119106      3.00030003      0.69135029E+00      0.79786738E-12      6.89000000
  0.20939394     -0.15454585      3.00030003      0.72845653E+00      0.84069062E-12      6.91000000
  0.21000000     -0.16007176      3.00030003      0.76372676E+00      0.88139497E-12      6.93000000
  0.21060606     -0.15881303      3.00030003      0.81331167E+00      0.93861949E-12      6.95000000
  0.21121212     -0.16529349      3.00030003      0.85081830E+00      0.98190480E-12      6.97000000
  0.21181818     -0.16506842      3.00030003      0.90390372E+00      0.10431691E-11      6.99000000
  0.21242424     -0.17716145      3.00030003      0.93344647E+00      0.10772636E-11      7.01000000
  0.21303030     -0.17546802      3.00030003      0.99504590E+00      0.11483537E-11      7.03000000
  0.21363636     -0.18502185      3.00030003      0.10335930E+01      0.11928398E-11      7.05000000
  0.21424242     -0.18920427      3.00030003      0.10869947E+01      0.12544691E-11      7.07000000
  0.21484848     -0.19988053      3.00030003      0.11261894E+01      0.12997026E-11      7.09000000
  0.21545455     -0.21007648      3.00030003      0.11680885E+01      0.13480572E-11      7.11000000
  0.21606061     -0.20511307      3.00030003      0.12545831E+01      0.14478781E-11      7.13000000
  0.21666667     -0.22119987      3.00030003      0.12837277E+01      0.14815131E-11      7.15000000
  0.21727273     -0.23147797      3.00030003      0.13312361E+01      0.15363411E-11      7.17000000
  0.21787879     -0.23217778      3.00030003      0.14112877E+01      0.16287263E-11      7.19000000
  0.21848485     -0.26366942      3.00030003      0.13937478E+01      0.16084840E-11      7.21000000
  0.21909091     -0.26461169      3.00030003      0.14767337E+01      0.17042557E-11      7.23000000
  0.21969697     -0.27395579      3.00030003      0.15346819E+01      0.17711320E-11      7.25000000
  0.22030303     -0.30017634      3.00030003      0.15341156E+01      0.17704785E-11      7.27000000
  0.22090909     -0.28985719      3.00030003      0.16681593E+01      0.19251744E-11      7.29000000
  0.22151515     -0.30771509      3.00030003      0.16999647E+01      0.19618801E-11      7.31000000
  0.22212121     -0.31179694      3.00030003      0.17882092E+01      0.20637205E-11      7.33000000
  0.22272727     -0.34273771      3.00030003      0.17682262E+01      0.20406588E-11      7.35000000
  0.22333333     -0.34807770      3.00030003      0.18546336E+01      0.21403790E-11      7.37000000
  0.22393939     -0.35860726      3.00030003      0.19221569E+01      0.22183057E-11      7.39000000
  0.22454545     -0.37228977      3.00030003      0.19777281E+01      0.22824389E-11      7.41000000
  0.22515152     -0.38591823      3.00030003      0.20351593E+01      0.23487185E-11      7.43000000
  0.22575758     -0.40791898      3.00030003      0.20542719E+01      0.23707758E-11      7.45000000
  0.22636364     -0.42137728      3.00030003      0.21147543E+01      0.24405768E-11      7.47000000
  0.22696970     -0.43540573      3.00030003      0.21741612E+01      0.25091365E-11      7.49000000
  0.22757576     -0.45484434      3.00030003      0.22075645E+01      0.25476863E-11      7.51000000
  0.22818182     -0.47780599      3.00030003      0.22233715E+01      0.25659287E-11      7.53000000
  0.22878788     -0.47107736      3.00030003      0.23977336E+01      0.27671550E-11      7.55000000
  0.22939394     -0.50351892      3.00030003      0.23627602E+01      0.27267932E-11      7.57000000
  0.23000000     -0.52274233      3.00030003      0.24002502E+01      0.27700593E-11      7.59000000
  0.23060606     -0.53716512      3.00030003      0.24654375E+01      0.28452901E-11      7.61000000
  0.23121212     -0.54826018      3.00030003      0.25518739E+01      0.29450438E-11      7.63000000
  0.23181818     -0.58512694      3.00030003      0.24891595E+01      0.28726670E-11      7.65000000
  0.23242424     -0.59957131      3.00030003      0.25566344E+01      0.29505378E-11      7.67000000
  0.23303030     -0.63571256      3.00030003      0.24979725E+01      0.28828378E-11      7.69000000
  0.23363636     -0.62911222      3.00030003      0.26930739E+01      0.31079987E-11      7.71000000
  0.23424242     -0.65335820      3.00030003      0.27043479E+01      0.31210097E-11      7.73000000
  0.23484848     -0.67102925      3.00030003      0.27570953E+01      0.31818840E-11      7.75000000
  0.23545455     -0.68894844      3.00030003      0.28092660E+01      0.32420927E-11      7.77000000
  0.23606061     -0.72200147      3.00030003      0.27643951E+01      0.31903085E-11      7.79000000
  0.23666667     -0.74561779      3.00030003      0.27799954E+01      0.32083123E-11      7.81000000
  0.23727273     -0.74733434      3.00030003      0.29402739E+01      0.33932851E-11      7.83000000
  0.23787879     -0.77914434      3.00030003      0.29016036E+01      0.33486568E-11      7.85000000
  0.23848485     -0.80454891      3.00030003      0.29059877E+01      0.33537164E-11      7.87000000
  0.23909091     -0.82806635      3.00030003      0.29230525E+01      0.33734104E-11      7.89000000
  0.23969697     -0.84388620      3.00030003      0.29927954E+01      0.34538987E-11      7.91000000
  0.24030303     -0.88793641      3.00030003      0.28713564E+01      0.33137494E-11      7.93000000
  0.24090909     -0.89432322      3.00030003      0.30044195E+01      0.34673136E-11      7.95000000
  0.24151515     -0.92085328      3.00030003      0.30011713E+01      0.34635650E-11      7.97000000
  0.24212121     -0.94865408      3.00030003      0.29891675E+01      0.34497118E-11      7.99000000
  0.24272727     -0.97447066      3.00030003      0.29908453E+01      0.34516481E-11      8.01000000
  0.24333333     -1.00450299      3.00030003      0.29636158E+01      0.34202233E-11      8.03000000
  0.24393939     -1.00658092      3.00030003      0.31318737E+01      0.36144049E-11      8.05000000
  0.24454545     -1.03232443      3.00030003      0.31341588E+01      0.36170421E-11      8.07000000
  0.24515152     -1.06382962      3.00030003      0.30951100E+01      0.35719770E-11      8.09000000
  0.24575758     -1.09015857      3.00030003      0.30931959E+01      0.35697679E-11      8.11000000
  0.24636364     -1.12771765      3.00030003      0.30123721E+01      0.34764915E-11      8.13000000
  0.24696970     -1.17878415      3.00030003      0.28438218E+01      0.32819725E-11      8.15000000
  0.24757576     -1.15177264      3.00030003      0.32134694E+01      0.37085721E-11      8.17000000
  0.24818182     -1.19454972      3.00030003      0.30921273E+01      0.35685347E-11      8.19000000
  0.24878788     -1.23314179      3.00030003      0.30041774E+01      0.34670342E-11      8.21000000
  0.24939394     -1.26878216      3.00030003      0.29386339E+01      0.33913924E-11      8.23000000
  0.25000000     -1.31284978      3.00030003      0.28192795E+01      0.32536489E-11      8.25000000
  0.25060606     -1.30243453      3.00030003      0.30662930E+01      0.35387201E-11      8.27000000
  0.25121212     -1.34341575      3.00030003      0.29627343E+01      0.34192060E-11      8.29000000
  0.25181818     -1.41319922      3.00030003      0.26789803E+01      0.30917337E-11      8.31000000
  0.25242424     -1.37997230      3.00030003      0.30708366E+01      0.35439637E-11      8.33000000
  0.25303030     -1.40270219      3.00030003      0.30944758E+01      0.35712451E-11      8.35000000
  0.25363636     -1.45062575      3.00030003      0.29425497E+01      0.33959115E-11      8.37000000
  0.25424242     -1.47290211      3.00030003      0.29682996E+01      0.34256287E-11      8.39000000
  0.25484848     -1.50286535      3.00030003      0.29417432E+01      0.33949808E-11      8.41000000
  0.25545455     -1.52634645      3.00030003      0.29592655E+01      0.34152028E-11      8.43000000
  0.25606061     -1.52462647      3.00030003      0.31547445E+01      0.36407994E-11      8.45000000
  0.25666667     -1.56791151      3.00030003      0.30320714E+01      0.34992259E-11      8.47000000
  0.25727273     -1.65128518      3.00030003      0.26572109E+01      0.30666103E-11      8.49000000
  0.25787879     -1.58139401      3.00030003      0.33141905E+01      0.38248115E-11      8.51000000
  0.25848485     -1.72092113      3.00030003      0.25521761E+01      0.29453926E-11      8.53000000
  0.25909091     -1.71823199      3.00030003      0.27268425E+01      0.31469700E-11      8.55000000
  0.25969697     -1.79102640      3.00030003      0.24486455E+01      0.28259109E-11      8.57000000
  0.26030303     -1.79420806      3.00030003      0.25810982E+01      0.29787708E-11      8.59000000
  0.26090909     -1.79420806      3.00030003      0.27407208E+01      0.31629866E-11      8.61000000
  0.26151515     -1.87852896      3.00030003      0.23966476E+01      0.27659017E-11      8.63000000
  0.26212121     -1.97350447      3.00030003      0.20449794E+01      0.23600516E-11      8.65000000
  0.26272727     -1.88242401      3.00030003      0.26781178E+01      0.30907383E-11      8.67000000
  0.26333333     -2.00346769      3.00030003      0.21520198E+01      0.24835838E-11      8.69000000
  0.26393939     -1.98822774      3.00030003      0.23667179E+01      0.27313607E-11      8.71000000
  0.26454545     -1.96395917      3.00030003      0.26575126E+01      0.30669585E-11      8.73000000
  0.26515152     -2.11483364      3.00030003      0.19937061E+01      0.23008786E-11      8.75000000
  0.26575758     -2.02465702      3.00030003      0.26055417E+01      0.30069804E-11      8.77000000
  0.26636364     -2.18738430      3.00030003      0.19020899E+01      0.21951469E-11      8.79000000
  0.26696970     -2.07648865      3.00030003      0.26072757E+01      0.30089815E-11      8.81000000
  0.26757576     -2.25564913      3.00030003      0.18326805E+01      0.21150436E-11      8.83000000
  0.26818182     -2.20347111      3.00030003      0.21944467E+01      0.25325475E-11      8.85000000
  0.26878788     -2.26498917      3.00030003      0.20224010E+01      0.23339945E-11      8.87000000
  0.26939394     -2.22017683      3.00030003      0.23808930E+01      0.27477198E-11      8.89000000
  0.27000000     -2.30449769      3.00030003      0.20819931E+01      0.24027681E-11      8.91000000
  0.27060606     -2.35954524      3.00030003      0.19475652E+01      0.22476287E-11      8.93000000
  0.27121212     -2.34796340      3.00030003      0.21239003E+01      0.24511320E-11      8.95000000
  0.27181818     -2.49638324      3.00030003      0.16024134E+01      0.18492990E-11      8.97000000
  0.27242424     -2.40923305      3.00030003      0.20796250E+01      0.24000351E-11      8.99000000
  0.27303030     -2.51277365      3.00030003      0.17398216E+01      0.20078778E-11      9.01000000
  0.27363636     -2.58532431      3.00030003      0.15631992E+01      0.18040430E-11      9.03000000
  0.27424242     -2.54753573      3.00030003      0.18107695E+01      0.20897567E-11      9.05000000
  0.27484848     -2.62671701      3.00030003      0.16022939E+01      0.18491610E-11      9.07000000
  0.27545455     -2.49638324      3.00030003      0.22968690E+01      0.26507501E-11      9.09000000
  0.27606061     -2.64899340      3.00030003      0.17162729E+01      0.19807009E-11      9.11000000
  0.27666667     -2.51277365      3.00030003      0.24938272E+01      0.28780539E-11      9.13000000
  0.27727273     -2.64899340      3.00030003      0.19351155E+01      0.22332608E-11      9.15000000
  0.27787879     -2.92774701      3.00030003      0.10814677E+01      0.12480906E-11      9.17000000
  0.27848485     -3.08264894      3.00030003      0.80384422E+00      0.92769337E-12      9.19000000
  0.27909091     -2.84856573      3.00030003      0.14632394E+01      0.16886823E-11      9.21000000
  0.27969697     -3.22877701      3.00030003      0.64738760E+00      0.74713131E-12      9.23000000
  0.28030303     -2.84856573      3.00030003      0.16498176E+01      0.19040068E-11      9.25000000
  0.28090909     -2.88635430      3.00030003      0.16058598E+01      0.18532764E-11      9.27000000
  0.28151515     -2.97350448      3.00030003      0.13951398E+01      0.16100905E-11      9.29000000
  0.28212121     -2.97350448      3.00030003      0.14814193E+01      0.17096632E-11      9.31000000
  0.28272727     -2.97350448      3.00030003      0.15730346E+01      0.18153938E-11      9.33000000
  0.28333333     -3.08264894      3.00030003      0.12991344E+01      0.14992935E-11      9.35000000
  0.28393939     -3.14959572      3.00030003      0.11824086E+01      0.13645836E-11      9.37000000
  0.28454545     -3.32568699      3.00030003      0.83702145E+00      0.96598226E-12      9.39000000
  0.28515152     -3.22877701      3.00030003      0.11109816E+01      0.12821517E-11      9.41000000
  0.28575758     -3.45062572      3.00030003      0.70781280E+00      0.81686629E-12      9.43000000
  0.28636364     -3.92774698      3.00030003      0.25052866E+00      0.28912789E-12      9.45000000
  0.28696970     -3.14959572      3.00030003      0.15961326E+01      0.18420504E-11      9.47000000
  0.28757576     -3.92774698      3.00030003      0.28247367E+00      0.32599470E-12      9.49000000
  0.28818182     -3.22877701      3.00030003      0.14997132E+01      0.17307757E-11      9.51000000
  0.28878788     -3.62671699      3.00030003      0.63698399E+00      0.73512481E-12      9.53000000
  0.28939394     -3.92774698      3.00030003      0.33818847E+00      0.39029354E-12      9.55000000
  0.29000000     -3.32568699      3.00030003      0.14364121E+01      0.16577217E-11      9.57000000
  0.29060606     -3.92774698      3.00030003      0.38131101E+00      0.44006002E-12      9.59000000
  0.29121212     -3.62671699      3.00030003      0.80978480E+00      0.93454922E-12      9.61000000
  0.29181818     -3.62671699      3.00030003      0.85986425E+00      0.99234447E-12      9.63000000
  0.29242424     -3.92774698      3.00030003      0.45652038E+00      0.52685698E-12      9.65000000
  0.29303030     -3.92774698      3.00030003      0.48475294E+00      0.55943935E-12      9.67000000
  0.29363636     -3.62671699      3.00030003      0.10294629E+01      0.11880734E-11      9.69000000
  0.29424242     -3.92774698      3.00030003      0.54656397E+00      0.63077367E-12      9.71000000
  0.29484848     -3.32568699      3.00030003      0.23214603E+01      0.26791302E-11      9.73000000
  0.29545455     -3.92774698      3.00030003      0.61625655E+00      0.71120387E-12      9.75000000
  0.29666667     -3.92774698      3.00030003      0.69483566E+00      0.80188974E-12      9.79000000
  0.29787879     -3.92774698      3.00030003      0.78343442E+00      0.90413901E-12      9.83000000
  0.29848485     -3.92774698      3.00030003      0.83188429E+00      0.96005361E-12      9.85000000
  0.29969697     -3.92774698      3.00030003      0.93795817E+00      0.10824704E-11      9.89000000
  0.30030303     -3.62671699      3.00030003      0.19919285E+01      0.22988271E-11      9.91000000
  0.31060606     -3.92774698      3.00030003      0.27622846E+01      0.31878728E-11     10.25000000
