  0.11424242     -3.61894190     14.99250375      0.23141640E-09      0.26707098E-21      3.77000000
  0.11484848     -3.37590387     14.99250375      0.54658209E-09      0.63079459E-21      3.79000000
  0.11545455     -2.99055297     14.99250375      0.17915525E-08      0.20675789E-20      3.81000000
  0.11606061     -2.70248795     14.99250375      0.46937265E-08      0.54168941E-20      3.83000000
  0.11666667     -2.43567205     14.99250375      0.11710001E-07      0.13514173E-19      3.85000000
  0.11727273     -2.32337479     14.99250375      0.20468094E-07      0.23621636E-19      3.87000000
  0.11787879     -2.05664906     14.99250375      0.51053600E-07      0.58919483E-19      3.89000000
  0.11848485     -1.95855081     14.99250375      0.86367005E-07      0.99673663E-19      3.91000000
  0.11909091     -1.78643299     14.99250375      0.17325625E-06      0.19995003E-18      3.93000000
  0.11969697     -1.59671980     14.99250375      0.36193062E-06      0.41769367E-18      3.95000000
  0.12030303     -1.48540299     14.99250375      0.63119765E-06      0.72844696E-18      3.97000000
  0.12090909     -1.33734045     14.99250375      0.11979844E-05      0.13825591E-17      3.99000000
  0.12151515     -1.26291606     14.99250375      0.19191052E-05      0.22147838E-17      4.01000000
  0.12212121     -1.13039121     14.99250375      0.35143649E-05      0.40558269E-17      4.03000000
  0.12272727     -1.04375407     14.99250375      0.57903821E-05      0.66825126E-17      4.05000000
  0.12333333     -0.94776907     14.99250375      0.97479987E-05      0.11249883E-16      4.07000000
  0.12393939     -0.85645091     14.99250375      0.16235170E-04      0.18736541E-16      4.09000000
  0.12454545     -0.77353375     14.99250375      0.26521449E-04      0.30607637E-16      4.11000000
  0.12515152     -0.68761120     14.99250375      0.43625762E-04      0.50347231E-16      4.13000000
  0.12575758     -0.64282130     14.99250375      0.65276395E-04      0.75333600E-16      4.15000000
  0.12636364     -0.56856216     14.99250375      0.10452942E-03      0.12063438E-15      4.17000000
  0.12696970     -0.50608566     14.99250375      0.16290645E-03      0.18800562E-15      4.19000000
  0.12757576     -0.44097278     14.99250375      0.25543146E-03      0.29478606E-15      4.21000000
  0.12818182     -0.38849300     14.99250375      0.38902489E-03      0.44896238E-15      4.23000000
  0.12878788     -0.33209263     14.99250375      0.59786205E-03      0.68997531E-15      4.25000000
  0.12939394     -0.28358434     14.99250375      0.90226170E-03      0.10412741E-14      4.27000000
  0.13000000     -0.24815136     14.99250375      0.13212614E-02      0.15248295E-14      4.29000000
  0.13060606     -0.19812008     14.99250375      0.20009823E-02      0.23092758E-14      4.31000000
  0.13121212     -0.15613226     14.99250375      0.29747762E-02      0.34331032E-14      4.33000000
  0.13181818     -0.11863682     14.99250375      0.43769639E-02      0.50513275E-14      4.35000000
  0.13242424     -0.08165814     14.99250375      0.64324273E-02      0.74234783E-14      4.37000000
  0.13303030     -0.05156260     14.99250375      0.93045132E-02      0.10738070E-13      4.39000000
  0.13363636     -0.02121931     14.99250375      0.13466669E-01      0.15541493E-13      4.41000000
  0.13424242      0.00811654     14.99250375      0.19445506E-01      0.22441497E-13      4.43000000
  0.13484848      0.02589042     14.99250375      0.27341125E-01      0.31553602E-13      4.45000000
  0.13545455      0.04766964     14.99250375      0.38798848E-01      0.44776629E-13      4.47000000
  0.13606061      0.06912178     14.99250375      0.55016657E-01      0.63493133E-13      4.49000000
  0.13666667      0.08916018     14.99250375      0.77759926E-01      0.89740482E-13      4.51000000
  0.13727273      0.10070007     14.99250375      0.10777523E+00      0.12438028E-12      4.53000000
  0.13787879      0.11463649     14.99250375      0.15020300E+00      0.17334494E-12      4.55000000
  0.13848485      0.12384212     14.99250375      0.20706537E+00      0.23896816E-12      4.57000000
  0.13909091      0.12415611     14.99250375      0.27966923E+00      0.32275818E-12      4.59000000
  0.13969697      0.13423883     14.99250375      0.38632307E+00      0.44584429E-12      4.61000000
  0.14030303      0.13687582     14.99250375      0.52457896E+00      0.60540141E-12      4.63000000
  0.14090909      0.13870080     14.99250375      0.71098279E+00      0.82052468E-12      4.65000000
  0.14151515      0.13412381     14.99250375      0.94952264E+00      0.10958166E-11      4.67000000
  0.14212121      0.12848932     14.99250375      0.12650103E+01      0.14599118E-11      4.69000000
  0.14272727      0.12564444     14.99250375      0.16961819E+01      0.19575145E-11      4.71000000
  0.14333333      0.11467660     14.99250375      0.22321728E+01      0.25760861E-11      4.73000000
  0.14393939      0.10853834     14.99250375      0.29703853E+01      0.34280358E-11      4.75000000
  0.14454545      0.09760395     14.99250375      0.39093237E+01      0.45116374E-11      4.77000000
  0.14515152      0.08809573     14.99250375      0.51619839E+01      0.59572964E-11      4.79000000
  0.14575758      0.06635186     14.99250375      0.66266802E+01      0.76476600E-11      4.81000000
  0.14636364      0.05065389     14.99250375      0.86262347E+01      0.99552881E-11      4.83000000
  0.14696970      0.04192355     14.99250375      0.11410749E+02      0.13168816E-10      4.85000000
  0.14757576      0.01556056     14.99250375      0.14493538E+02      0.16726573E-10      4.87000000
  0.14818182     -0.00886759     14.99250375      0.18491387E+02      0.21340375E-10      4.89000000
  0.14878788     -0.03201719     14.99250375      0.23661547E+02      0.27307107E-10      4.91000000
  0.14939394     -0.05608422     14.99250375      0.30213381E+02      0.34868389E-10      4.93000000
  0.15000000     -0.08456672     14.99250375      0.38189155E+02      0.44073000E-10      4.95000000
  0.15060606     -0.11034487     14.99250375      0.48571906E+02      0.56055432E-10      4.97000000
  0.15121212     -0.13134402     14.99250375      0.62461041E+02      0.72084482E-10      4.99000000
  0.15181818     -0.15970023     14.99250375      0.78972565E+02      0.91139954E-10      5.01000000
  0.15242424     -0.19332618     14.99250375      0.98644649E+02      0.11384294E-09      5.03000000
  0.15303030     -0.23008614     14.99250375      0.12233108E+03      0.14117876E-09      5.05000000
  0.15363636     -0.25716687     14.99250375      0.15512411E+03      0.17902425E-09      5.07000000
  0.15424242     -0.29188966     14.99250375      0.19327681E+03      0.22305518E-09      5.09000000
  0.15484848     -0.34179130     14.99250375      0.23254196E+03      0.26836996E-09      5.11000000
  0.15545455     -0.37914210     14.99250375      0.28798759E+03      0.33235815E-09      5.13000000
  0.15606061     -0.41117293     14.99250375      0.36104902E+03      0.41667624E-09      5.15000000
  0.15666667     -0.45540783     14.99250375      0.44010318E+03      0.50791036E-09      5.17000000
  0.15727273     -0.48868855     14.99250375      0.55017015E+03      0.63493546E-09      5.19000000
  0.15787879     -0.54057571     14.99250375      0.65892061E+03      0.76044123E-09      5.21000000
  0.15848485     -0.57440212     14.99250375      0.82267806E+03      0.94942897E-09      5.23000000
  0.15909091     -0.63452712     14.99250375      0.96678111E+03      0.11157341E-08      5.25000000
  0.15969697     -0.68280533     14.99250375      0.11675438E+04      0.13474285E-08      5.27000000
  0.16030303     -0.71153054     14.99250375      0.14749293E+04      0.17021732E-08      5.29000000
  0.16090909     -0.77337880     14.99250375      0.17264189E+04      0.19924101E-08      5.31000000
  0.16151515     -0.82515152     14.99250375      0.20682198E+04      0.23868727E-08      5.33000000
  0.16212121     -0.86382964     14.99250375      0.25535349E+04      0.29469608E-08      5.35000000
  0.16272727     -0.89713131     14.99250375      0.31920035E+04      0.36837990E-08      5.37000000
  0.16333333     -0.96717946     14.99250375      0.36663882E+04      0.42312726E-08      5.39000000
  0.16393939     -1.02289490     14.99250375      0.43525747E+04      0.50231806E-08      5.41000000
  0.16454545     -1.05486795     14.99250375      0.54575337E+04      0.62983818E-08      5.43000000
  0.16515152     -1.12201227     14.99250375      0.63106680E+04      0.72829595E-08      5.45000000
  0.16575758     -1.18637344     14.99250375      0.73440799E+04      0.84755903E-08      5.47000000
  0.16636364     -1.27063705     14.99250375      0.81638876E+04      0.94217067E-08      5.49000000
  0.16696970     -1.29465945     14.99250375      0.10425523E+05      0.12031795E-07      5.51000000
  0.16757576     -1.37964245     14.99250375      0.11570126E+05      0.13352748E-07      5.53000000
  0.16818182     -1.44721546     14.99250375      0.13365595E+05      0.15424847E-07      5.55000000
  0.16878788     -1.54248352     14.99250375      0.14485833E+05      0.16717681E-07      5.57000000
  0.16939394     -1.55542092     14.99250375      0.18977077E+05      0.21900896E-07      5.59000000
  0.17000000     -1.63667068     14.99250375      0.21242361E+05      0.24515195E-07      5.61000000
  0.17060606     -1.69595709     14.99250375      0.25011493E+05      0.28865040E-07      5.63000000
  0.17121212     -1.74678564     14.99250375      0.30028545E+05      0.34655076E-07      5.65000000
  0.17181818     -1.85738993     14.99250375      0.31416170E+05      0.36256494E-07      5.67000000
  0.17242424     -1.88055779     14.99250375      0.40198385E+05      0.46391794E-07      5.69000000
  0.17303030     -1.98045264     14.99250375      0.43105928E+05      0.49747305E-07      5.71000000
  0.17363636     -1.97796384     14.99250375      0.58512549E+05      0.67527641E-07      5.73000000
  0.17424242     -2.09715026     14.99250375      0.60018596E+05      0.69265727E-07      5.75000000
  0.17484848     -2.15654392     14.99250375      0.70650527E+05      0.81535731E-07      5.77000000
  0.17545455     -2.26196049     14.99250375      0.74803526E+05      0.86328587E-07      5.79000000
  0.17606061     -2.28650345     14.99250375      0.95411856E+05      0.11011206E-06      5.81000000
  0.17666667     -2.43567205     14.99250375      0.91339152E+05      0.10541188E-06      5.83000000
  0.17727273     -2.40808856     14.99250375      0.13136017E+06      0.15159897E-06      5.85000000
  0.17787879     -2.54890405     14.99250375      0.12819511E+06      0.14794627E-06      5.87000000
  0.17848485     -2.53080583     14.99250375      0.18038188E+06      0.20817351E-06      5.89000000
  0.17909091     -2.53976067     14.99250375      0.23848512E+06      0.27522878E-06      5.91000000
  0.17969697     -2.65280017     14.99250375      0.24811043E+06      0.28633707E-06      5.93000000
  0.18030303     -2.77384388     14.99250375      0.25341047E+06      0.29245369E-06      5.95000000
  0.18090909     -2.84079066     14.99250375      0.29315749E+06      0.33832458E-06      5.97000000
  0.18151515     -2.91997190     14.99250375      0.32971825E+06      0.38051830E-06      5.99000000
  0.18212121     -2.91997190     14.99250375      0.44500636E+06      0.51356898E-06      6.01000000
  0.18272727     -3.10705856     14.99250375      0.39039370E+06      0.45054208E-06      6.03000000
  0.18333333     -3.07487388     14.99250375      0.56742794E+06      0.65485218E-06      6.05000000
  0.18393939     -3.26675939     14.99250375      0.49232109E+06      0.56817353E-06      6.07000000
  0.18454545     -3.61894190     14.99250375      0.29531748E+06      0.34081737E-06      6.09000000
  0.18515152     -3.37590387     14.99250375      0.69750997E+06      0.80497609E-06      6.11000000
  0.18575758     -3.52203189     14.99250375      0.67242775E+06      0.77602943E-06      6.13000000
  0.18636364     -3.91997189     14.99250375      0.36301859E+06      0.41894926E-06      6.15000000
  0.18696970     -3.74388065     14.99250375      0.73492554E+06      0.84815631E-06      6.17000000
  0.18757576     -3.91997189     14.99250375      0.66126468E+06      0.76314645E-06      6.19000000
  0.18818182     -3.91997189     14.99250375      0.89248014E+06      0.10299855E-05      6.21000000
  0.18878788     -3.91997189     14.99250375      0.12045416E+07      0.13901266E-05      6.23000000
  0.19060606     -4.22100189     14.99250375      0.14806810E+07      0.17088111E-05      6.29000000
  0.19242424     -4.22100189     14.99250375      0.36402499E+07      0.42011071E-05      6.35000000
  0.19303030     -4.22100189     14.99250375      0.49130867E+07      0.56700513E-05      6.37000000
  0.19848485     -4.22100189     14.99250375      0.73006836E+08      0.84255078E-04      6.55000000
  0.19969697     -4.22100189     14.99250375      0.13298725E+09      0.15347674E-03      6.59000000
