  0.15545455     -3.90308997      0.50000000      0.34149860E-04      0.39411367E-16      5.13000000
  0.15666667     -3.90308997      0.50000000      0.34839733E-04      0.40207529E-16      5.17000000
  0.15727273     -3.60205997      0.50000000      0.70379757E-04      0.81223243E-16      5.19000000
  0.15909091     -3.90308997      0.50000000      0.36261570E-04      0.41848429E-16      5.25000000
  0.15969697     -3.60205997      0.50000000      0.73252010E-04      0.84538026E-16      5.27000000
  0.16030303     -3.60205997      0.50000000      0.73988204E-04      0.85387648E-16      5.29000000
  0.16090909     -3.90308997      0.50000000      0.37365899E-04      0.43122904E-16      5.31000000
  0.16151515     -3.60205997      0.50000000      0.75482865E-04      0.87112593E-16      5.33000000
  0.16212121     -3.60205997      0.50000000      0.76241481E-04      0.87988089E-16      5.35000000
  0.16272727     -3.30102998      0.50000000      0.15401544E-03      0.17774477E-15      5.37000000
  0.16333333     -3.60205997      0.50000000      0.77781661E-04      0.89765566E-16      5.39000000
  0.16393939     -3.30102998      0.50000000      0.15712676E-03      0.18133545E-15      5.41000000
  0.16454545     -3.20411999      0.50000000      0.19838237E-03      0.22894736E-15      5.43000000
  0.16515152     -3.60205997      0.50000000      0.80150465E-04      0.92499334E-16      5.45000000
  0.16575758     -2.94884750      0.50000000      0.36430192E-03      0.42043032E-15      5.47000000
  0.16636364     -2.99999998      0.50000000      0.32707845E-03      0.37747178E-15      5.49000000
  0.16696970     -2.67264104      0.50000000      0.70202699E-03      0.81018905E-15      5.51000000
  0.16757576     -2.94884750      0.50000000      0.37539657E-03      0.43323433E-15      5.53000000
  0.16818182     -2.82390874      0.50000000      0.50555918E-03      0.58345124E-15      5.55000000
  0.16878788     -2.67264104      0.50000000      0.72340690E-03      0.83486298E-15      5.57000000
  0.16939394     -2.69896998      0.50000000      0.68769624E-03      0.79365034E-15      5.59000000
  0.17000000     -2.64781750      0.50000000      0.78143359E-03      0.90182991E-15      5.61000000
  0.17060606     -2.50514997      0.50000000      0.10962322E-02      0.12651299E-14      5.63000000
  0.17121212     -2.60206000      0.50000000      0.88579957E-03      0.10222757E-14      5.65000000
  0.17181818     -2.52287874      0.50000000      0.10736424E-02      0.12390597E-14      5.67000000
  0.17242424     -2.47172621      0.50000000      0.12199868E-02      0.14079515E-14      5.69000000
  0.17303030     -2.42596874      0.50000000      0.13691643E-02      0.15801129E-14      5.71000000
  0.17363636     -2.31202537      0.50000000      0.17978021E-02      0.20747914E-14      5.73000000
  0.17424242     -2.26962152      0.50000000      0.20021134E-02      0.23105812E-14      5.75000000
  0.17484848     -2.26962152      0.50000000      0.20222350E-02      0.23338029E-14      5.77000000
  0.17545455     -2.22184875      0.50000000      0.22800656E-02      0.26313577E-14      5.79000000
  0.17606061     -2.03976713      0.50000000      0.35024496E-02      0.40420758E-14      5.81000000
  0.17666667     -2.01659926      0.50000000      0.37314936E-02      0.43064089E-14      5.83000000
  0.17727273     -2.00546288      0.50000000      0.38668920E-02      0.44626682E-14      5.85000000
  0.17787879     -1.98401191      0.50000000      0.41035143E-02      0.47357472E-14      5.87000000
  0.17848485     -1.89448982      0.50000000      0.50935548E-02      0.58783243E-14      5.89000000
  0.17909091     -1.91631824      0.50000000      0.48925527E-02      0.56463536E-14      5.91000000
  0.17969697     -1.84239214      0.50000000      0.58587444E-02      0.67614076E-14      5.93000000
  0.18030303     -1.82390875      0.50000000      0.61749136E-02      0.71262893E-14      5.95000000
  0.18090909     -1.73282827      0.50000000      0.76922664E-02      0.88774223E-14      5.97000000
  0.18151515     -1.69357497      0.50000000      0.85045347E-02      0.98148376E-14      5.99000000
  0.18212121     -1.68824613      0.50000000      0.86960563E-02      0.10035867E-13      6.01000000
  0.18272727     -1.61978875      0.50000000      0.10283067E-01      0.11867390E-13      6.03000000
  0.18333333     -1.56863622      0.50000000      0.11684715E-01      0.13484992E-13      6.05000000
  0.18393939     -1.56663027      0.50000000      0.11856788E-01      0.13683576E-13      6.07000000
  0.18454545     -1.53760201      0.50000000      0.12803781E-01      0.14776473E-13      6.09000000
  0.18515152     -1.44369752      0.50000000      0.16054089E-01      0.18527560E-13      6.11000000
  0.18575758     -1.44369752      0.50000000      0.16215436E-01      0.18713766E-13      6.13000000
  0.18636364     -1.38064575      0.50000000      0.18937530E-01      0.21855256E-13      6.15000000
  0.18696970     -1.36779587      0.50000000      0.19702265E-01      0.22737814E-13      6.17000000
  0.18757576     -1.29136667      0.50000000      0.23729485E-01      0.27385512E-13      6.19000000
  0.18818182     -1.26861272      0.50000000      0.25257200E-01      0.29148604E-13      6.21000000
  0.18878788     -1.27880789      0.50000000      0.24919136E-01      0.28758454E-13      6.23000000
  0.18939394     -1.18959943      0.50000000      0.30908959E-01      0.35671136E-13      6.25000000
  0.19000000     -1.15567817      0.50000000      0.33755814E-01      0.38956609E-13      6.27000000
  0.19060606     -1.17311570      0.50000000      0.32753220E-01      0.37799544E-13      6.29000000
  0.19121212     -1.12638881      0.50000000      0.36840357E-01      0.42516391E-13      6.31000000
  0.19181818     -1.08157647      0.50000000      0.41255240E-01      0.47611480E-13      6.33000000
  0.19242424     -1.02802872      0.50000000      0.47137854E-01      0.54400435E-13      6.35000000
  0.19303030     -1.00656378      0.50000000      0.50023918E-01      0.57731157E-13      6.37000000
  0.19363636     -0.99567861      0.50000000      0.51809072E-01      0.59791352E-13      6.39000000
  0.19424242     -0.96507090      0.50000000      0.56150868E-01      0.64802093E-13      6.41000000
  0.19484848     -0.94404858      0.50000000      0.59528060E-01      0.68699613E-13      6.43000000
  0.19545455     -0.91497715      0.50000000      0.64288917E-01      0.74193980E-13      6.45000000
  0.19606061     -0.88397371      0.50000000      0.69740088E-01      0.80485019E-13      6.47000000
  0.19666667     -0.84924357      0.50000000      0.76305453E-01      0.88061917E-13      6.49000000
  0.19727273     -0.82282438      0.50000000      0.81906377E-01      0.94525781E-13      6.51000000
  0.19787879     -0.80896840      0.50000000      0.85411557E-01      0.98571009E-13      6.53000000
  0.19848485     -0.77630941      0.50000000      0.93007628E-01      0.10733741E-12      6.55000000
  0.19909091     -0.74022698      0.50000000      0.10208077E+00      0.11780847E-12      6.57000000
  0.19969697     -0.74322212      0.50000000      0.10239806E+00      0.11817465E-12      6.59000000
  0.20030303     -0.70415813      0.50000000      0.11316150E+00      0.13059641E-12      6.61000000
  0.20090909     -0.70913102      0.50000000      0.11299748E+00      0.13040712E-12      6.63000000
  0.20151515     -0.68507996      0.50000000      0.12063206E+00      0.13921797E-12      6.65000000
  0.20212121     -0.64589157      0.50000000      0.13335033E+00      0.15389576E-12      6.67000000
  0.20272727     -0.63992754      0.50000000      0.13655294E+00      0.15759180E-12      6.69000000
  0.20333333     -0.62182930      0.50000000      0.14379449E+00      0.16594906E-12      6.71000000
  0.20393939     -0.61573622      0.50000000      0.14729170E+00      0.16998509E-12      6.73000000
  0.20454545     -0.59027815      0.50000000      0.15775360E+00      0.18205887E-12      6.75000000
  0.20515152     -0.56403623      0.50000000      0.16926382E+00      0.19534248E-12      6.77000000
  0.20575758     -0.54898155      0.50000000      0.17699531E+00      0.20426518E-12      6.79000000
  0.20636364     -0.53220697      0.50000000      0.18581437E+00      0.21444299E-12      6.81000000
  0.20696970     -0.52760926      0.50000000      0.18967931E+00      0.21890340E-12      6.83000000
  0.20757576     -0.50203428      0.50000000      0.20320663E+00      0.23451490E-12      6.85000000
  0.20818182     -0.49434139      0.50000000      0.20891697E+00      0.24110503E-12      6.87000000
  0.20878788     -0.47935272      0.50000000      0.21842650E+00      0.25207971E-12      6.89000000
  0.20939394     -0.45376591      0.50000000      0.23401036E+00      0.27006459E-12      6.91000000
  0.21000000     -0.47156541      0.50000000      0.22687076E+00      0.26182499E-12      6.93000000
  0.21060606     -0.44535945      0.50000000      0.24340384E+00      0.28090534E-12      6.95000000
  0.21121212     -0.42337077      0.50000000      0.25861818E+00      0.29846377E-12      6.97000000
  0.21181818     -0.42770941      0.50000000      0.25862075E+00      0.29846673E-12      6.99000000
  0.21242424     -0.40354037      0.50000000      0.27616926E+00      0.31871896E-12      7.01000000
  0.21303030     -0.39456028      0.50000000      0.28477272E+00      0.32864796E-12      7.03000000
  0.21363636     -0.38615816      0.50000000      0.29325366E+00      0.33843557E-12      7.05000000
  0.21424242     -0.37186661      0.50000000      0.30611029E+00      0.35327304E-12      7.07000000
  0.21484848     -0.36868308      0.50000000      0.31146153E+00      0.35944875E-12      7.09000000
  0.21545455     -0.34727031      0.50000000      0.33049137E+00      0.38141054E-12      7.11000000
  0.21606061     -0.35753547      0.50000000      0.32601525E+00      0.37624477E-12      7.13000000
  0.21666667     -0.33488826      0.50000000      0.34691899E+00      0.40036917E-12      7.15000000
  0.21727273     -0.34282460      0.50000000      0.34406038E+00      0.39707014E-12      7.17000000
  0.21787879     -0.33266380      0.50000000      0.35574468E+00      0.41055466E-12      7.19000000
  0.21848485     -0.32697911      0.50000000      0.36405421E+00      0.42014444E-12      7.21000000
  0.21909091     -0.30991473      0.50000000      0.38244886E+00      0.44137317E-12      7.23000000
  0.21969697     -0.31247105      0.50000000      0.38402545E+00      0.44319266E-12      7.25000000
  0.22030303     -0.30517553      0.50000000      0.39445591E+00      0.45523016E-12      7.27000000
  0.22090909     -0.29317558      0.50000000      0.40958247E+00      0.47268728E-12      7.29000000
  0.22151515     -0.29211059      0.50000000      0.41471457E+00      0.47861010E-12      7.31000000
  0.22212121     -0.29392261      0.50000000      0.41713844E+00      0.48140742E-12      7.33000000
  0.22272727     -0.29370906      0.50000000      0.42153799E+00      0.48648480E-12      7.35000000
  0.22333333     -0.28170594      0.50000000      0.43770628E+00      0.50514416E-12      7.37000000
  0.22393939     -0.27860164      0.50000000      0.44527676E+00      0.51388104E-12      7.39000000
  0.22454545     -0.27984072      0.50000000      0.44847051E+00      0.51756685E-12      7.41000000
  0.22515152     -0.28097961      0.50000000      0.45179138E+00      0.52139937E-12      7.43000000
  0.22575758     -0.27419041      0.50000000      0.46352172E+00      0.53493701E-12      7.45000000
  0.22636364     -0.28389229      0.50000000      0.45783728E+00      0.52837676E-12      7.47000000
  0.22696970     -0.27002571      0.50000000      0.47744206E+00      0.55100208E-12      7.49000000
  0.22757576     -0.27736608      0.50000000      0.47415819E+00      0.54721225E-12      7.51000000
  0.22818182     -0.27429248      0.50000000      0.48232503E+00      0.55663737E-12      7.53000000
  0.22878788     -0.27266211      0.50000000      0.48900479E+00      0.56434628E-12      7.55000000
  0.22939394     -0.27002571      0.50000000      0.49692684E+00      0.57348890E-12      7.57000000
  0.23000000     -0.27582659      0.50000000      0.49526145E+00      0.57156692E-12      7.59000000
  0.23060606     -0.26310576      0.50000000      0.51510800E+00      0.59447125E-12      7.61000000
  0.23121212     -0.26420155      0.50000000      0.51897382E+00      0.59893268E-12      7.63000000
  0.23181818     -0.25874990      0.50000000      0.53081117E+00      0.61259382E-12      7.65000000
  0.23242424     -0.26841126      0.50000000      0.52435044E+00      0.60513768E-12      7.67000000
  0.23303030     -0.27174772      0.50000000      0.52556703E+00      0.60654172E-12      7.69000000
  0.23363636     -0.27541695      0.50000000      0.52638297E+00      0.60748337E-12      7.71000000
  0.23424242     -0.28514653      0.50000000      0.51989446E+00      0.59999517E-12      7.73000000
  0.23484848     -0.29746177      0.50000000      0.51043789E+00      0.58908161E-12      7.75000000
  0.23545455     -0.28316225      0.50000000      0.53282594E+00      0.61491902E-12      7.77000000
  0.23606061     -0.28893129      0.50000000      0.53107918E+00      0.61290313E-12      7.79000000
  0.23666667     -0.29810836      0.50000000      0.52520051E+00      0.60611873E-12      7.81000000
  0.23727273     -0.29467093      0.50000000      0.53469425E+00      0.61707518E-12      7.83000000
  0.23787879     -0.29832409      0.50000000      0.53554418E+00      0.61805605E-12      7.85000000
  0.23848485     -0.30081292      0.50000000      0.53783545E+00      0.62070034E-12      7.87000000
  0.23909091     -0.31898501      0.50000000      0.52097907E+00      0.60124688E-12      7.89000000
  0.23969697     -0.31785492      0.50000000      0.52758606E+00      0.60887182E-12      7.91000000
  0.24030303     -0.32125405      0.50000000      0.52873386E+00      0.61019646E-12      7.93000000
  0.24090909     -0.31830660      0.50000000      0.53768451E+00      0.62052614E-12      7.95000000
  0.24151515     -0.32571309      0.50000000      0.53390498E+00      0.61616430E-12      7.97000000
  0.24212121     -0.33854229      0.50000000      0.52357358E+00      0.60424113E-12      7.99000000
  0.24272727     -0.34896440      0.50000000      0.51629575E+00      0.59584200E-12      8.01000000
  0.24333333     -0.35704112      0.50000000      0.51187602E+00      0.59074131E-12      8.03000000
  0.24393939     -0.35939436      0.50000000      0.51422654E+00      0.59345398E-12      8.05000000
  0.24454545     -0.34835862      0.50000000      0.53276191E+00      0.61484511E-12      8.07000000
  0.24515152     -0.37173883      0.50000000      0.50991279E+00      0.58847560E-12      8.09000000
  0.24575758     -0.38038499      0.50000000      0.50488525E+00      0.58267347E-12      8.11000000
  0.24636364     -0.37830453      0.50000000      0.51240822E+00      0.59135552E-12      8.13000000
  0.24696970     -0.38090666      0.50000000      0.51446627E+00      0.59373065E-12      8.15000000
  0.24757576     -0.40066286      0.50000000      0.49652790E+00      0.57302849E-12      8.17000000
  0.24818182     -0.39469496      0.50000000      0.50845732E+00      0.58679589E-12      8.19000000
  0.24878788     -0.40963193      0.50000000      0.49620424E+00      0.57265496E-12      8.21000000
  0.24939394     -0.43297365      0.50000000      0.47496510E+00      0.54814349E-12      8.23000000
  0.25000000     -0.43666726      0.50000000      0.47567577E+00      0.54896366E-12      8.25000000
  0.25060606     -0.45717456      0.50000000      0.45829664E+00      0.52890690E-12      8.27000000
  0.25121212     -0.44596536      0.50000000      0.47500570E+00      0.54819035E-12      8.29000000
  0.25181818     -0.46916021      0.50000000      0.45482771E+00      0.52490351E-12      8.31000000
  0.25242424     -0.48280411      0.50000000      0.44519058E+00      0.51378157E-12      8.33000000
  0.25303030     -0.49962627      0.50000000      0.43258030E+00      0.49922842E-12      8.35000000
  0.25363636     -0.50601946      0.50000000      0.43054297E+00      0.49687720E-12      8.37000000
  0.25424242     -0.49757290      0.50000000      0.44341054E+00      0.51172728E-12      8.39000000
  0.25484848     -0.53387415      0.50000000      0.41195303E+00      0.47542309E-12      8.41000000
  0.25545455     -0.50933933      0.50000000      0.44027646E+00      0.50811033E-12      8.43000000
  0.25606061     -0.54155101      0.50000000      0.41291126E+00      0.47652895E-12      8.45000000
  0.25666667     -0.55497990      0.50000000      0.40436242E+00      0.46666297E-12      8.47000000
  0.25727273     -0.54363395      0.50000000      0.41923708E+00      0.48382939E-12      8.49000000
  0.25787879     -0.57654931      0.50000000      0.39254303E+00      0.45302256E-12      8.51000000
  0.25848485     -0.57450653      0.50000000      0.39835749E+00      0.45973287E-12      8.53000000
  0.25909091     -0.59070104      0.50000000      0.38763361E+00      0.44735674E-12      8.55000000
  0.25969697     -0.60532947      0.50000000      0.37856106E+00      0.43688637E-12      8.57000000
  0.26030303     -0.62985714      0.50000000      0.36136926E+00      0.41704582E-12      8.59000000
  0.26090909     -0.63101619      0.50000000      0.36402827E+00      0.42011450E-12      8.61000000
  0.26151515     -0.65364702      0.50000000      0.34901752E+00      0.40279102E-12      8.63000000
  0.26212121     -0.68350546      0.50000000      0.32910291E+00      0.37980816E-12      8.65000000
  0.26272727     -0.65733062      0.50000000      0.35306081E+00      0.40745727E-12      8.67000000
  0.26333333     -0.69545561      0.50000000      0.32663857E+00      0.37696413E-12      8.69000000
  0.26393939     -0.72210442      0.50000000      0.31028559E+00      0.35809163E-12      8.71000000
  0.26454545     -0.72181821      0.50000000      0.31361061E+00      0.36192894E-12      8.73000000
  0.26515152     -0.73784564      0.50000000      0.30528556E+00      0.35232124E-12      8.75000000
  0.26575758     -0.74142258      0.50000000      0.30582450E+00      0.35294321E-12      8.77000000
  0.26636364     -0.75603232      0.50000000      0.29867955E+00      0.34469743E-12      8.79000000
  0.26696970     -0.80340934      0.50000000      0.27050258E+00      0.31217920E-12      8.81000000
  0.26757576     -0.80513891      0.50000000      0.27213524E+00      0.31406341E-12      8.83000000
  0.26818182     -0.79250029      0.50000000      0.28298691E+00      0.32658701E-12      8.85000000
  0.26878788     -0.81922916      0.50000000      0.26876977E+00      0.31017942E-12      8.87000000
  0.26939394     -0.80237489      0.50000000      0.28221340E+00      0.32569433E-12      8.89000000
  0.27000000     -0.85972770      0.50000000      0.24978581E+00      0.28827059E-12      8.91000000
  0.27060606     -0.86209230      0.50000000      0.25092626E+00      0.28958674E-12      8.93000000
  0.27121212     -0.88231449      0.50000000      0.24191727E+00      0.27918973E-12      8.95000000
  0.27181818     -0.88355830      0.50000000      0.24364977E+00      0.28118915E-12      8.97000000
  0.27242424     -0.92308662      0.50000000      0.22468839E+00      0.25930637E-12      8.99000000
  0.27303030     -0.91453104      0.50000000      0.23146171E+00      0.26712327E-12      9.01000000
  0.27363636     -0.93135041      0.50000000      0.22490688E+00      0.25955852E-12      9.03000000
  0.27424242     -0.93227838      0.50000000      0.22668235E+00      0.26160755E-12      9.05000000
  0.27484848     -0.98610995      0.50000000      0.20226888E+00      0.23343267E-12      9.07000000
  0.27545455     -0.99460497      0.50000000      0.20034431E+00      0.23121157E-12      9.09000000
  0.27606061     -1.04036248      0.50000000      0.18212201E+00      0.21018175E-12      9.11000000
  0.27666667     -1.02284821      0.50000000      0.19152244E+00      0.22103050E-12      9.13000000
  0.27727273     -1.04215336      0.50000000      0.18503652E+00      0.21354530E-12      9.15000000
  0.27787879     -1.05244376      0.50000000      0.18251981E+00      0.21064083E-12      9.17000000
  0.27848485     -1.07443007      0.50000000      0.17525347E+00      0.20225496E-12      9.19000000
  0.27909091     -1.10443934      0.50000000      0.16519630E+00      0.19064827E-12      9.21000000
  0.27969697     -1.12566318      0.50000000      0.15889836E+00      0.18338000E-12      9.23000000
  0.28030303     -1.12061736      0.50000000      0.16237089E+00      0.18738755E-12      9.25000000
  0.28090909     -1.12061736      0.50000000      0.16400275E+00      0.18927083E-12      9.27000000
  0.28151515     -1.15490196      0.50000000      0.15307683E+00      0.17666155E-12      9.29000000
  0.28212121     -1.18458830      0.50000000      0.14439963E+00      0.16664743E-12      9.31000000
  0.28272727     -1.21734824      0.50000000      0.13525368E+00      0.15609236E-12      9.33000000
  0.28333333     -1.21024307      0.50000000      0.13886640E+00      0.16026170E-12      9.35000000
  0.28393939     -1.21645372      0.50000000      0.13827048E+00      0.15957397E-12      9.37000000
  0.28454545     -1.25375512      0.50000000      0.12816547E+00      0.14791206E-12      9.39000000
  0.28515152     -1.30429946      0.50000000      0.11523108E+00      0.13298486E-12      9.41000000
  0.28575758     -1.24987748      0.50000000      0.13192726E+00      0.15225344E-12      9.43000000
  0.28636364     -1.29349557      0.50000000      0.12052008E+00      0.13908874E-12      9.45000000
  0.28696970     -1.33254704      0.50000000      0.11126303E+00      0.12840545E-12      9.47000000
  0.28757576     -1.34079711      0.50000000      0.11026654E+00      0.12725543E-12      9.49000000
  0.28818182     -1.35778286      0.50000000      0.10710283E+00      0.12360428E-12      9.51000000
  0.28878788     -1.38987238      0.50000000      0.10047416E+00      0.11595432E-12      9.53000000
  0.28939394     -1.39254498      0.50000000      0.10086134E+00      0.11640116E-12      9.55000000
  0.29000000     -1.41172829      0.50000000      0.97473006E-01      0.11249078E-12      9.57000000
  0.29060606     -1.45130356      0.50000000      0.89877717E-01      0.10372527E-12      9.59000000
  0.29121212     -1.47012070      0.50000000      0.86931633E-01      0.10032528E-12      9.61000000
  0.29181818     -1.45130356      0.50000000      0.91693367E-01      0.10582066E-12      9.63000000
  0.29242424     -1.45748576      0.50000000      0.91305863E-01      0.10537346E-12      9.65000000
  0.29303030     -1.53387413      0.50000000      0.77348739E-01      0.89265944E-13      9.67000000
  0.29363636     -1.55869771      0.50000000      0.73785769E-01      0.85154023E-13      9.69000000
  0.29424242     -1.53947800      0.50000000      0.77899607E-01      0.89901685E-13      9.71000000
  0.29484848     -1.52651302      0.50000000      0.81066830E-01      0.93556884E-13      9.73000000
  0.29545455     -1.58087071      0.50000000      0.72248436E-01      0.83379831E-13      9.75000000
  0.29606061     -1.58711964      0.50000000      0.71932054E-01      0.83014704E-13      9.77000000
  0.29666667     -1.62433639      0.50000000      0.66688147E-01      0.76962863E-13      9.79000000
  0.29727273     -1.69090238      0.50000000      0.57786396E-01      0.66689609E-13      9.81000000
  0.29787879     -1.65266998      0.50000000      0.63738370E-01      0.73558610E-13      9.83000000
  0.29848485     -1.72990371      0.50000000      0.53890247E-01      0.62193175E-13      9.85000000
  0.29909091     -1.72124641      0.50000000      0.55527793E-01      0.64083020E-13      9.87000000
  0.29969697     -1.70443288      0.50000000      0.58299776E-01      0.67282086E-13      9.89000000
  0.30030303     -1.76007519      0.50000000      0.51804504E-01      0.59786080E-13      9.91000000
  0.30090909     -1.78251606      0.50000000      0.49690069E-01      0.57345872E-13      9.93000000
  0.30151515     -1.79588000      0.50000000      0.48668572E-01      0.56166992E-13      9.95000000
  0.30212121     -1.94884746      0.50000000      0.34564007E-01      0.39889321E-13      9.97000000
  0.30272727     -1.80617997      0.50000000      0.48488027E-01      0.55958631E-13      9.99000000
  0.30333333     -1.80271943      0.50000000      0.49367144E-01      0.56973193E-13     10.01000000
  0.30393939     -1.91631824      0.50000000      0.38386820E-01      0.44301120E-13     10.03000000
  0.30454545     -1.95369997      0.50000000      0.35574873E-01      0.41055932E-13     10.05000000
  0.30515152     -2.05183162      0.50000000      0.28665178E-01      0.33081653E-13     10.07000000
  0.30575758     -1.94404860      0.50000000      0.37109116E-01      0.42826558E-13     10.09000000
  0.30636364     -1.86966622      0.50000000      0.44484216E-01      0.51337947E-13     10.11000000
  0.30696970     -2.02227641      0.50000000      0.31618313E-01      0.36489781E-13     10.13000000
  0.30757576     -2.02802871      0.50000000      0.31515873E-01      0.36371558E-13     10.15000000
  0.30818182     -2.03385826      0.50000000      0.31408177E-01      0.36247269E-13     10.17000000
  0.30878788     -2.04575751      0.50000000      0.30866432E-01      0.35622057E-13     10.19000000
  0.30939394     -2.10374943      0.50000000      0.27279566E-01      0.31482558E-13     10.21000000
  0.31000000     -2.10374943      0.50000000      0.27553730E-01      0.31798963E-13     10.23000000
  0.31060606     -2.16272730      0.50000000      0.24296598E-01      0.28040002E-13     10.25000000
  0.31121212     -2.18708663      0.50000000      0.23202196E-01      0.26776983E-13     10.27000000
  0.31181818     -2.24033215      0.50000000      0.20731299E-01      0.23925392E-13     10.29000000
  0.31242424     -2.13223797      0.50000000      0.26857379E-01      0.30995325E-13     10.31000000
  0.31303030     -2.24987746      0.50000000      0.20690315E-01      0.23878094E-13     10.33000000
  0.31363636     -2.25963731      0.50000000      0.20433849E-01      0.23582115E-13     10.35000000
  0.31424242     -2.31202537      0.50000000      0.18293848E-01      0.21112401E-13     10.37000000
  0.31484848     -2.33488826      0.50000000      0.17530130E-01      0.20231016E-13     10.39000000
  0.31545455     -2.41172830      0.50000000      0.14835016E-01      0.17120664E-13     10.41000000
  0.31606061     -2.33488826      0.50000000      0.17884262E-01      0.20639710E-13     10.43000000
  0.31666667     -2.30103001      0.50000000      0.19528650E-01      0.22537450E-13     10.45000000
  0.31727273     -2.41172830      0.50000000      0.15286810E-01      0.17642065E-13     10.47000000
  0.31787879     -2.44069200      0.50000000      0.14444287E-01      0.16669734E-13     10.49000000
  0.31848485     -2.62433640      0.50000000      0.95586081E-02      0.11031313E-13     10.51000000
  0.31909091     -2.54136215      0.50000000      0.11687237E-01      0.13487902E-13     10.53000000
  0.31969697     -2.52287874      0.50000000      0.12317943E-01      0.14215782E-13     10.55000000
  0.32030303     -2.44069200      0.50000000      0.15033770E-01      0.17350039E-13     10.57000000
  0.32090909     -2.90309000      0.50000000      0.52361592E-02      0.60428999E-14     10.59000000
  0.32151515     -2.50514997      0.50000000      0.13221959E-01      0.15259081E-13     10.61000000
  0.32212121     -2.54136215      0.50000000      0.12286454E-01      0.14179442E-13     10.63000000
  0.32272727     -2.67264104      0.50000000      0.91725614E-02      0.10585788E-13     10.65000000
  0.32333333     -2.45593194      0.50000000      0.15259583E-01      0.17610644E-13     10.67000000
  0.32393939     -2.50514997      0.50000000      0.13761557E-01      0.15881816E-13     10.69000000
  0.32454545     -2.47172621      0.50000000      0.15011853E-01      0.17324745E-13     10.71000000
  0.32515152     -2.67264104      0.50000000      0.95469007E-02      0.11017802E-13     10.73000000
  0.32575758     -2.67264104      0.50000000      0.96428487E-02      0.11128533E-13     10.75000000
  0.32636364     -2.64781750      0.50000000      0.10312687E-01      0.11901574E-13     10.77000000
  0.32696970     -2.72699874      0.50000000      0.86802762E-02      0.10017656E-13     10.79000000
  0.32757576     -2.64781750      0.50000000      0.10521017E-01      0.12142002E-13     10.81000000
  0.32818182     -2.75696194      0.50000000      0.82652546E-02      0.95386914E-14     10.83000000
  0.32878788     -2.82390874      0.50000000      0.71557042E-02      0.82581914E-14     10.85000000
  0.32939394     -2.78914663      0.50000000      0.78299220E-02      0.90362866E-14     10.87000000
  0.33000000     -2.78914663      0.50000000      0.79086141E-02      0.91271028E-14     10.89000000
  0.33060606     -3.20411999      0.50000000      0.30723448E-02      0.35457044E-14     10.91000000
  0.33121212     -2.75696194      0.50000000      0.86890233E-02      0.10027751E-13     10.93000000
  0.33181818     -3.05799193      0.50000000      0.43881747E-02      0.50642655E-14     10.95000000
  0.33242424     -2.90309000      0.50000000      0.63318234E-02      0.73073743E-14     10.97000000
  0.33303030     -3.12493873      0.50000000      0.38372757E-02      0.44284889E-14     10.99000000
  0.33363636     -2.94884750      0.50000000      0.58137611E-02      0.67094936E-14     11.01000000
  0.33424242     -3.12493873      0.50000000      0.39147938E-02      0.45179503E-14     11.03000000
  0.33484848     -3.30102998      0.50000000      0.26360922E-02      0.30422378E-14     11.05000000
  0.33545455     -3.30102998      0.50000000      0.26625853E-02      0.30728128E-14     11.07000000
  0.33606061     -3.05799193      0.50000000      0.47063533E-02      0.54314662E-14     11.09000000
  0.33666667     -2.94884750      0.50000000      0.61118390E-02      0.70534967E-14     11.11000000
  0.33727273     -3.12493873      0.50000000      0.41155095E-02      0.47495906E-14     11.13000000
  0.33787879     -3.30102998      0.50000000      0.27712475E-02      0.31982166E-14     11.15000000
  0.33848485     -3.12493873      0.50000000      0.41986484E-02      0.48455387E-14     11.17000000
  0.33909091     -3.05799193      0.50000000      0.49476532E-02      0.57099435E-14     11.19000000
  0.33969697     -3.12493873      0.50000000      0.42834667E-02      0.49434250E-14     11.21000000
  0.34030303     -3.30102998      0.50000000      0.28843443E-02      0.33287383E-14     11.23000000
  0.34090909     -3.90308997      0.50000000      0.72833310E-03      0.84054817E-15     11.25000000
  0.34151515     -3.60205997      0.50000000      0.14713059E-02      0.16979916E-14     11.27000000
  0.34212121     -3.60205997      0.50000000      0.14860928E-02      0.17150567E-14     11.29000000
  0.34272727     -2.99999998      0.50000000      0.60041132E-02      0.69291734E-14     11.31000000
  0.34333333     -3.42596873      0.50000000      0.22741707E-02      0.26245547E-14     11.33000000
  0.34393939     -3.30102998      0.50000000      0.30627022E-02      0.35345760E-14     11.35000000
  0.34454545     -3.90308997      0.50000000      0.77337071E-03      0.89252477E-15     11.37000000
  0.34515152     -3.60205997      0.50000000      0.15622864E-02      0.18029896E-14     11.39000000
  0.34575758     -3.30102998      0.50000000      0.31559753E-02      0.36422199E-14     11.41000000
  0.34696970     -3.60205997      0.50000000      0.16098651E-02      0.18578988E-14     11.45000000
  0.34757576     -3.60205997      0.50000000      0.16260445E-02      0.18765710E-14     11.47000000
  0.34878788     -3.60205997      0.50000000      0.16588928E-02      0.19144802E-14     11.51000000
  0.34939394     -3.90308997      0.50000000      0.83778248E-03      0.96686054E-15     11.53000000
  0.35000000     -3.90308997      0.50000000      0.84620234E-03      0.97657765E-15     11.55000000
  0.35060606     -3.60205997      0.50000000      0.17094136E-02      0.19727848E-14     11.57000000
  0.35121212     -3.90308997      0.50000000      0.86329676E-03      0.99630583E-15     11.59000000
  0.35181818     -3.20411999      0.50000000      0.43598649E-02      0.50315940E-14     11.61000000
  0.35242424     -3.90308997      0.50000000      0.88073651E-03      0.10164325E-14     11.63000000
  0.35303030     -3.60205997      0.50000000      0.17791761E-02      0.20532957E-14     11.65000000
  0.35363636     -3.90308997      0.50000000      0.89852857E-03      0.10369658E-14     11.67000000
  0.35545455     -3.42596873      0.50000000      0.27776784E-02      0.32056383E-14     11.73000000
  0.35606061     -3.42596873      0.50000000      0.28055945E-02      0.32378555E-14     11.75000000
  0.35727273     -3.90308997      0.50000000      0.95409047E-03      0.11010882E-14     11.79000000
  0.35787879     -3.60205997      0.50000000      0.19273585E-02      0.22243087E-14     11.81000000
  0.35909091     -3.90308997      0.50000000      0.98314685E-03      0.11346214E-14     11.85000000
  0.36151515     -3.90308997      0.50000000      0.10232698E-02      0.11809261E-14     11.93000000
  0.36212121     -3.90308997      0.50000000      0.10335539E-02      0.11927946E-14     11.95000000
  0.36333333     -3.90308997      0.50000000      0.10544330E-02      0.12168907E-14     11.99000000
  0.36393939     -3.90308997      0.50000000      0.10650303E-02      0.12291206E-14     12.01000000
  0.36636364     -3.60205997      0.50000000      0.22169900E-02      0.25585640E-14     12.09000000
  0.36939394     -3.90308997      0.50000000      0.11653287E-02      0.13448722E-14     12.19000000
  0.37545455     -3.90308997      0.50000000      0.12878874E-02      0.14863136E-14     12.39000000
