  0.12696970     -3.74017317      6.49772580      0.18193357E-08      0.20996427E-20      4.19000000
  0.12939394     -4.21729441      6.49772580      0.10198721E-08      0.11770049E-20      4.27000000
  0.13000000     -3.74017317      6.49772580      0.34842193E-08      0.40210368E-20      4.29000000
  0.13060606     -3.74017317      6.49772580      0.39677474E-08      0.45790625E-20      4.31000000
  0.13121212     -3.51832440      6.49772580      0.75306299E-08      0.86908822E-20      4.33000000
  0.13181818     -3.43914317      6.49772580      0.10290846E-07      0.11876367E-19      4.35000000
  0.13242424     -3.51832440      6.49772580      0.97658120E-08      0.11270441E-19      4.37000000
  0.13303030     -3.43914317      6.49772580      0.13345293E-07      0.15401417E-19      4.39000000
  0.13363636     -3.07116637      6.49772580      0.35460386E-07      0.40923806E-19      4.41000000
  0.13424242     -3.13811317      6.49772580      0.34612676E-07      0.39945489E-19      4.43000000
  0.13484848     -2.80232106      6.49772580      0.85401563E-07      0.98559475E-19      4.45000000
  0.13545455     -2.68581549      6.49772580      0.12717739E-06      0.14677175E-18      4.47000000
  0.13606061     -2.75489641      6.49772580      0.12352860E-06      0.14256079E-18      4.49000000
  0.13666667     -2.54519654      6.49772580      0.22798482E-06      0.26311069E-18      4.51000000
  0.13727273     -2.64909268      6.49772580      0.20438467E-06      0.23587444E-18      4.53000000
  0.13787879     -2.55453658      6.49772580      0.28936297E-06      0.33394543E-18      4.55000000
  0.13848485     -2.30880940      6.49772580      0.58024132E-06      0.66963973E-18      4.57000000
  0.13909091     -2.28279596      6.49772580      0.70155323E-06      0.80964230E-18      4.59000000
  0.13969697     -2.31420442      6.49772580      0.74317432E-06      0.85767600E-18      4.61000000
  0.14030303     -2.15659656      6.49772580      0.12165699E-05      0.14040082E-17      4.63000000
  0.14090909     -1.99457792      6.49772580      0.20118438E-05      0.23218107E-17      4.65000000
  0.14151515     -1.97924829      6.49772580      0.23733534E-05      0.27390185E-17      4.67000000
  0.14212121     -1.90766425      6.49772580      0.31870214E-05      0.36780492E-17      4.69000000
  0.14272727     -1.85935957      6.49772580      0.40562824E-05      0.46812383E-17      4.71000000
  0.14333333     -1.76704531      6.49772580      0.57132204E-05      0.65934625E-17      4.73000000
  0.14393939     -1.79899315      6.49772580      0.60446571E-05      0.69759640E-17      4.75000000
  0.14454545     -1.65858584      6.49772580      0.95108101E-05      0.10976151E-16      4.77000000
  0.14515152     -1.56023855      6.49772580      0.13583239E-04      0.15676023E-16      4.79000000
  0.14575758     -1.49796315      6.49772580      0.17853249E-04      0.20603918E-16      4.81000000
  0.14636364     -1.45989836      6.49772580      0.22193233E-04      0.25612569E-16      4.83000000
  0.14696970     -1.40840853      6.49772580      0.28454368E-04      0.32838363E-16      4.85000000
  0.14757576     -1.35695640      6.49772580      0.36478720E-04      0.42099036E-16      4.87000000
  0.14818182     -1.30667002      6.49772580      0.46640640E-04      0.53826614E-16      4.89000000
  0.14878788     -1.25873052      6.49772580      0.59311996E-04      0.68450259E-16      4.91000000
  0.14939394     -1.16383181      6.49772580      0.84038786E-04      0.96986733E-16      4.93000000
  0.15000000     -1.14836682      6.49772580      0.99170680E-04      0.11445002E-15      4.95000000
  0.15060606     -1.09246425      6.49772580      0.12844713E-03      0.14823711E-15      4.97000000
  0.15121212     -1.05116045      6.49772580      0.16086691E-03      0.18565185E-15      4.99000000
  0.15181818     -1.00007374      6.49772580      0.20605917E-03      0.23780694E-15      5.01000000
  0.15242424     -0.93263813      6.49772580      0.27407290E-03      0.31629961E-15      5.03000000
  0.15303030     -0.89611036      6.49772580      0.33949423E-03      0.39180047E-15      5.05000000
  0.15363636     -0.88284067      6.49772580      0.39860305E-03      0.46001625E-15      5.07000000
  0.15424242     -0.82972665      6.49772580      0.51297142E-03      0.59200548E-15      5.09000000
  0.15484848     -0.78915963      6.49772580      0.64135533E-03      0.74016965E-15      5.11000000
  0.15545455     -0.73513572      6.49772580      0.82710597E-03      0.95453909E-15      5.13000000
  0.15606061     -0.71432135      6.49772580      0.98812992E-03      0.11403722E-14      5.15000000
  0.15666667     -0.68415813      6.49772580      0.12061902E-02      0.13920293E-14      5.17000000
  0.15727273     -0.63808264      6.49772580      0.15273192E-02      0.17626350E-14      5.19000000
  0.15787879     -0.60610236      6.49772580      0.18721844E-02      0.21606339E-14      5.21000000
  0.15848485     -0.57970465      6.49772580      0.22656085E-02      0.26146733E-14      5.23000000
  0.15909091     -0.55208878      6.49772580      0.27494085E-02      0.31730128E-14      5.25000000
  0.15969697     -0.51546749      6.49772580      0.34064270E-02      0.39312589E-14      5.27000000
  0.16030303     -0.48153586      6.49772580      0.41943942E-02      0.48406291E-14      5.29000000
  0.16090909     -0.45974655      6.49772580      0.50222357E-02      0.57960170E-14      5.31000000
  0.16151515     -0.42757272      6.49772580      0.61589892E-02      0.71079114E-14      5.33000000
  0.16212121     -0.39999353      6.49772580      0.74735538E-02      0.86250123E-14      5.35000000
  0.16272727     -0.38293729      6.49772580      0.88516031E-02      0.10215379E-13      5.37000000
  0.16333333     -0.35990159      6.49772580      0.10629092E-01      0.12266728E-13      5.39000000
  0.16393939     -0.34015352      6.49772580      0.12667262E-01      0.14618921E-13      5.41000000
  0.16454545     -0.31632679      6.49772580      0.15238704E-01      0.17586547E-13      5.43000000
  0.16515152     -0.30401051      6.49772580      0.17852656E-01      0.20603234E-13      5.45000000
  0.16575758     -0.27578296      6.49772580      0.21695462E-01      0.25038106E-13      5.47000000
  0.16636364     -0.25049586      6.49772580      0.26187530E-01      0.30222271E-13      5.49000000
  0.16696970     -0.24449007      6.49772580      0.30237011E-01      0.34895660E-13      5.51000000
  0.16757576     -0.22460838      6.49772580      0.36046165E-01      0.41599837E-13      5.53000000
  0.16818182     -0.19416547      6.49772580      0.44029172E-01      0.50812794E-13      5.55000000
  0.16878788     -0.19503104      6.49772580      0.50039559E-01      0.57749208E-13      5.57000000
  0.16939394     -0.18166460      6.49772580      0.58764960E-01      0.67818941E-13      5.59000000
  0.17000000     -0.17115055      6.49772580      0.68560033E-01      0.79123152E-13      5.61000000
  0.17060606     -0.15216305      6.49772580      0.81563725E-01      0.94130337E-13      5.63000000
  0.17121212     -0.14825564      6.49772580      0.93722310E-01      0.10816221E-12      5.65000000
  0.17181818     -0.13228943      6.49772580      0.11072552E+00      0.12778512E-12      5.67000000
  0.17242424     -0.12919377      6.49772580      0.12699363E+00      0.14655967E-12      5.69000000
  0.17303030     -0.11595986      6.49772580      0.14909201E+00      0.17206278E-12      5.71000000
  0.17363636     -0.10288361      6.49772580      0.17497223E+00      0.20193040E-12      5.73000000
  0.17424242     -0.09645737      6.49772580      0.20222456E+00      0.23338152E-12      5.75000000
  0.17484848     -0.09632586      6.49772580      0.23035834E+00      0.26584990E-12      5.77000000
  0.17545455     -0.09119549      6.49772580      0.26544396E+00      0.30634120E-12      5.79000000
  0.17606061     -0.07810823      6.49772580      0.31152911E+00      0.35952674E-12      5.81000000
  0.17666667     -0.07553118      6.49772580      0.35687342E+00      0.41185730E-12      5.83000000
  0.17727273     -0.07640944      6.49772580      0.40557809E+00      0.46806594E-12      5.85000000
  0.17787879     -0.07456089      6.49772580      0.46383291E+00      0.53529615E-12      5.87000000
  0.17848485     -0.07163193      6.49772580      0.53177639E+00      0.61370775E-12      5.89000000
  0.17909091     -0.07659785      6.49772580      0.59868952E+00      0.69093027E-12      5.91000000
  0.17969697     -0.07776163      6.49772580      0.67994911E+00      0.78470960E-12      5.93000000
  0.18030303     -0.07284476      6.49772580      0.78312631E+00      0.90378343E-12      5.95000000
  0.18090909     -0.08235271      6.49772580      0.87249388E+00      0.10069200E-11      5.97000000
  0.18151515     -0.07409220      6.49772580      0.10126548E+01      0.11686756E-11      5.99000000
  0.18212121     -0.07845511      6.49772580      0.11416607E+01      0.13175576E-11      6.01000000
  0.18272727     -0.08260743      6.49772580      0.12877254E+01      0.14861266E-11      6.03000000
  0.18333333     -0.08889515      6.49772580      0.14453534E+01      0.16680406E-11      6.05000000
  0.18393939     -0.08776563      6.49772580      0.16502210E+01      0.19044723E-11      6.07000000
  0.18454545     -0.10348470      6.49772580      0.18124314E+01      0.20916747E-11      6.09000000
  0.18515152     -0.10677203      6.49772580      0.20483906E+01      0.23639884E-11      6.11000000
  0.18575758     -0.11267075      6.49772580      0.23011905E+01      0.26557375E-11      6.13000000
  0.18636364     -0.12986796      6.49772580      0.25188013E+01      0.29068757E-11      6.15000000
  0.18696970     -0.14109102      6.49772580      0.27951774E+01      0.32258334E-11      6.17000000
  0.18757576     -0.14933132      6.49772580      0.31232561E+01      0.36044596E-11      6.19000000
  0.18818182     -0.15848893      6.49772580      0.34824791E+01      0.40190284E-11      6.21000000
  0.18878788     -0.16525490      6.49772580      0.39044609E+01      0.45060255E-11      6.23000000
  0.18939394     -0.17911155      6.49772580      0.43066835E+01      0.49702189E-11      6.25000000
  0.19000000     -0.18888583      6.49772580      0.47952053E+01      0.55340078E-11      6.27000000
  0.19060606     -0.20289988      6.49772580      0.52872724E+01      0.61018882E-11      6.29000000
  0.19121212     -0.21660010      6.49772580      0.58340480E+01      0.67329061E-11      6.31000000
  0.19181818     -0.23074662      6.49772580      0.64307556E+01      0.74215491E-11      6.33000000
  0.19242424     -0.24259852      6.49772580      0.71260462E+01      0.82239638E-11      6.35000000
  0.19303030     -0.26853922      6.49772580      0.76444539E+01      0.88222432E-11      6.37000000
  0.19363636     -0.27977652      6.49772580      0.84829652E+01      0.97899449E-11      6.39000000
  0.19424242     -0.29675369      6.49772580      0.92898575E+01      0.10721156E-10      6.41000000
  0.19484848     -0.31714584      6.49772580      0.10093817E+02      0.11648982E-10      6.43000000
  0.19545455     -0.33232921      6.49772580      0.11099683E+02      0.12809824E-10      6.45000000
  0.19606061     -0.35136174      6.49772580      0.12098084E+02      0.13962049E-10      6.47000000
  0.19666667     -0.38002171      6.49772580      0.12897191E+02      0.14884276E-10      6.49000000
  0.19727273     -0.39794793      6.49772580      0.14093130E+02      0.16264474E-10      6.51000000
  0.19787879     -0.41301864      6.49772580      0.15501555E+02      0.17889897E-10      6.53000000
  0.19848485     -0.44600096      6.49772580      0.16361815E+02      0.18882698E-10      6.55000000
  0.19909091     -0.45913977      6.49772580      0.18077201E+02      0.20862376E-10      6.57000000
  0.19969697     -0.49779738      6.49772580      0.18832680E+02      0.21734251E-10      6.59000000
  0.20030303     -0.51108888      6.49772580      0.20799800E+02      0.24004447E-10      6.61000000
  0.20090909     -0.52365540      6.49772580      0.23010771E+02      0.26556065E-10      6.63000000
  0.20151515     -0.54427351      6.49772580      0.24989155E+02      0.28839262E-10      6.65000000
  0.20212121     -0.58666315      6.49772580      0.25810741E+02      0.29787429E-10      6.67000000
  0.20272727     -0.61458346      6.49772580      0.27562505E+02      0.31809090E-10      6.69000000
  0.20333333     -0.63081963      6.49772580      0.30235771E+02      0.34894229E-10      6.71000000
  0.20393939     -0.65750744      6.49772580      0.32379622E+02      0.37368385E-10      6.73000000
  0.20454545     -0.69121373      6.49772580      0.34119606E+02      0.39376451E-10      6.75000000
  0.20515152     -0.71788230      6.49772580      0.36540456E+02      0.42170284E-10      6.77000000
  0.20575758     -0.73570848      6.49772580      0.39938000E+02      0.46091291E-10      6.79000000
  0.20636364     -0.76905199      6.49772580      0.42119318E+02      0.48608687E-10      6.81000000
  0.20696970     -0.78948386      6.49772580      0.45760209E+02      0.52810534E-10      6.83000000
  0.20757576     -0.81606623      6.49772580      0.49016709E+02      0.56568766E-10      6.85000000
  0.20818182     -0.88103486      6.49772580      0.48063351E+02      0.55468524E-10      6.87000000
  0.20878788     -0.89075374      6.49772580      0.53522168E+02      0.61768386E-10      6.89000000
  0.20939394     -0.91975274      6.49772580      0.57012913E+02      0.65796955E-10      6.91000000
  0.21000000     -0.95389508      6.49772580      0.60016328E+02      0.69263109E-10      6.93000000
  0.21060606     -0.99744803      6.49772580      0.61823700E+02      0.71348945E-10      6.95000000
  0.21121212     -1.00590687      6.49772580      0.69045389E+02      0.79683287E-10      6.97000000
  0.21181818     -1.04968174      6.49772580      0.71088336E+02      0.82040993E-10      6.99000000
  0.21242424     -1.09246425      6.49772580      0.73359162E+02      0.84661688E-10      7.01000000
  0.21303030     -1.12844985      6.49772580      0.76896627E+02      0.88744174E-10      7.03000000
  0.21363636     -1.15773101      6.49772580      0.81858665E+02      0.94470719E-10      7.05000000
  0.21424242     -1.18588597      6.49772580      0.87367163E+02      0.10082792E-09      7.07000000
  0.21484848     -1.23820151      6.49772580      0.88200535E+02      0.10178969E-09      7.09000000
  0.21545455     -1.25968712      6.49772580      0.95592571E+02      0.11032062E-09      7.11000000
  0.21606061     -1.32743268      6.49772580      0.93135899E+02      0.10748545E-09      7.13000000
  0.21666667     -1.35159836      6.49772580      0.10032056E+03      0.11577706E-09      7.15000000
  0.21727273     -1.37033907      6.49772580      0.10941775E+03      0.12627586E-09      7.17000000
  0.21787879     -1.40039055      6.49772580      0.11627191E+03      0.13418605E-09      7.19000000
  0.21848485     -1.46678603      6.49772580      0.11363651E+03      0.13114461E-09      7.21000000
  0.21909091     -1.49301854      6.49772580      0.12182149E+03      0.14059065E-09      7.23000000
  0.21969697     -1.51314390      6.49772580      0.13244546E+03      0.15285147E-09      7.25000000
  0.22030303     -1.57582031      6.49772580      0.13055671E+03      0.15067172E-09      7.27000000
  0.22090909     -1.62511766      6.49772580      0.13272122E+03      0.15316972E-09      7.29000000
  0.22151515     -1.65500156      6.49772580      0.14108960E+03      0.16282742E-09      7.31000000
  0.22212121     -1.68837771      6.49772580      0.14878439E+03      0.17170776E-09      7.33000000
  0.22272727     -1.77013641      6.49772580      0.14035801E+03      0.16198312E-09      7.35000000
  0.22333333     -1.79404854      6.49772580      0.15127376E+03      0.17458067E-09      7.37000000
  0.22393939     -1.85180643      6.49772580      0.15081490E+03      0.17405111E-09      7.39000000
  0.22454545     -1.84622655      6.49772580      0.17396531E+03      0.20076833E-09      7.41000000
  0.22515152     -1.94778148      6.49772580      0.15680007E+03      0.18095843E-09      7.43000000
  0.22575758     -1.96444137      6.49772580      0.17184025E+03      0.19831586E-09      7.45000000
  0.22636364     -1.99981048      6.49772580      0.18038246E+03      0.20817418E-09      7.47000000
  0.22696970     -2.05592640      6.49772580      0.18051650E+03      0.20832888E-09      7.49000000
  0.22757576     -2.13093458      6.49772580      0.17296063E+03      0.19960886E-09      7.51000000
  0.22818182     -2.08375550      6.49772580      0.21956589E+03      0.25339465E-09      7.53000000
  0.22878788     -2.23957080      6.49772580      0.17465784E+03      0.20156757E-09      7.55000000
  0.22939394     -2.23502319      6.49772580      0.20098990E+03      0.23195664E-09      7.57000000
  0.23000000     -2.24416654      6.49772580      0.22411422E+03      0.25864374E-09      7.59000000
  0.23060606     -2.34223316      6.49772580      0.20362980E+03      0.23500326E-09      7.61000000
  0.23121212     -2.32519982      6.49772580      0.24116440E+03      0.27832086E-09      7.63000000
  0.23181818     -2.41795387      6.49772580      0.22181845E+03      0.25599427E-09      7.65000000
  0.23242424     -2.45386642      6.49772580      0.23255392E+03      0.26838375E-09      7.67000000
  0.23303030     -2.55453658      6.49772580      0.21003517E+03      0.24239552E-09      7.69000000
  0.23363636     -2.58382595      6.49772580      0.22358424E+03      0.25803210E-09      7.71000000
  0.23424242     -2.63751080      6.49772580      0.22500640E+03      0.25967338E-09      7.73000000
  0.23484848     -2.77013637      6.49772580      0.18880254E+03      0.21789155E-09      7.75000000
  0.23545455     -2.63751080      6.49772580      0.29179102E+03      0.33674758E-09      7.77000000
  0.23606061     -2.87487171      6.49772580      0.19237540E+03      0.22201489E-09      7.79000000
  0.23666667     -2.85556657      6.49772580      0.22903044E+03      0.26431741E-09      7.81000000
  0.23727273     -2.89507513      6.49772580      0.23813497E+03      0.27482469E-09      7.83000000
  0.23787879     -3.07116637      6.49772580      0.18078836E+03      0.20864262E-09      7.85000000
  0.23848485     -3.10335106      6.49772580      0.19117201E+03      0.22062609E-09      7.87000000
  0.23909091     -3.17590171      6.49772580      0.18420957E+03      0.21259094E-09      7.89000000
  0.23969697     -3.31420443      6.49772580      0.15256257E+03      0.17606805E-09      7.91000000
  0.24030303     -3.26305191      6.49772580      0.19545152E+03      0.22556494E-09      7.93000000
  0.24090909     -3.31420443      6.49772580      0.19784499E+03      0.22832718E-09      7.95000000
  0.24151515     -3.43914317      6.49772580      0.16897593E+03      0.19501023E-09      7.97000000
  0.24212121     -3.61523442      6.49772580      0.12828389E+03      0.14804873E-09      7.99000000
  0.24272727     -3.37219636      6.49772580      0.25565172E+03      0.29504025E-09      8.01000000
  0.24333333     -3.21729441      6.49772580      0.41590026E+03      0.47997847E-09      8.03000000
  0.24393939     -3.61523442      6.49772580      0.18944699E+03      0.21863529E-09      8.05000000
  0.24454545     -3.31420443      6.49772580      0.43147559E+03      0.49795351E-09      8.07000000
  0.24515152     -3.51832440      6.49772580      0.30709644E+03      0.35441113E-09      8.09000000
  0.24575758     -3.74017317      6.49772580      0.20982854E+03      0.24215705E-09      8.11000000
  0.24636364     -3.74017317      6.49772580      0.23894782E+03      0.27576278E-09      8.13000000
  0.24696970     -3.61523442      6.49772580      0.36281092E+03      0.41870960E-09      8.15000000
  0.24757576     -4.21729441      6.49772580      0.10329015E+03      0.11920417E-09      8.17000000
  0.24878788     -4.21729441      6.49772580      0.13394791E+03      0.15458541E-09      8.21000000
  0.24939394     -4.21729441      6.49772580      0.15253675E+03      0.17603825E-09      8.23000000
  0.25000000     -4.21729441      6.49772580      0.17370528E+03      0.20046824E-09      8.25000000
  0.25060606     -3.91626442      6.49772580      0.39562300E+03      0.45657707E-09      8.27000000
  0.25121212     -4.21729441      6.49772580      0.22526311E+03      0.25996964E-09      8.29000000
  0.25242424     -3.91626442      6.49772580      0.58424785E+03      0.67426355E-09      8.33000000
  0.25363636     -4.21729441      6.49772580      0.37882984E+03      0.43719657E-09      8.37000000
  0.25424242     -4.21729441      6.49772580      0.43140256E+03      0.49786922E-09      8.39000000
  0.25545455     -4.21729441      6.49772580      0.55944806E+03      0.64564283E-09      8.43000000
  0.25606061     -4.21729441      6.49772580      0.63708635E+03      0.73524294E-09      8.45000000
