  0.12333333     -3.91209871      7.50187547      0.45459381E-09      0.52463357E-21      4.07000000
  0.12393939     -3.91209871      7.50187547      0.52818246E-09      0.60956011E-21      4.09000000
  0.12454545     -3.91209871      7.50187547      0.61368349E-09      0.70823437E-21      4.11000000
  0.12515152     -3.91209871      7.50187547      0.71302524E-09      0.82288181E-21      4.13000000
  0.12575758     -3.91209871      7.50187547      0.82844821E-09      0.95608813E-21      4.15000000
  0.12636364     -4.21312870      7.50187547      0.48127780E-09      0.55542880E-21      4.17000000
  0.12696970     -3.91209871      7.50187547      0.11183720E-08      0.12906808E-20      4.19000000
  0.12757576     -3.51415872      7.50187547      0.32485289E-08      0.37490333E-20      4.21000000
  0.12818182     -3.31003871      7.50187547      0.60390303E-08      0.69694702E-20      4.23000000
  0.12878788     -3.25888620      7.50187547      0.78936920E-08      0.91098818E-20      4.25000000
  0.12939394     -3.43497749      7.50187547      0.61143368E-08      0.70563794E-20      4.27000000
  0.13000000     -3.00900872      7.50187547      0.18944301E-07      0.21863070E-19      4.29000000
  0.13060606     -3.25888620      7.50187547      0.12381167E-07      0.14288746E-19      4.31000000
  0.13121212     -2.93437512      7.50187547      0.30369183E-07      0.35048197E-19      4.33000000
  0.13181818     -2.73600747      7.50187547      0.55713601E-07      0.64297456E-19      4.35000000
  0.13242424     -2.60034485      7.50187547      0.88467613E-07      0.10209791E-18      4.37000000
  0.13303030     -2.56967605      7.50187547      0.11030967E-06      0.12730520E-18      4.39000000
  0.13363636     -2.40021536      7.50187547      0.18933666E-06      0.21850797E-18      4.41000000
  0.13424242     -2.36803069      7.50187547      0.23690807E-06      0.27340875E-18      4.43000000
  0.13484848     -2.24934091      7.50187547      0.36176796E-06      0.41750594E-18      4.45000000
  0.13545455     -2.15622388      7.50187547      0.52084391E-06      0.60109089E-18      4.47000000
  0.13606061     -2.06084036      7.50187547      0.75379209E-06      0.86992966E-18      4.49000000
  0.13666667     -1.97508261      7.50187547      0.10670132E-05      0.12314091E-17      4.51000000
  0.13727273     -1.86482385      7.50187547      0.15980450E-05      0.18442575E-17      4.53000000
  0.13787879     -1.88884627      7.50187547      0.17568191E-05      0.20274942E-17      4.55000000
  0.13848485     -1.73745754      7.50187547      0.28925192E-05      0.33381727E-17      4.57000000
  0.13909091     -1.72882886      7.50187547      0.34281939E-05      0.39563795E-17      4.59000000
  0.13969697     -1.64846265      7.50187547      0.47928304E-05      0.55312669E-17      4.61000000
  0.14030303     -1.54381183      7.50187547      0.70860357E-05      0.81777890E-17      4.63000000
  0.14090909     -1.48967305      7.50187547      0.93261540E-05      0.10763045E-16      4.65000000
  0.14151515     -1.43788244      7.50187547      0.12208257E-04      0.14089196E-16      4.67000000
  0.14212121     -1.37934435      7.50187547      0.16231259E-04      0.18732027E-16      4.69000000
  0.14272727     -1.31221567      7.50187547      0.22011080E-04      0.25402351E-16      4.71000000
  0.14333333     -1.26227725      7.50187547      0.28690640E-04      0.33111038E-16      4.73000000
  0.14393939     -1.20029149      7.50187547      0.38449124E-04      0.44373022E-16      4.75000000
  0.14454545     -1.12998458      7.50187547      0.52523521E-04      0.60615877E-16      4.77000000
  0.14515152     -1.11172539      7.50187547      0.63646347E-04      0.73452409E-16      4.79000000
  0.14575758     -1.04228053      7.50187547      0.86771839E-04      0.10014087E-15      4.81000000
  0.14636364     -0.99223648      7.50187547      0.11313144E-03      0.13056172E-15      4.83000000
  0.14696970     -0.92960137      7.50187547      0.15183744E-03      0.17523121E-15      4.85000000
  0.14757576     -0.90648927      7.50187547      0.18605933E-03      0.21472569E-15      4.87000000
  0.14818182     -0.85083477      7.50187547      0.24573466E-03      0.28359526E-15      4.89000000
  0.14878788     -0.79350337      7.50187547      0.32580539E-03      0.37600258E-15      4.91000000
  0.14939394     -0.77064896      7.50187547      0.39900023E-03      0.46047463E-15      4.93000000
  0.15000000     -0.70825027      7.50187547      0.53521996E-03      0.61768188E-15      4.95000000
  0.15060606     -0.67821462      7.50187547      0.66638991E-03      0.76906133E-15      4.97000000
  0.15121212     -0.64704494      7.50187547      0.83187592E-03      0.96004395E-15      4.99000000
  0.15181818     -0.61346394      7.50187547      0.10442392E-02      0.12051263E-14      5.01000000
  0.15242424     -0.56165684      7.50187547      0.13669970E-02      0.15776118E-14      5.03000000
  0.15303030     -0.54717271      7.50187547      0.16421475E-02      0.18951550E-14      5.05000000
  0.15363636     -0.51018147      7.50187547      0.20776093E-02      0.23977088E-14      5.07000000
  0.15424242     -0.46595004      7.50187547      0.26727341E-02      0.30845252E-14      5.09000000
  0.15484848     -0.44664150      7.50187547      0.32465699E-02      0.37467725E-14      5.11000000
  0.15545455     -0.41268661      7.50187547      0.40788724E-02      0.47073087E-14      5.13000000
  0.15606061     -0.38563022      7.50187547      0.50437897E-02      0.58208919E-14      5.15000000
  0.15666667     -0.36778258      7.50187547      0.61061164E-02      0.70468924E-14      5.17000000
  0.15727273     -0.34460185      7.50187547      0.74835260E-02      0.86365209E-14      5.19000000
  0.15787879     -0.31864651      7.50187547      0.92304329E-02      0.10652576E-13      5.21000000
  0.15848485     -0.28529660      7.50187547      0.11580637E-01      0.13364878E-13      5.23000000
  0.15909091     -0.27206473      7.50187547      0.13871543E-01      0.16008747E-13      5.25000000
  0.15969697     -0.24586161      7.50187547      0.17119393E-01      0.19756996E-13      5.27000000
  0.16030303     -0.23063135      7.50187547      0.20600563E-01      0.23774514E-13      5.29000000
  0.16090909     -0.21083303      7.50187547      0.25051738E-01      0.28911486E-13      5.31000000
  0.16151515     -0.18876620      7.50187547      0.30624228E-01      0.35342536E-13      5.33000000
  0.16212121     -0.18022804      7.50187547      0.36288062E-01      0.41879004E-13      5.35000000
  0.16272727     -0.15981975      7.50187547      0.44190867E-01      0.50999402E-13      5.37000000
  0.16333333     -0.15546261      7.50187547      0.51862103E-01      0.59852554E-13      5.39000000
  0.16393939     -0.13514342      7.50187547      0.63143665E-01      0.72872278E-13      5.41000000
  0.16454545     -0.12428414      7.50187547      0.75222805E-01      0.86812464E-13      5.43000000
  0.16515152     -0.11220702      7.50187547      0.89864281E-01      0.10370977E-12      5.45000000
  0.16575758     -0.09941928      7.50187547      0.10753140E+00      0.12409888E-12      5.47000000
  0.16636364     -0.09360889      7.50187547      0.12662112E+00      0.14612978E-12      5.49000000
  0.16696970     -0.08553803      7.50187547      0.14987786E+00      0.17296970E-12      5.51000000
  0.16757576     -0.07850544      7.50187547      0.17698258E+00      0.20425048E-12      5.53000000
  0.16818182     -0.06566881      7.50187547      0.21180082E+00      0.24443320E-12      5.55000000
  0.16878788     -0.05958824      7.50187547      0.24955637E+00      0.28800579E-12      5.57000000
  0.16939394     -0.06495810      7.50187547      0.28639094E+00      0.33051550E-12      5.59000000
  0.17000000     -0.05521886      7.50187547      0.34029766E+00      0.39272769E-12      5.61000000
  0.17060606     -0.05739804      7.50187547      0.39340534E+00      0.45401772E-12      5.63000000
  0.17121212     -0.05344124      7.50187547      0.46127244E+00      0.53234118E-12      5.65000000
  0.17181818     -0.05533964      7.50187547      0.53360461E+00      0.61581766E-12      5.67000000
  0.17242424     -0.04803285      7.50187547      0.63050252E+00      0.72764473E-12      5.69000000
  0.17303030     -0.05882651      7.50187547      0.71458455E+00      0.82468137E-12      5.71000000
  0.17363636     -0.05494721      7.50187547      0.83770940E+00      0.96677619E-12      5.73000000
  0.17424242     -0.05536983      7.50187547      0.97236928E+00      0.11221833E-11      5.75000000
  0.17484848     -0.04919251      7.50187547      0.11459588E+01      0.13225179E-11      5.77000000
  0.17545455     -0.06384802      7.50187547      0.12872828E+01      0.14856159E-11      5.79000000
  0.17606061     -0.06329403      7.50187547      0.14975744E+01      0.17283074E-11      5.81000000
  0.17666667     -0.07492079      7.50187547      0.16940340E+01      0.19550357E-11      5.83000000
  0.17727273     -0.07221235      7.50187547      0.19805738E+01      0.22857229E-11      5.85000000
  0.17787879     -0.09114235      7.50187547      0.22030355E+01      0.25424595E-11      5.87000000
  0.17848485     -0.09206155      7.50187547      0.25542462E+01      0.29477816E-11      5.89000000
  0.17909091     -0.10710790      7.50187547      0.28666645E+01      0.33083346E-11      5.91000000
  0.17969697     -0.11351712      7.50187547      0.32819209E+01      0.37875700E-11      5.93000000
  0.18030303     -0.12188395      7.50187547      0.37404318E+01      0.43167241E-11      5.95000000
  0.18090909     -0.13937372      7.50187547      0.41743843E+01      0.48175362E-11      5.97000000
  0.18151515     -0.14624397      7.50187547      0.47740025E+01      0.55095382E-11      5.99000000
  0.18212121     -0.16193758      7.50187547      0.53499472E+01      0.61742193E-11      6.01000000
  0.18272727     -0.16565914      7.50187547      0.61629465E+01      0.71124783E-11      6.03000000
  0.18333333     -0.18155870      7.50187547      0.69031816E+01      0.79667623E-11      6.05000000
  0.18393939     -0.20355037      7.50187547      0.76246180E+01      0.87993512E-11      6.07000000
  0.18454545     -0.21938398      7.50187547      0.85417125E+01      0.98577434E-11      6.09000000
  0.18515152     -0.22667052      7.50187547      0.97593045E+01      0.11262931E-10      6.11000000
  0.18575758     -0.24698696      7.50187547      0.10820888E+02      0.12488073E-10      6.13000000
  0.18636364     -0.27777265      7.50187547      0.11712178E+02      0.13516686E-10      6.15000000
  0.18696970     -0.28921147      7.50187547      0.13254376E+02      0.15296493E-10      6.17000000
  0.18757576     -0.30111934      7.50187547      0.14983453E+02      0.17291969E-10      6.19000000
  0.18818182     -0.31886805      7.50187547      0.16711816E+02      0.19286624E-10      6.21000000
  0.18878788     -0.34507235      7.50187547      0.18280152E+02      0.21096595E-10      6.23000000
  0.18939394     -0.35531394      7.50187547      0.20744295E+02      0.23940391E-10      6.25000000
  0.19000000     -0.38900289      7.50187547      0.22303355E+02      0.25739657E-10      6.27000000
  0.19060606     -0.41008151      7.50187547      0.24686075E+02      0.28489485E-10      6.29000000
  0.19121212     -0.43346011      7.50187547      0.27179027E+02      0.31366529E-10      6.31000000
  0.19181818     -0.45090044      7.50187547      0.30335701E+02      0.35009555E-10      6.33000000
  0.19242424     -0.48583153      7.50187547      0.32522461E+02      0.37533232E-10      6.35000000
  0.19303030     -0.50863500      7.50187547      0.35854229E+02      0.41378329E-10      6.37000000
  0.19363636     -0.53261191      7.50187547      0.39420666E+02      0.45494251E-10      6.39000000
  0.19424242     -0.55150531      7.50187547      0.43852163E+02      0.50608513E-10      6.41000000
  0.19484848     -0.58658306      7.50187547      0.46997388E+02      0.54238327E-10      6.43000000
  0.19545455     -0.61543352      7.50187547      0.51095626E+02      0.58967985E-10      6.45000000
  0.19606061     -0.64822605      7.50187547      0.55049282E+02      0.63530785E-10      6.47000000
  0.19666667     -0.66906069      7.50187547      0.60964566E+02      0.70357443E-10      6.49000000
  0.19727273     -0.70608286      7.50187547      0.65045278E+02      0.75066875E-10      6.51000000
  0.19787879     -0.74183699      7.50187547      0.69602062E+02      0.80325727E-10      6.53000000
  0.19848485     -0.76103549      7.50187547      0.77372045E+02      0.89292840E-10      6.55000000
  0.19909091     -0.80083620      7.50187547      0.82024543E+02      0.94662154E-10      6.57000000
  0.19969697     -0.82025596      7.50187547      0.91134859E+02      0.10517611E-09      6.59000000
  0.20030303     -0.85691160      7.50187547      0.97317141E+02      0.11231090E-09      6.61000000
  0.20090909     -0.87747026      7.50187547      0.10784280E+03      0.12445826E-09      6.63000000
  0.20151515     -0.93277803      7.50187547      0.11031736E+03      0.12731407E-09      6.65000000
  0.20212121     -0.94268282      7.50187547      0.12528513E+03      0.14458794E-09      6.67000000
  0.20272727     -0.98319103      7.50187547      0.13260252E+03      0.15303273E-09      6.69000000
  0.20333333     -1.02730335      7.50187547      0.13918740E+03      0.16063215E-09      6.71000000
  0.20393939     -1.04081776      7.50187547      0.15676386E+03      0.18091664E-09      6.73000000
  0.20454545     -1.07482603      7.50187547      0.16842174E+03      0.19437066E-09      6.75000000
  0.20515152     -1.13576080      7.50187547      0.17006849E+03      0.19627112E-09      6.77000000
  0.20575758     -1.18333925      7.50187547      0.17709482E+03      0.20438001E-09      6.79000000
  0.20636364     -1.23131012      7.50187547      0.18424489E+03      0.21263170E-09      6.81000000
  0.20696970     -1.24886907      7.50187547      0.20558762E+03      0.23726273E-09      6.83000000
  0.20757576     -1.29040325      7.50187547      0.21708172E+03      0.25052773E-09      6.85000000
  0.20818182     -1.33864689      7.50187547      0.22570442E+03      0.26047895E-09      6.87000000
  0.20878788     -1.33691088      7.50187547      0.26329132E+03      0.30385690E-09      6.89000000
  0.20939394     -1.39358477      7.50187547      0.26848690E+03      0.30985297E-09      6.91000000
  0.21000000     -1.45120090      7.50187547      0.27319166E+03      0.31528260E-09      6.93000000
  0.21060606     -1.48234645      7.50187547      0.29544889E+03      0.34096902E-09      6.95000000
  0.21121212     -1.50470781      7.50187547      0.32604794E+03      0.37628250E-09      6.97000000
  0.21181818     -1.53370082      7.50187547      0.35436344E+03      0.40896060E-09      6.99000000
  0.21242424     -1.61873616      7.50187547      0.33851198E+03      0.39066688E-09      7.01000000
  0.21303030     -1.66906068      7.50187547      0.35027567E+03      0.40424303E-09      7.03000000
  0.21363636     -1.71344163      7.50187547      0.36744259E+03      0.42405487E-09      7.05000000
  0.21424242     -1.72882886      7.50187547      0.41206215E+03      0.47554901E-09      7.07000000
  0.21484848     -1.73745754      7.50187547      0.46934750E+03      0.54166038E-09      7.09000000
  0.21545455     -1.75828387      7.50187547      0.51979086E+03      0.59987560E-09      7.11000000
  0.21606061     -1.88271493      7.50187547      0.45347989E+03      0.52334804E-09      7.13000000
  0.21666667     -1.97508261      7.50187547      0.42594235E+03      0.49156775E-09      7.15000000
  0.21727273     -1.99302063      7.50187547      0.47486840E+03      0.54803189E-09      7.17000000
  0.21787879     -2.03128513      7.50187547      0.50520684E+03      0.58304461E-09      7.19000000
  0.21848485     -2.08279493      7.50187547      0.52133861E+03      0.60166181E-09      7.21000000
  0.21909091     -2.11970704      7.50187547      0.55637581E+03      0.64209724E-09      7.23000000
  0.21969697     -2.21749353      7.50187547      0.51610992E+03      0.59562754E-09      7.25000000
  0.22030303     -2.26373870      7.50187547      0.53908532E+03      0.62214279E-09      7.27000000
  0.22090909     -2.28370981      7.50187547      0.59820062E+03      0.69036604E-09      7.29000000
  0.22151515     -2.34389702      7.50187547      0.60509019E+03      0.69831709E-09      7.31000000
  0.22212121     -2.26864606      7.50187547      0.83604862E+03      0.96485954E-09      7.33000000
  0.22272727     -2.44227669      7.50187547      0.65127043E+03      0.75161237E-09      7.35000000
  0.22333333     -2.42779887      7.50187547      0.78234740E+03      0.90288451E-09      7.37000000
  0.22393939     -2.45725388      7.50187547      0.84938601E+03      0.98025184E-09      7.39000000
  0.22454545     -2.76597068      7.50187547      0.48478453E+03      0.55947582E-09      7.41000000
  0.22515152     -2.65682621      7.50187547      0.72419195E+03      0.83576899E-09      7.43000000
  0.22575758     -2.91209873      7.50187547      0.46745697E+03      0.53947857E-09      7.45000000
  0.22636364     -2.78176495      7.50187547      0.73322266E+03      0.84619108E-09      7.47000000
  0.22696970     -2.70797872      7.50187547      0.10096772E+04      0.11652393E-08      7.49000000
  0.22757576     -2.87070605      7.50187547      0.80652105E+03      0.93078262E-09      7.51000000
  0.22818182     -2.95785621      7.50187547      0.76670096E+03      0.88482741E-09      7.53000000
  0.22878788     -2.93437512      7.50187547      0.94030244E+03      0.10851759E-08      7.55000000
  0.22939394     -2.95785621      7.50187547      0.10350157E+04      0.11944817E-08      7.57000000
  0.23000000     -3.25888620      7.50187547      0.60128089E+03      0.69392089E-09      7.59000000
  0.23060606     -3.09918536      7.50187547      0.10091105E+04      0.11645852E-08      7.61000000
  0.23121212     -3.09918536      7.50187547      0.11724631E+04      0.13531057E-08      7.63000000
  0.23181818     -3.13394749      7.50187547      0.12574696E+04      0.14512093E-08      7.65000000
  0.23242424     -3.25888620      7.50187547      0.10957696E+04      0.12645960E-08      7.67000000
  0.23303030     -3.31003871      7.50187547      0.11316893E+04      0.13060499E-08      7.69000000
  0.23363636     -3.43497749      7.50187547      0.98616343E+03      0.11381027E-08      7.71000000
  0.23424242     -3.43497749      7.50187547      0.11458014E+04      0.13223363E-08      7.73000000
  0.23484848     -3.31003871      7.50187547      0.17750418E+04      0.20485244E-08      7.75000000
  0.23545455     -3.51415872      7.50187547      0.12889885E+04      0.14875844E-08      7.77000000
  0.23606061     -3.51415872      7.50187547      0.14976472E+04      0.17283913E-08      7.79000000
  0.23666667     -3.73600748      7.50187547      0.10440498E+04      0.12049077E-08      7.81000000
  0.23727273     -3.91209871      7.50187547      0.80870559E+03      0.93330374E-09      7.83000000
  0.23787879     -3.51415872      7.50187547      0.23490426E+04      0.27109622E-08      7.85000000
  0.23848485     -3.73600748      7.50187547      0.16375803E+04      0.18898840E-08      7.87000000
  0.23909091     -4.21312870      7.50187547      0.63422278E+03      0.73193818E-09      7.89000000
  0.23969697     -4.21312870      7.50187547      0.73688938E+03      0.85042273E-09      7.91000000
  0.24151515     -4.21312870      7.50187547      0.11558027E+04      0.13338784E-08      7.97000000
  0.24212121     -4.21312870      7.50187547      0.13429015E+04      0.15498038E-08      7.99000000
  0.24272727     -4.21312870      7.50187547      0.15602874E+04      0.18006826E-08      8.01000000
  0.24393939     -4.21312870      7.50187547      0.21063258E+04      0.24308497E-08      8.05000000
  0.24575758     -4.21312870      7.50187547      0.33037481E+04      0.38127601E-08      8.11000000
  0.24696970     -4.21312870      7.50187547      0.44599280E+04      0.51470740E-08      8.15000000
  0.24757576     -4.21312870      7.50187547      0.51818915E+04      0.59802711E-08      8.17000000
  0.25848485     -4.21312870      7.50187547      0.77157231E+05      0.89044930E-07      8.53000000
