  0.12636364     -4.10695847      5.99880024      0.81912005E-09      0.94532277E-21      4.17000000
  0.12878788     -4.10695847      5.99880024      0.13236319E-08      0.15275653E-20      4.25000000
  0.12939394     -3.93086721      5.99880024      0.22385325E-08      0.25834256E-20      4.27000000
  0.13000000     -3.80592848      5.99880024      0.33651704E-08      0.38836458E-20      4.29000000
  0.13060606     -4.10695847      5.99880024      0.18970640E-08      0.21893467E-20      4.31000000
  0.13121212     -3.62983722      5.99880024      0.64166470E-08      0.74052668E-20      4.33000000
  0.13181818     -3.62983722      5.99880024      0.72345757E-08      0.83492146E-20      4.35000000
  0.13242424     -3.80592848      5.99880024      0.54378437E-08      0.62756582E-20      4.37000000
  0.13303030     -3.50489848      5.99880024      0.12262009E-07      0.14151230E-19      4.39000000
  0.13363636     -3.50489848      5.99880024      0.13825045E-07      0.15955085E-19      4.41000000
  0.13424242     -3.56289044      5.99880024      0.13638905E-07      0.15740266E-19      4.43000000
  0.13484848     -3.15271595      5.99880024      0.39542026E-07      0.45634309E-19      4.45000000
  0.13545455     -3.29404511      5.99880024      0.32198428E-07      0.37159275E-19      4.47000000
  0.13606061     -3.06556580      5.99880024      0.61435431E-07      0.70900854E-19      4.49000000
  0.13666667     -2.94559047      5.99880024      0.91305965E-07      0.10537357E-18      4.51000000
  0.13727273     -2.97662468      5.99880024      0.95845086E-07      0.11061204E-18      4.53000000
  0.13787879     -2.93086720      5.99880024      0.12006938E-06      0.13856860E-18      4.55000000
  0.13848485     -2.74523063      5.99880024      0.20757438E-06      0.23955559E-18      4.57000000
  0.13909091     -2.69198512      5.99880024      0.26455999E-06      0.30532104E-18      4.59000000
  0.13969697     -2.53875676      5.99880024      0.42448020E-06      0.48988033E-18      4.61000000
  0.14030303     -2.40366709      5.99880024      0.65320881E-06      0.75384940E-18      4.63000000
  0.14090909     -2.37056198      5.99880024      0.79480768E-06      0.91726456E-18      4.65000000
  0.14151515     -2.28741453      5.99880024      0.10852116E-05      0.12524113E-17      4.67000000
  0.14212121     -2.17753955      5.99880024      0.15757754E-05      0.18185568E-17      4.69000000
  0.14272727     -2.11795386      5.99880024      0.20379097E-05      0.23518926E-17      4.71000000
  0.14333333     -2.14081675      5.99880024      0.21798517E-05      0.25157039E-17      4.73000000
  0.14393939     -1.98474260      5.99880024      0.35205136E-05      0.40629229E-17      4.75000000
  0.14454545     -1.92511489      5.99880024      0.45534298E-05      0.52549817E-17      4.77000000
  0.14515152     -1.85048127      5.99880024      0.60964523E-05      0.70357393E-17      4.79000000
  0.14575758     -1.79203841      5.99880024      0.78636642E-05      0.90752275E-17      4.81000000
  0.14636364     -1.72584340      5.99880024      0.10325828E-04      0.11916739E-16      4.83000000
  0.14696970     -1.64832063      5.99880024      0.13917223E-04      0.16061464E-16      4.85000000
  0.14757576     -1.59174719      5.99880024      0.17874378E-04      0.20628303E-16      4.87000000
  0.14818182     -1.54526094      5.99880024      0.22429629E-04      0.25885387E-16      4.89000000
  0.14878788     -1.50489849      5.99880024      0.27751692E-04      0.32027425E-16      4.91000000
  0.14939394     -1.46647703      5.99880024      0.34183446E-04      0.39450127E-16      4.93000000
  0.15000000     -1.40109477      5.99880024      0.44802579E-04      0.51705361E-16      4.95000000
  0.15060606     -1.33317202      5.99880024      0.59065065E-04      0.68165284E-16      4.97000000
  0.15121212     -1.28120788      5.99880024      0.75058476E-04      0.86622817E-16      4.99000000
  0.15181818     -1.22987521      5.99880024      0.95243935E-04      0.10991827E-15      5.01000000
  0.15242424     -1.16594423      5.99880024      0.12441514E-03      0.14358391E-15      5.03000000
  0.15303030     -1.12559296      5.99880024      0.15393218E-03      0.17764867E-15      5.05000000
  0.15363636     -1.09327876      5.99880024      0.18695993E-03      0.21576505E-15      5.07000000
  0.15424242     -1.05196263      5.99880024      0.23182997E-03      0.26754826E-15      5.09000000
  0.15484848     -0.99653712      5.99880024      0.29696140E-03      0.34271456E-15      5.11000000
  0.15545455     -0.94529106      5.99880024      0.37674802E-03      0.43479400E-15      5.13000000
  0.15606061     -0.92999951      5.99880024      0.43999471E-03      0.50778517E-15      5.15000000
  0.15666667     -0.88829168      5.99880024      0.54608493E-03      0.63022083E-15      5.17000000
  0.15727273     -0.83245424      5.99880024      0.70016847E-03      0.80804419E-15      5.19000000
  0.15787879     -0.80506074      5.99880024      0.84081600E-03      0.97036143E-15      5.21000000
  0.15848485     -0.76651437      5.99880024      0.10359821E-02      0.11955970E-14      5.23000000
  0.15909091     -0.71734947      5.99880024      0.13080431E-02      0.15095748E-14      5.25000000
  0.15969697     -0.69863371      5.99880024      0.15397235E-02      0.17769504E-14      5.27000000
  0.16030303     -0.66018837      5.99880024      0.18966754E-02      0.21888982E-14      5.29000000
  0.16090909     -0.62601779      5.99880024      0.23134947E-02      0.26699373E-14      5.31000000
  0.16151515     -0.59128331      5.99880024      0.28255819E-02      0.32609224E-14      5.33000000
  0.16212121     -0.56270435      5.99880024      0.34024502E-02      0.39266694E-14      5.35000000
  0.16272727     -0.53269566      5.99880024      0.41106016E-02      0.47439265E-14      5.37000000
  0.16333333     -0.50904403      5.99880024      0.48939771E-02      0.56479975E-14      5.39000000
  0.16393939     -0.47805892      5.99880024      0.59258677E-02      0.68388726E-14      5.41000000
  0.16454545     -0.44889934      5.99880024      0.71452339E-02      0.82461079E-14      5.43000000
  0.16515152     -0.42224772      5.99880024      0.85658999E-02      0.98856574E-14      5.45000000
  0.16575758     -0.40306552      5.99880024      0.10093926E-01      0.11649108E-13      5.47000000
  0.16636364     -0.37730781      5.99880024      0.12075990E-01      0.13936550E-13      5.49000000
  0.16696970     -0.35672015      5.99880024      0.14276288E-01      0.16475852E-13      5.51000000
  0.16757576     -0.32779506      5.99880024      0.17204629E-01      0.19855365E-13      5.53000000
  0.16818182     -0.31404174      5.99880024      0.20021820E-01      0.23106604E-13      5.55000000
  0.16878788     -0.29501499      5.99880024      0.23584964E-01      0.27218725E-13      5.57000000
  0.16939394     -0.27582488      5.99880024      0.27792669E-01      0.32074715E-13      5.59000000
  0.17000000     -0.26052860      5.99880024      0.32458724E-01      0.37459675E-13      5.61000000
  0.17060606     -0.23990366      5.99880024      0.38376141E-01      0.44288795E-13      5.63000000
  0.17121212     -0.22454778      5.99880024      0.44825186E-01      0.51731451E-13      5.65000000
  0.17181818     -0.20837040      5.99880024      0.52457114E-01      0.60539239E-13      5.67000000
  0.17242424     -0.19943964      5.99880024      0.60372627E-01      0.69674303E-13      5.69000000
  0.17303030     -0.18231743      5.99880024      0.70805534E-01      0.81714620E-13      5.71000000
  0.17363636     -0.16738930      5.99880024      0.82622864E-01      0.95352658E-13      5.73000000
  0.17424242     -0.15761726      5.99880024      0.95274615E-01      0.10995368E-12      5.75000000
  0.17484848     -0.15233010      5.99880024      0.10873498E+00      0.12548790E-12      5.77000000
  0.17545455     -0.14589350      5.99880024      0.12442590E+00      0.14359633E-12      5.79000000
  0.17606061     -0.12864098      5.99880024      0.14597155E+00      0.16846155E-12      5.81000000
  0.17666667     -0.12110556      5.99880024      0.16745903E+00      0.19325962E-12      5.83000000
  0.17727273     -0.11283939      5.99880024      0.19243305E+00      0.22208142E-12      5.85000000
  0.17787879     -0.11350021      5.99880024      0.21663257E+00      0.25000939E-12      5.87000000
  0.17848485     -0.10053522      5.99880024      0.25164810E+00      0.29041980E-12      5.89000000
  0.17909091     -0.09161969      5.99880024      0.28961037E+00      0.33423096E-12      5.91000000
  0.17969697     -0.09269003      5.99880024      0.32572319E+00      0.37590772E-12      5.93000000
  0.18030303     -0.09428995      5.99880024      0.36589265E+00      0.42226612E-12      5.95000000
  0.18090909     -0.08378836      5.99880024      0.42262987E+00      0.48774492E-12      5.97000000
  0.18151515     -0.08331512      5.99880024      0.47702193E+00      0.55051721E-12      5.99000000
  0.18212121     -0.07973124      5.99880024      0.54228444E+00      0.62583480E-12      6.01000000
  0.18272727     -0.08886158      5.99880024      0.59868961E+00      0.69093037E-12      6.03000000
  0.18333333     -0.08073174      5.99880024      0.68775930E+00      0.79372312E-12      6.05000000
  0.18393939     -0.08284240      5.99880024      0.77166842E+00      0.89056021E-12      6.07000000
  0.18454545     -0.08670080      5.99880024      0.86233746E+00      0.99519873E-12      6.09000000
  0.18515152     -0.08605879      5.99880024      0.97369777E+00      0.11237164E-11      6.11000000
  0.18575758     -0.09239593      5.99880024      0.10819120E+01      0.12486034E-11      6.13000000
  0.18636364     -0.09040563      5.99880024      0.12254262E+01      0.14142290E-11      6.15000000
  0.18696970     -0.09942407      5.99880024      0.13532363E+01      0.15617309E-11      6.17000000
  0.18757576     -0.10287367      5.99880024      0.15136622E+01      0.17468738E-11      6.19000000
  0.18818182     -0.10878636      5.99880024      0.16835313E+01      0.19429148E-11      6.21000000
  0.18878788     -0.11951566      5.99880024      0.18518116E+01      0.21371222E-11      6.23000000
  0.18939394     -0.12709156      5.99880024      0.20517565E+01      0.23678729E-11      6.25000000
  0.19000000     -0.13870906      5.99880024      0.22522326E+01      0.25992365E-11      6.27000000
  0.19060606     -0.14603602      5.99880024      0.24968428E+01      0.28815341E-11      6.29000000
  0.19121212     -0.15617999      5.99880024      0.27501232E+01      0.31738377E-11      6.31000000
  0.19181818     -0.16341451      5.99880024      0.30494572E+01      0.35192904E-11      6.33000000
  0.19242424     -0.17608581      5.99880024      0.33393055E+01      0.38537960E-11      6.35000000
  0.19303030     -0.18527199      5.99880024      0.36861661E+01      0.42540977E-11      6.37000000
  0.19363636     -0.19137400      5.99880024      0.40980552E+01      0.47294470E-11      6.39000000
  0.19424242     -0.20784961      5.99880024      0.44484335E+01      0.51338085E-11      6.41000000
  0.19484848     -0.21796509      5.99880024      0.49000052E+01      0.56549544E-11      6.43000000
  0.19545455     -0.23687660      5.99880024      0.52891996E+01      0.61041123E-11      6.45000000
  0.19606061     -0.25110632      5.99880024      0.57711870E+01      0.66603601E-11      6.47000000
  0.19666667     -0.26832971      5.99880024      0.62538386E+01      0.72173744E-11      6.49000000
  0.19727273     -0.27991246      5.99880024      0.68654473E+01      0.79232143E-11      6.51000000
  0.19787879     -0.30292132      5.99880024      0.73411635E+01      0.84722245E-11      6.53000000
  0.19848485     -0.30744562      5.99880024      0.81911621E+01      0.94531833E-11      6.55000000
  0.19909091     -0.33434343      5.99880024      0.86806576E+01      0.10018096E-10      6.57000000
  0.19969697     -0.36133725      5.99880024      0.91973713E+01      0.10614420E-10      6.59000000
  0.20030303     -0.36956702      5.99880024      0.10175104E+02      0.11742794E-10      6.61000000
  0.20090909     -0.39309007      5.99880024      0.10867277E+02      0.12541610E-10      6.63000000
  0.20151515     -0.41490510      5.99880024      0.11652272E+02      0.13447550E-10      6.65000000
  0.20212121     -0.43370711      5.99880024      0.12580953E+02      0.14519314E-10      6.67000000
  0.20272727     -0.44694726      5.99880024      0.13758728E+02      0.15878550E-10      6.69000000
  0.20333333     -0.47831415      5.99880024      0.14431661E+02      0.16655163E-10      6.71000000
  0.20393939     -0.50025474      5.99880024      0.15469656E+02      0.17853082E-10      6.73000000
  0.20454545     -0.52461097      5.99880024      0.16490329E+02      0.19031012E-10      6.75000000
  0.20515152     -0.54294377      5.99880024      0.17823847E+02      0.20569987E-10      6.77000000
  0.20575758     -0.57077896      5.99880024      0.18848256E+02      0.21752228E-10      6.79000000
  0.20636364     -0.60031815      5.99880024      0.19853492E+02      0.22912341E-10      6.81000000
  0.20696970     -0.61552673      5.99880024      0.21613905E+02      0.24943983E-10      6.83000000
  0.20757576     -0.65417570      5.99880024      0.22294061E+02      0.25728931E-10      6.85000000
  0.20818182     -0.66628549      5.99880024      0.24444678E+02      0.28210896E-10      6.87000000
  0.20878788     -0.70564411      5.99880024      0.25172747E+02      0.29051140E-10      6.89000000
  0.20939394     -0.71259437      5.99880024      0.27930922E+02      0.32234270E-10      6.91000000
  0.21000000     -0.74740756      5.99880024      0.29065447E+02      0.33543591E-10      6.93000000
  0.21060606     -0.78164812      5.99880024      0.30285961E+02      0.34952152E-10      6.95000000
  0.21121212     -0.82309214      5.99880024      0.31038609E+02      0.35820761E-10      6.97000000
  0.21181818     -0.83697882      5.99880024      0.33893818E+02      0.39115875E-10      6.99000000
  0.21242424     -0.87548891      5.99880024      0.34971585E+02      0.40359695E-10      7.01000000
  0.21303030     -0.90515182      5.99880024      0.36826235E+02      0.42500093E-10      7.03000000
  0.21363636     -0.92697604      5.99880024      0.39485534E+02      0.45569113E-10      7.05000000
  0.21424242     -0.96755171      5.99880024      0.40547797E+02      0.46795041E-10      7.07000000
  0.21484848     -0.99318220      5.99880024      0.43096470E+02      0.49736389E-10      7.09000000
  0.21545455     -1.04100548      5.99880024      0.43523451E+02      0.50229157E-10      7.11000000
  0.21606061     -1.05696561      5.99880024      0.47300760E+02      0.54588440E-10      7.13000000
  0.21666667     -1.08929920      5.99880024      0.49503903E+02      0.57131023E-10      7.15000000
  0.21727273     -1.11573241      5.99880024      0.52518359E+02      0.60609920E-10      7.17000000
  0.21787879     -1.17296533      5.99880024      0.51901887E+02      0.59898467E-10      7.19000000
  0.21848485     -1.21070792      5.99880024      0.53647003E+02      0.61912456E-10      7.21000000
  0.21909091     -1.24542405      5.99880024      0.55838566E+02      0.64441675E-10      7.23000000
  0.21969697     -1.26310306      5.99880024      0.60444970E+02      0.69757793E-10      7.25000000
  0.22030303     -1.29471379      5.99880024      0.63365717E+02      0.73128541E-10      7.27000000
  0.22090909     -1.33980260      5.99880024      0.64397716E+02      0.74319542E-10      7.29000000
  0.22151515     -1.36817792      5.99880024      0.68014273E+02      0.78493306E-10      7.31000000
  0.22212121     -1.40539049      5.99880024      0.70386992E+02      0.81231592E-10      7.33000000
  0.22272727     -1.47551470      5.99880024      0.67526325E+02      0.77930179E-10      7.35000000
  0.22333333     -1.48370921      5.99880024      0.74710823E+02      0.86221600E-10      7.37000000
  0.22393939     -1.54347739      5.99880024      0.73404090E+02      0.84713538E-10      7.39000000
  0.22454545     -1.57420411      5.99880024      0.77107824E+02      0.88987911E-10      7.41000000
  0.22515152     -1.59775597      5.99880024      0.82347707E+02      0.95035108E-10      7.43000000
  0.22575758     -1.69282110      5.99880024      0.74591836E+02      0.86084281E-10      7.45000000
  0.22636364     -1.68207685      5.99880024      0.86206589E+02      0.99488532E-10      7.47000000
  0.22696970     -1.69365871      5.99880024      0.94637557E+02      0.10921847E-09      7.49000000
  0.22757576     -1.78577444      5.99880024      0.86308328E+02      0.99605946E-10      7.51000000
  0.22818182     -1.85532025      5.99880024      0.82910935E+02      0.95685113E-10      7.53000000
  0.22878788     -1.85289401      5.99880024      0.94003272E+02      0.10848646E-09      7.55000000
  0.22939394     -1.92368864      5.99880024      0.90043683E+02      0.10391681E-09      7.57000000
  0.23000000     -1.92798154      5.99880024      0.10052296E+03      0.11601064E-09      7.59000000
  0.23060606     -1.95314360      5.99880024      0.10695673E+03      0.12343567E-09      7.61000000
  0.23121212     -2.01705335      5.99880024      0.10408863E+03      0.12012568E-09      7.63000000
  0.23181818     -2.07555002      5.99880024      0.10256792E+03      0.11837067E-09      7.65000000
  0.23242424     -2.07960889      5.99880024      0.11456648E+03      0.13221787E-09      7.67000000
  0.23303030     -2.14553738      5.99880024      0.11097727E+03      0.12807565E-09      7.69000000
  0.23363636     -2.24067113      5.99880024      0.10050905E+03      0.11599459E-09      7.71000000
  0.23424242     -2.27765469      5.99880024      0.10407024E+03      0.12010445E-09      7.73000000
  0.23484848     -2.34353048      5.99880024      0.10082208E+03      0.11635585E-09      7.75000000
  0.23545455     -2.29739875      5.99880024      0.12641317E+03      0.14588978E-09      7.77000000
  0.23606061     -2.35877046      5.99880024      0.12374439E+03      0.14280982E-09      7.79000000
  0.23666667     -2.44894708      5.99880024      0.11335843E+03      0.13082368E-09      7.81000000
  0.23727273     -2.55065596      5.99880024      0.10112298E+03      0.11670311E-09      7.83000000
  0.23787879     -2.53292720      5.99880024      0.11876365E+03      0.13706169E-09      7.85000000
  0.23848485     -2.55673013      5.99880024      0.12676096E+03      0.14629116E-09      7.87000000
  0.23909091     -2.56289043      5.99880024      0.14090621E+03      0.16261578E-09      7.89000000
  0.23969697     -2.70041832      5.99880024      0.11574631E+03      0.13357947E-09      7.91000000
  0.24030303     -2.61559679      5.99880024      0.15864764E+03      0.18309065E-09      7.93000000
  0.24090909     -2.71779238      5.99880024      0.14136534E+03      0.16314565E-09      7.95000000
  0.24151515     -2.74523063      5.99880024      0.14962688E+03      0.17268005E-09      7.97000000
  0.24212121     -2.74523063      5.99880024      0.16869978E+03      0.19469154E-09      7.99000000
  0.24272727     -2.80592849      5.99880024      0.16539469E+03      0.19087723E-09      8.01000000
  0.24333333     -2.88947452      5.99880024      0.15384397E+03      0.17754687E-09      8.03000000
  0.24393939     -3.12923487      5.99880024      0.99867695E+02      0.11525442E-09      8.05000000
  0.24454545     -3.29404511      5.99880024      0.77040609E+02      0.88910339E-10      8.07000000
  0.24515152     -3.20386849      5.99880024      0.10690580E+03      0.12337689E-09      8.09000000
  0.24575758     -2.97662468      5.99880024      0.20339954E+03      0.23473753E-09      8.11000000
  0.24636364     -3.29404511      5.99880024      0.11041662E+03      0.12742863E-09      8.13000000
  0.24696970     -3.29404511      5.99880024      0.12449141E+03      0.14367193E-09      8.15000000
  0.24757576     -3.15271595      5.99880024      0.19434503E+03      0.22428798E-09      8.17000000
  0.24818182     -3.40798848      5.99880024      0.12173230E+03      0.14048773E-09      8.19000000
  0.24878788     -3.26186044      5.99880024      0.19214929E+03      0.22175394E-09      8.21000000
  0.24939394     -3.40798848      5.99880024      0.15474466E+03      0.17858634E-09      8.23000000
  0.25000000     -3.40798848      5.99880024      0.17446993E+03      0.20135070E-09      8.25000000
  0.25060606     -3.93086721      5.99880024      0.59012875E+02      0.68105053E-10      8.27000000
  0.25121212     -3.50489848      5.99880024      0.17742729E+03      0.20476371E-09      8.29000000
  0.25181818     -3.50489848      5.99880024      0.20004391E+03      0.23086489E-09      8.31000000
  0.25242424     -3.70901848      5.99880024      0.14096466E+03      0.16268324E-09      8.33000000
  0.25303030     -3.80592848      5.99880024      0.12714672E+03      0.14673636E-09      8.35000000
  0.25363636     -3.93086721      5.99880024      0.10751557E+03      0.12408061E-09      8.37000000
  0.25424242     -3.56289044      5.99880024      0.28284796E+03      0.32642665E-09      8.39000000
  0.25484848     -3.93086721      5.99880024      0.13667252E+03      0.15772980E-09      8.41000000
  0.25545455     -3.70901848      5.99880024      0.25682355E+03      0.29639263E-09      8.43000000
  0.25606061     -3.93086721      5.99880024      0.17373648E+03      0.20050425E-09      8.45000000
  0.25666667     -4.10695847      5.99880024      0.13058842E+03      0.15070832E-09      8.47000000
  0.25787879     -3.80592848      5.99880024      0.33200491E+03      0.38315727E-09      8.51000000
  0.25848485     -4.10695847      5.99880024      0.18716276E+03      0.21599913E-09      8.53000000
  0.25909091     -4.40798847      5.99880024      0.10551018E+03      0.12176624E-09      8.55000000
  0.26030303     -4.10695847      5.99880024      0.26824657E+03      0.30957561E-09      8.59000000
  0.26151515     -4.40798847      5.99880024      0.17049593E+03      0.19676443E-09      8.63000000
  0.26212121     -4.40798847      5.99880024      0.19222901E+03      0.22184595E-09      8.65000000
  0.26272727     -4.10695847      5.99880024      0.43346481E+03      0.50024921E-09      8.67000000
  0.26575758     -4.40798847      5.99880024      0.39486482E+03      0.45570207E-09      8.77000000
