  0.11363636     -1.97796615     25.97402597      0.68575406E-06      0.79140893E-18      3.75000000
  0.11424242     -1.19773194     25.97402597      0.69504051E-05      0.80212616E-17      3.77000000
  0.11484848     -0.87114783     25.97402597      0.24785732E-04      0.28604497E-16      3.79000000
  0.11545455     -0.56848821     25.97402597      0.83650568E-04      0.96538702E-16      3.81000000
  0.11606061     -0.32937162     25.97402597      0.24388945E-03      0.28146576E-15      3.83000000
  0.11666667     -0.18851428     25.97402597      0.56709768E-03      0.65447103E-15      3.85000000
  0.11727273     -0.06298260     25.97402597      0.12729082E-02      0.14690265E-14      3.87000000
  0.11787879      0.04923638     25.97402597      0.27709174E-02      0.31978356E-14      3.89000000
  0.11848485      0.15004923     25.97402597      0.58754881E-02      0.67807310E-14      3.91000000
  0.11909091      0.21222406     25.97402597      0.11397939E-01      0.13154031E-13      3.93000000
  0.11969697      0.26803264     25.97402597      0.21789257E-01      0.25146351E-13      3.95000000
  0.12030303      0.31236816     25.97402597      0.40568174E-01      0.46818556E-13      3.97000000
  0.12090909      0.33858378     25.97402597      0.72445030E-01      0.83606714E-13      3.99000000
  0.12151515      0.36045679     25.97402597      0.12808230E+00      0.14781608E-12      4.01000000
  0.12212121      0.37677928     25.97402597      0.22357289E+00      0.25801901E-12      4.03000000
  0.12272727      0.38523435     25.97402597      0.38324962E+00      0.44229731E-12      4.05000000
  0.12333333      0.38192859     25.97402597      0.63941599E+00      0.73793151E-12      4.07000000
  0.12393939      0.38092004     25.97402597      0.10724634E+01      0.12376990E-11      4.09000000
  0.12454545      0.37134873     25.97402597      0.17636755E+01      0.20354069E-11      4.11000000
  0.12515152      0.35518551     25.97402597      0.28566892E+01      0.32968224E-11      4.13000000
  0.12575758      0.33614929     25.97402597      0.45965744E+01      0.53047736E-11      4.15000000
  0.12636364      0.30869324     25.97402597      0.72541372E+01      0.83717900E-11      4.17000000
  0.12696970      0.27908903     25.97402597      0.11391714E+02      0.13146848E-10      4.19000000
  0.12757576      0.24899294     25.97402597      0.17869011E+02      0.20622108E-10      4.21000000
  0.12818182      0.20965625     25.97402597      0.27439193E+02      0.31666780E-10      4.23000000
  0.12878788      0.16766197     25.97402597      0.41877870E+02      0.48330039E-10      4.25000000
  0.12939394      0.12674906     25.97402597      0.64073611E+02      0.73945502E-10      4.27000000
  0.13000000      0.07984434     25.97402597      0.96690099E+02      0.11158725E-09      4.29000000
  0.13060606      0.02880836     25.97402597      0.14452852E+03      0.16679618E-09      4.31000000
  0.13121212     -0.02824782     25.97402597      0.21306145E+03      0.24588806E-09      4.33000000
  0.13181818     -0.08908226     25.97402597      0.31137086E+03      0.35934411E-09      4.35000000
  0.13242424     -0.15042913     25.97402597      0.45450496E+03      0.52453103E-09      4.37000000
  0.13303030     -0.21335180     25.97402597      0.66103350E+03      0.76287966E-09      4.39000000
  0.13363636     -0.27205723     25.97402597      0.97079062E+03      0.11203614E-08      4.41000000
  0.13424242     -0.35258443     25.97402597      0.13558320E+04      0.15647265E-08      4.43000000
  0.13484848     -0.42024502     25.97402597      0.19505309E+04      0.22510513E-08      4.45000000
  0.13545455     -0.49175373     25.97402597      0.27813244E+04      0.32098460E-08      4.47000000
  0.13606061     -0.57744478     25.97402597      0.38385580E+04      0.44299689E-08      4.49000000
  0.13666667     -0.65654300     25.97402597      0.53787012E+04      0.62074035E-08      4.51000000
  0.13727273     -0.74014942     25.97402597      0.74589641E+04      0.86081749E-08      4.53000000
  0.13787879     -0.82437112     25.97402597      0.10329144E+05      0.11920567E-07      4.55000000
  0.13848485     -0.90988739     25.97402597      0.14261184E+05      0.16458420E-07      4.57000000
  0.13909091     -1.00123272     25.97402597      0.19427539E+05      0.22420761E-07      4.59000000
  0.13969697     -1.09258862     25.97402597      0.26464849E+05      0.30542317E-07      4.61000000
  0.14030303     -1.19000869     25.97402597      0.35551413E+05      0.41028858E-07      4.63000000
  0.14090909     -1.30881028     25.97402597      0.45463493E+05      0.52468103E-07      4.65000000
  0.14151515     -1.37957556     25.97402597      0.64938917E+05      0.74944126E-07      4.67000000
  0.14212121     -1.47813376     25.97402597      0.87007034E+05      0.10041230E-06      4.69000000
  0.14272727     -1.58086214     25.97402597      0.11546052E+06      0.13324965E-06      4.71000000
  0.14333333     -1.67381547     25.97402597      0.15670675E+06      0.18085073E-06      4.73000000
  0.14393939     -1.79703011     25.97402597      0.19837210E+06      0.22893550E-06      4.75000000
  0.14454545     -1.89462895     25.97402597      0.26637242E+06      0.30741271E-06      4.77000000
  0.14515152     -2.01499612     25.97402597      0.33941390E+06      0.39170776E-06      4.79000000
  0.14575758     -2.12284322     25.97402597      0.44513326E+06      0.51371542E-06      4.81000000
  0.14636364     -2.27899615     25.97402597      0.52232960E+06      0.60280549E-06      4.83000000
  0.14696970     -2.38221563     25.97402597      0.69236114E+06      0.79903397E-06      4.85000000
  0.14757576     -2.48646977     25.97402597      0.91555841E+06      0.10566195E-05      4.87000000
  0.14818182     -2.61478824     25.97402597      0.11454473E+07      0.13219276E-05      4.89000000
  0.14878788     -2.77751555     25.97402597      0.13239004E+07      0.15278752E-05      4.91000000
  0.14939394     -2.93430166     25.97402597      0.15512319E+07      0.17902319E-05      4.93000000
  0.15000000     -3.01727588     25.97402597      0.21543191E+07      0.24862374E-05      4.95000000
  0.15060606     -2.99499952     25.97402597      0.38123602E+07      0.43997347E-05      4.97000000
  0.15121212     -3.21684823     25.97402597      0.38454993E+07      0.44379795E-05      4.99000000
  0.15181818     -3.10569778     25.97402597      0.83504659E+07      0.96370313E-05      5.01000000
  0.15242424     -3.64281699     25.97402597      0.40756701E+07      0.47036130E-05      5.03000000
  0.15303030     -3.69396951     25.97402597      0.60905152E+07      0.70288874E-05      5.05000000
  0.15363636     -3.51787823     25.97402597      0.15358642E+08      0.17724965E-04      5.07000000
  0.15424242     -4.11993822     25.97402597      0.64550612E+07      0.74495995E-05      5.09000000
  0.15484848     -3.75196145     25.97402597      0.25321222E+08      0.29222490E-04      5.11000000
  0.15545455     -3.99499951     25.97402597      0.24325071E+08      0.28072862E-04      5.13000000
  0.15606061     -4.11993822     25.97402597      0.30670647E+08      0.35396106E-04      5.15000000
  0.15666667     -4.59705950     25.97402597      0.17187360E+08      0.19835436E-04      5.17000000
  0.15727273     -4.29602950     25.97402597      0.57789202E+08      0.66692847E-04      5.19000000
  0.15787879     -4.59705950     25.97402597      0.48576277E+08      0.56060477E-04      5.21000000
  0.15848485     -4.59705950     25.97402597      0.81664207E+08      0.94246300E-04      5.23000000
