  0.11545455     -4.19702789     10.50420168      0.27188160E-10      0.31377070E-22      3.81000000
  0.11787879     -4.19702789     10.50420168      0.62998929E-10      0.72705243E-22      3.89000000
  0.11848485     -3.89599790     10.50420168      0.15545386E-09      0.17940480E-21      3.91000000
  0.11909091     -3.59496790     10.50420168      0.38359226E-09      0.44269273E-21      3.93000000
  0.11969697     -3.89599790     10.50420168      0.23663456E-09      0.27309310E-21      3.95000000
  0.12030303     -3.35192985     10.50420168      0.10218439E-08      0.11792805E-20      3.97000000
  0.12090909     -3.08308456     10.50420168      0.23413599E-08      0.27020958E-20      3.99000000
  0.12151515     -2.89599791     10.50420168      0.44441957E-08      0.51289177E-20      4.01000000
  0.12212121     -2.91827430     10.50420168      0.52090091E-08      0.60115668E-20      4.03000000
  0.12272727     -2.79908790     10.50420168      0.84562896E-08      0.97591594E-20      4.05000000
  0.12333333     -2.57377862     10.50420168      0.17527803E-07      0.20228330E-19      4.07000000
  0.12393939     -2.56355945     10.50420168      0.22140375E-07      0.25551567E-19      4.09000000
  0.12454545     -2.33969540     10.50420168      0.45739073E-07      0.52786142E-19      4.11000000
  0.12515152     -2.25750864     10.50420168      0.68188708E-07      0.78694617E-19      4.13000000
  0.12575758     -2.15170492     10.50420168      0.10733825E-06      0.12387597E-18      4.15000000
  0.12636364     -2.02384162     10.50420168      0.17776905E-06      0.20515812E-18      4.17000000
  0.12696970     -1.98484031     10.50420168      0.23993621E-06      0.27690345E-18      4.19000000
  0.12757576     -1.86661413     10.50420168      0.38865147E-06      0.44853143E-18      4.21000000
  0.12818182     -1.82411589     10.50420168      0.52880663E-06      0.61028045E-18      4.23000000
  0.12878788     -1.66682819     10.50420168      0.93717981E-06      0.10815721E-17      4.25000000
  0.12939394     -1.56761831     10.50420168      0.14530185E-05      0.16768867E-17      4.27000000
  0.13000000     -1.50242272     10.50420168      0.20830758E-05      0.24040175E-17      4.29000000
  0.13060606     -1.42838979     10.50420168      0.30477289E-05      0.35172958E-17      4.31000000
  0.13121212     -1.36901282     10.50420168      0.43111352E-05      0.49753565E-17      4.33000000
  0.13181818     -1.25601367     10.50420168      0.68996829E-05      0.79627246E-17      4.35000000
  0.13242424     -1.17625241     10.50420168      0.10228895E-04      0.11804872E-16      4.37000000
  0.13303030     -1.10220753     10.50420168      0.14966214E-04      0.17272075E-16      4.39000000
  0.13363636     -1.03476227     10.50420168      0.21567288E-04      0.24890184E-16      4.41000000
  0.13424242     -0.98191932     10.50420168      0.30052239E-04      0.34682420E-16      4.43000000
  0.13484848     -0.93244618     10.50420168      0.41551653E-04      0.47953561E-16      4.45000000
  0.13545455     -0.87274545     10.50420168      0.58820318E-04      0.67882828E-16      4.47000000
  0.13606061     -0.79082847     10.50420168      0.87636029E-04      0.10113821E-15      4.49000000
  0.13666667     -0.74447484     10.50420168      0.12030250E-03      0.13883764E-15      4.51000000
  0.13727273     -0.69255702     10.50420168      0.16727491E-03      0.19304714E-15      4.53000000
  0.13787879     -0.63580722     10.50420168      0.23519005E-03      0.27142604E-15      4.55000000
  0.13848485     -0.59183065     10.50420168      0.32109523E-03      0.37056672E-15      4.57000000
  0.13909091     -0.54449147     10.50420168      0.44178541E-03      0.50985177E-15      4.59000000
  0.13969697     -0.50312516     10.50420168      0.59953703E-03      0.69190836E-15      4.61000000
  0.14030303     -0.46118956     10.50420168      0.81468545E-03      0.94020492E-15      4.63000000
  0.14090909     -0.41577529     10.50420168      0.11159444E-02      0.12878792E-14      4.65000000
  0.14151515     -0.37466364     10.50420168      0.15135353E-02      0.17467273E-14      4.67000000
  0.14212121     -0.35031976     10.50420168      0.19750349E-02      0.22793306E-14      4.69000000
  0.14272727     -0.31223253     10.50420168      0.26601145E-02      0.30699612E-14      4.71000000
  0.14333333     -0.28677714     10.50420168      0.34801187E-02      0.40163043E-14      4.73000000
  0.14393939     -0.24881063     10.50420168      0.46859636E-02      0.54079351E-14      4.75000000
  0.14454545     -0.21223063     10.50420168      0.62895163E-02      0.72585489E-14      4.77000000
  0.14515152     -0.18524605     10.50420168      0.82573398E-02      0.95295571E-14      4.79000000
  0.14575758     -0.16796894     10.50420168      0.10601214E-01      0.12234555E-13      4.81000000
  0.14636364     -0.14295135     10.50420168      0.13855159E-01      0.15989839E-13      4.83000000
  0.14696970     -0.11654571     10.50420168      0.18165841E-01      0.20964672E-13      4.85000000
  0.14757576     -0.09938889     10.50420168      0.23315818E-01      0.26908112E-13      4.87000000
  0.14818182     -0.08620260     10.50420168      0.29653454E-01      0.34222194E-13      4.89000000
  0.14878788     -0.06438404     10.50420168      0.38470885E-01      0.44398136E-13      4.91000000
  0.14939394     -0.05611153     10.50420168      0.48377457E-01      0.55831025E-13      4.93000000
  0.15000000     -0.04229968     10.50420168      0.61615960E-01      0.71109198E-13      4.95000000
  0.15060606     -0.02056042     10.50420168      0.79922823E-01      0.92236619E-13      4.97000000
  0.15121212     -0.01202433     10.50420168      0.10056463E+00      0.11605873E-12      4.99000000
  0.15181818     -0.00658413     10.50420168      0.12563880E+00      0.14499611E-12      5.01000000
  0.15242424      0.01165526     10.50420168      0.16165960E+00      0.18656667E-12      5.03000000
  0.15303030      0.01507977     10.50420168      0.20103161E+00      0.23200477E-12      5.05000000
  0.15363636      0.02482952     10.50420168      0.25366026E+00      0.29274198E-12      5.07000000
  0.15424242      0.02127122     10.50420168      0.31040769E+00      0.35823254E-12      5.09000000
  0.15484848      0.02121867     10.50420168      0.38292900E+00      0.44192729E-12      5.11000000
  0.15545455      0.02056130     10.50420168      0.47173623E+00      0.54441714E-12      5.13000000
  0.15606061      0.02864312     10.50420168      0.59295179E+00      0.68430852E-12      5.15000000
  0.15666667      0.02245186     10.50420168      0.72121784E+00      0.83233666E-12      5.17000000
  0.15727273      0.02334174     10.50420168      0.89165054E+00      0.10290281E-11      5.19000000
  0.15787879      0.01173584     10.50420168      0.10710928E+01      0.12361173E-11      5.21000000
  0.15848485      0.01170898     10.50420168      0.13214130E+01      0.15250046E-11      5.23000000
  0.15909091      0.01187006     10.50420168      0.16309401E+01      0.18822208E-11      5.25000000
  0.15969697      0.00300139     10.50420168      0.19715494E+01      0.22753082E-11      5.27000000
  0.16030303     -0.00448831     10.50420168      0.23908719E+01      0.27592361E-11      5.29000000
  0.16090909     -0.00883090     10.50420168      0.29204654E+01      0.33704246E-11      5.31000000
  0.16151515     -0.02076297     10.50420168      0.35055674E+01      0.40456740E-11      5.33000000
  0.16212121     -0.03476227     10.50420168      0.41879102E+01      0.48331460E-11      5.35000000
  0.16272727     -0.05009407     10.50420168      0.49877410E+01      0.57562077E-11      5.37000000
  0.16333333     -0.06364869     10.50420168      0.59646863E+01      0.68836720E-11      5.39000000
  0.16393939     -0.07879624     10.50420168      0.71068704E+01      0.82018336E-11      5.41000000
  0.16454545     -0.09257494     10.50420168      0.84945041E+01      0.98032616E-11      5.43000000
  0.16515152     -0.09918083     10.50420168      0.10322158E+02      0.11912504E-10      5.45000000
  0.16575758     -0.11546457     10.50420168      0.12266625E+02      0.14156557E-10      5.47000000
  0.16636364     -0.13772962     10.50420168      0.14377996E+02      0.16593230E-10      5.49000000
  0.16696970     -0.16376503     10.50420168      0.16707108E+02      0.19281191E-10      5.51000000
  0.16757576     -0.17559049     10.50420168      0.20059226E+02      0.23149773E-10      5.53000000
  0.16818182     -0.20213912     10.50420168      0.23281121E+02      0.26868068E-10      5.55000000
  0.16878788     -0.21638835     10.50420168      0.27796684E+02      0.32079349E-10      5.57000000
  0.16939394     -0.23817746     10.50420168      0.32616864E+02      0.37642180E-10      5.59000000
  0.17000000     -0.26531585     10.50420168      0.37804383E+02      0.43628945E-10      5.61000000
  0.17060606     -0.28672374     10.50420168      0.44398940E+02      0.51239533E-10      5.63000000
  0.17121212     -0.31598579     10.50420168      0.51209305E+02      0.59099179E-10      5.65000000
  0.17181818     -0.34320805     10.50420168      0.59342380E+02      0.68485325E-10      5.67000000
  0.17242424     -0.37037012     10.50420168      0.68776683E+02      0.79373181E-10      5.69000000
  0.17303030     -0.41134223     10.50420168      0.77216029E+02      0.89112786E-10      5.71000000
  0.17363636     -0.41541612     10.50420168      0.94378246E+02      0.10891921E-09      5.73000000
  0.17424242     -0.46103002     10.50420168      0.10483260E+03      0.12098427E-09      5.75000000
  0.17484848     -0.48648746     10.50420168      0.12197680E+03      0.14076990E-09      5.77000000
  0.17545455     -0.51030228     10.50420168      0.14246256E+03      0.16441192E-09      5.79000000
  0.17606061     -0.54458816     10.50420168      0.16242513E+03      0.18745014E-09      5.81000000
  0.17666667     -0.58202528     10.50420168      0.18384610E+03      0.21217147E-09      5.83000000
  0.17727273     -0.60763687     10.50420168      0.21383617E+03      0.24678214E-09      5.85000000
  0.17787879     -0.64411646     10.50420168      0.24257158E+03      0.27994485E-09      5.87000000
  0.17848485     -0.68675106     10.50420168      0.27129617E+03      0.31309506E-09      5.89000000
  0.17909091     -0.71572862     10.50420168      0.31311540E+03      0.36135743E-09      5.91000000
  0.17969697     -0.75753730     10.50420168      0.35086018E+03      0.40491759E-09      5.93000000
  0.18030303     -0.79943546     10.50420168      0.39307395E+03      0.45363528E-09      5.95000000
  0.18090909     -0.80928223     10.50420168      0.47409550E+03      0.54713991E-09      5.97000000
  0.18151515     -0.86076837     10.50420168      0.51953885E+03      0.59958477E-09      5.99000000
  0.18212121     -0.90388643     10.50420168      0.58041457E+03      0.66983968E-09      6.01000000
  0.18272727     -0.95077558     10.50420168      0.64281720E+03      0.74185675E-09      6.03000000
  0.18333333     -0.99182355     10.50420168      0.72156899E+03      0.83274191E-09      6.05000000
  0.18393939     -1.01233647     10.50420168      0.84918688E+03      0.98002202E-09      6.07000000
  0.18454545     -1.06959912     10.50420168      0.91828810E+03      0.10597698E-08      6.09000000
  0.18515152     -1.08643820     10.50420168      0.10898788E+04      0.12577976E-08      6.11000000
  0.18575758     -1.15801059     10.50420168      0.11403657E+04      0.13160631E-08      6.13000000
  0.18636364     -1.19098993     10.50420168      0.13040768E+04      0.15049973E-08      6.15000000
  0.18696970     -1.25800812     10.50420168      0.13788700E+04      0.15913140E-08      6.17000000
  0.18757576     -1.28587029     10.50420168      0.15955098E+04      0.18413317E-08      6.19000000
  0.18818182     -1.34638168     10.50420168      0.17124836E+04      0.19763278E-08      6.21000000
  0.18878788     -1.37551438     10.50420168      0.19757503E+04      0.22801563E-08      6.23000000
  0.18939394     -1.43811601     10.50420168      0.21104193E+04      0.24355740E-08      6.25000000
  0.19000000     -1.48860702     10.50420168      0.23180142E+04      0.26751531E-08      6.27000000
  0.19060606     -1.52400699     10.50420168      0.26360550E+04      0.30421948E-08      6.29000000
  0.19121212     -1.56966206     10.50420168      0.29277752E+04      0.33788607E-08      6.31000000
  0.19181818     -1.66939800     10.50420168      0.28710458E+04      0.33133909E-08      6.33000000
  0.19242424     -1.64435967     10.50420168      0.37524662E+04      0.43306127E-08      6.35000000
  0.19303030     -1.72135670     10.50420168      0.38775561E+04      0.44749754E-08      6.37000000
  0.19363636     -1.75611884     10.50420168      0.44160531E+04      0.50964392E-08      6.39000000
  0.19424242     -1.87274544     10.50420168      0.41652975E+04      0.48070495E-08      6.41000000
  0.19484848     -1.90036271     10.50420168      0.48224429E+04      0.55654419E-08      6.43000000
  0.19545455     -1.93457679     10.50420168      0.54990965E+04      0.63463483E-08      6.45000000
  0.19606061     -2.07317624     10.50420168      0.49309458E+04      0.56906620E-08      6.47000000
  0.19666667     -2.00950716     10.50420168      0.70442969E+04      0.81296193E-08      6.49000000
  0.19727273     -2.17583860     10.50420168      0.59257667E+04      0.68387560E-08      6.51000000
  0.19787879     -2.19270652     10.50420168      0.70325845E+04      0.81161025E-08      6.53000000
  0.19848485     -2.24278540     10.50420168      0.77316898E+04      0.89229197E-08      6.55000000
  0.19909091     -2.22854494     10.50420168      0.98571919E+04      0.11375900E-07      6.57000000
  0.19969697     -2.34576957     10.50420168      0.92846796E+04      0.10715180E-07      6.59000000
  0.20030303     -2.31621431     10.50420168      0.12261978E+05      0.14151194E-07      6.61000000
  0.20090909     -2.39768737     10.50420168      0.12540816E+05      0.14472993E-07      6.63000000
  0.20151515     -2.41169806     10.50420168      0.14981436E+05      0.17289642E-07      6.65000000
  0.20212121     -2.52493005     10.50420168      0.14241633E+05      0.16435857E-07      6.67000000
  0.20272727     -2.59496791     10.50420168      0.14954099E+05      0.17258094E-07      6.69000000
  0.20333333     -2.64072540     10.50420168      0.16605085E+05      0.19163449E-07      6.71000000
  0.20393939     -2.70566620     10.50420168      0.17641628E+05      0.20359692E-07      6.73000000
  0.20454545     -2.89599791     10.50420168      0.14042527E+05      0.16206075E-07      6.75000000
  0.20515152     -2.81681667     10.50420168      0.20790496E+05      0.23993710E-07      6.77000000
  0.20575758     -2.94175540     10.50420168      0.19238201E+05      0.22202252E-07      6.79000000
  0.20636364     -3.05089985     10.50420168      0.18461133E+05      0.21305459E-07      6.81000000
  0.20696970     -3.11784667     10.50420168      0.19523149E+05      0.22531102E-07      6.83000000
  0.20757576     -3.24278539     10.50420168      0.18065479E+05      0.20848847E-07      6.85000000
  0.20818182     -3.11784667     10.50420168      0.29718476E+05      0.34297234E-07      6.87000000
  0.20878788     -3.29393791     10.50420168      0.24444077E+05      0.28210202E-07      6.89000000
  0.20939394     -3.19702790     10.50420168      0.37698318E+05      0.43506539E-07      6.91000000
  0.21000000     -3.41887666     10.50420168      0.27906897E+05      0.32206543E-07      6.93000000
  0.21060606     -4.19702789     10.50420168      0.57385036E+04      0.66226411E-08      6.95000000
  0.21121212     -3.49805790     10.50420168      0.35400304E+05      0.40854467E-07      6.97000000
  0.21181818     -3.71990666     10.50420168      0.26205748E+05      0.30243297E-07      6.99000000
  0.21242424     -3.59496790     10.50420168      0.43109567E+05      0.49751505E-07      7.01000000
  0.21484848     -3.59496790     10.50420168      0.99891148E+05      0.11528149E-06      7.09000000
  0.21545455     -3.89599790     10.50420168      0.61621937E+05      0.71116096E-07      7.11000000
  0.21606061     -3.71990666     10.50420168      0.11404203E+06      0.13161260E-06      7.13000000
  0.21666667     -4.19702789     10.50420168      0.46900991E+05      0.54127078E-07      7.15000000
  0.21727273     -4.19702789     10.50420168      0.57865586E+05      0.66781000E-07      7.17000000
  0.21848485     -4.19702789     10.50420168      0.88084001E+05      0.10165520E-06      7.21000000
  0.22212121     -4.19702789     10.50420168      0.31068984E+06      0.35855816E-06      7.33000000
  0.22393939     -4.19702789     10.50420168      0.58350161E+06      0.67340234E-06      7.39000000
