  0.13484848     -4.21471089      4.50045005      0.66810171E-08      0.77103687E-20      4.45000000
  0.13727273     -3.91368090      4.50045005      0.19152886E-07      0.22103792E-19      4.53000000
  0.13848485     -3.91368090      4.50045005      0.22930581E-07      0.26463520E-19      4.57000000
  0.13909091     -3.51574091      4.50045005      0.62725691E-07      0.72389907E-19      4.59000000
  0.13969697     -4.21471089      4.50045005      0.13726692E-07      0.15841578E-19      4.61000000
  0.14030303     -3.61265090      4.50045005      0.60078114E-07      0.69334414E-19      4.63000000
  0.14090909     -3.43655964      4.50045005      0.98604778E-07      0.11379692E-18      4.65000000
  0.14151515     -3.43655964      4.50045005      0.10789178E-06      0.12451479E-18      4.67000000
  0.14212121     -3.21471091      4.50045005      0.19675579E-06      0.22707016E-18      4.69000000
  0.14272727     -3.17331822      4.50045005      0.23681577E-06      0.27330223E-18      4.71000000
  0.14333333     -3.36961287      4.50045005      0.16489458E-06      0.19030007E-18      4.73000000
  0.14393939     -3.43655964      4.50045005      0.15465003E-06      0.17847713E-18      4.75000000
  0.14454545     -3.26046842      4.50045005      0.25382340E-06      0.29293025E-18      4.77000000
  0.14515152     -2.95943842      4.50045005      0.55545907E-06      0.64103926E-18      4.79000000
  0.14575758     -2.81677088      4.50045005      0.84413133E-06      0.97418757E-18      4.81000000
  0.14636364     -2.61265092      4.50045005      0.14778161E-05      0.17055048E-17      4.83000000
  0.14696970     -2.69619697      4.50045005      0.13340274E-05      0.15395625E-17      4.85000000
  0.14757576     -2.57125822      4.50045005      0.19462289E-05      0.22460865E-17      4.87000000
  0.14818182     -2.47434820      4.50045005      0.26619160E-05      0.30720403E-17      4.89000000
  0.14878788     -2.46652288      4.50045005      0.29655830E-05      0.34224936E-17      4.91000000
  0.14939394     -2.42938108      4.50045005      0.35346165E-05      0.40791987E-17      4.93000000
  0.15000000     -2.32261629      4.50045005      0.49453553E-05      0.57072915E-17      4.95000000
  0.15060606     -2.18532713      4.50045005      0.74229592E-05      0.85666226E-17      4.97000000
  0.15121212     -2.18940503      4.50045005      0.80461769E-05      0.92858602E-17      4.99000000
  0.15181818     -2.11780089      4.50045005      0.10382074E-04      0.11981652E-16      5.01000000
  0.15242424     -2.07799032      4.50045005      0.12450452E-04      0.14368706E-16      5.03000000
  0.15303030     -1.97167285      4.50045005      0.17401753E-04      0.20082860E-16      5.05000000
  0.15363636     -1.91151483      4.50045005      0.21869630E-04      0.25239107E-16      5.07000000
  0.15424242     -1.87426678      4.50045005      0.26072333E-04      0.30089326E-16      5.09000000
  0.15484848     -1.80647093      4.50045005      0.33347721E-04      0.38485641E-16      5.11000000
  0.15545455     -1.76755287      4.50045005      0.39909347E-04      0.46058224E-16      5.13000000
  0.15606061     -1.70416591      4.50045005      0.50530314E-04      0.58315575E-16      5.15000000
  0.15666667     -1.63952307      4.50045005      0.64163088E-04      0.74048765E-16      5.17000000
  0.15727273     -1.61701573      4.50045005      0.73940606E-04      0.85332716E-16      5.19000000
  0.15787879     -1.56246457      4.50045005      0.91732785E-04      0.10586616E-15      5.21000000
  0.15848485     -1.51056039      4.50045005      0.11311473E-03      0.13054244E-15      5.23000000
  0.15909091     -1.46652288      4.50045005      0.13697682E-03      0.15808099E-15      5.25000000
  0.15969697     -1.39846959      4.50045005      0.17530358E-03      0.20231280E-15      5.27000000
  0.16030303     -1.36345256      4.50045005      0.20792094E-03      0.23995555E-15      5.29000000
  0.16090909     -1.29302444      4.50045005      0.26755728E-03      0.30878012E-15      5.31000000
  0.16151515     -1.26532089      4.50045005      0.31204033E-03      0.36011672E-15      5.33000000
  0.16212121     -1.18654648      4.50045005      0.40933187E-03      0.47239808E-15      5.35000000
  0.16272727     -1.17410855      4.50045005      0.46089701E-03      0.53190792E-15      5.37000000
  0.16333333     -1.12799524      4.50045005      0.56079951E-03      0.64720250E-15      5.39000000
  0.16393939     -1.10344841      4.50045005      0.64929920E-03      0.74933743E-15      5.41000000
  0.16454545     -1.04650817      4.50045005      0.80998228E-03      0.93477713E-15      5.43000000
  0.16515152     -1.01660391      4.50045005      0.94944582E-03      0.10957280E-14      5.45000000
  0.16575758     -0.98502907      4.50045005      0.11172116E-02      0.12893416E-14      5.47000000
  0.16636364     -0.92289822      4.50045005      0.14104468E-02      0.16277558E-14      5.49000000
  0.16696970     -0.89937041      4.50045005      0.16292020E-02      0.18802149E-14      5.51000000
  0.16757576     -0.85887638      4.50045005      0.19568582E-02      0.22583535E-14      5.53000000
  0.16818182     -0.82078489      4.50045005      0.23374443E-02      0.26975769E-14      5.55000000
  0.16878788     -0.78366894      4.50045005      0.27857852E-02      0.32149942E-14      5.57000000
  0.16939394     -0.75366282      4.50045005      0.32662105E-02      0.37694391E-14      5.59000000
  0.17000000     -0.71888915      4.50045005      0.38717584E-02      0.44682844E-14      5.61000000
  0.17060606     -0.67626285      4.50045005      0.46733139E-02      0.53933365E-14      5.63000000
  0.17121212     -0.65289424      4.50045005      0.53961496E-02      0.62275402E-14      5.65000000
  0.17181818     -0.64545408      4.50045005      0.60064042E-02      0.69318175E-14      5.67000000
  0.17242424     -0.60108048      4.50045005      0.72791147E-02      0.84006158E-14      5.69000000
  0.17303030     -0.57822300      4.50045005      0.83951113E-02      0.96885553E-14      5.71000000
  0.17363636     -0.55603190      4.50045005      0.96673619E-02      0.11156823E-13      5.73000000
  0.17424242     -0.52433761      4.50045005      0.11378701E-01      0.13131830E-13      5.75000000
  0.17484848     -0.49562832      4.50045005      0.13301248E-01      0.15350585E-13      5.77000000
  0.17545455     -0.47080936      4.50045005      0.15409968E-01      0.17784199E-13      5.79000000
  0.17606061     -0.44334392      4.50045005      0.17962120E-01      0.20729564E-13      5.81000000
  0.17666667     -0.42147947      4.50045005      0.20668667E-01      0.23853111E-13      5.83000000
  0.17727273     -0.39562782      4.50045005      0.24002392E-01      0.27700467E-13      5.85000000
  0.17787879     -0.38303304      4.50045005      0.27035830E-01      0.31201270E-13      5.87000000
  0.17848485     -0.36732335      4.50045005      0.30671840E-01      0.35397483E-13      5.89000000
  0.17909091     -0.34753815      4.50045005      0.35124927E-01      0.40536663E-13      5.91000000
  0.17969697     -0.32664379      4.50045005      0.40327398E-01      0.46540684E-13      5.93000000
  0.18030303     -0.30365988      4.50045005      0.46523730E-01      0.53691692E-13      5.95000000
  0.18090909     -0.29364899      4.50045005      0.52092575E-01      0.60118535E-13      5.97000000
  0.18151515     -0.27454321      4.50045005      0.59562377E-01      0.68739217E-13      5.99000000
  0.18212121     -0.25547867      4.50045005      0.68096843E-01      0.78588597E-13      6.01000000
  0.18272727     -0.24552803      4.50045005      0.76237392E-01      0.87983370E-13      6.03000000
  0.18333333     -0.22472745      4.50045005      0.87510269E-01      0.10099307E-12      6.05000000
  0.18393939     -0.21449383      4.50045005      0.98035429E-01      0.11313985E-12      6.07000000
  0.18454545     -0.20225333      4.50045005      0.11033517E+00      0.12733463E-12      6.09000000
  0.18515152     -0.19162315      4.50045005      0.12371847E+00      0.14277991E-12      6.11000000
  0.18575758     -0.17549513      4.50045005      0.14049245E+00      0.16213828E-12      6.13000000
  0.18636364     -0.17296302      4.50045005      0.15462350E+00      0.17844651E-12      6.15000000
  0.18696970     -0.16340398      4.50045005      0.17295175E+00      0.19959861E-12      6.17000000
  0.18757576     -0.14972908      4.50045005      0.19529462E+00      0.22538387E-12      6.19000000
  0.18818182     -0.15689272      4.50045005      0.21019242E+00      0.24257700E-12      6.21000000
  0.18878788     -0.14135920      4.50045005      0.23836417E+00      0.27508920E-12      6.23000000
  0.18939394     -0.13581927      4.50045005      0.26416259E+00      0.30486241E-12      6.25000000
  0.19000000     -0.12692947      4.50045005      0.29502005E+00      0.34047411E-12      6.27000000
  0.19060606     -0.12304395      4.50045005      0.32570728E+00      0.37588936E-12      6.29000000
  0.19121212     -0.11748831      4.50045005      0.36097200E+00      0.41658735E-12      6.31000000
  0.19181818     -0.11018964      4.50045005      0.40166372E+00      0.46354848E-12      6.33000000
  0.19242424     -0.11641336      4.50045005      0.43324075E+00      0.49999062E-12      6.35000000
  0.19303030     -0.11008723      4.50045005      0.48100084E+00      0.55510917E-12      6.37000000
  0.19363636     -0.10886023      4.50045005      0.52779255E+00      0.60911012E-12      6.39000000
  0.19424242     -0.10852001      4.50045005      0.57795481E+00      0.66700094E-12      6.41000000
  0.19484848     -0.10848601      4.50045005      0.63243849E+00      0.72987898E-12      6.43000000
  0.19545455     -0.11299819      4.50045005      0.68485169E+00      0.79036753E-12      6.45000000
  0.19606061     -0.11138619      4.50045005      0.75214045E+00      0.86802354E-12      6.47000000
  0.19666667     -0.12079917      4.50045005      0.80533462E+00      0.92941341E-12      6.49000000
  0.19727273     -0.11251741      4.50045005      0.89814933E+00      0.10365282E-11      6.51000000
  0.19787879     -0.11814847      4.50045005      0.97008078E+00      0.11195422E-11      6.53000000
  0.19848485     -0.12199024      4.50045005      0.10520988E+01      0.12141968E-11      6.55000000
  0.19909091     -0.12689400      4.50045005      0.11382645E+01      0.13136381E-11      6.57000000
  0.19969697     -0.13282375      4.50045005      0.12285812E+01      0.14178700E-11      6.59000000
  0.20030303     -0.14308661      4.50045005      0.13128993E+01      0.15151791E-11      6.61000000
  0.20090909     -0.14771448      4.50045005      0.14213268E+01      0.16403122E-11      6.63000000
  0.20151515     -0.15359783      4.50045005      0.15342672E+01      0.17706535E-11      6.65000000
  0.20212121     -0.16155560      4.50045005      0.16482901E+01      0.19022440E-11      6.67000000
  0.20272727     -0.17493998      4.50045005      0.17487982E+01      0.20182374E-11      6.69000000
  0.20333333     -0.17486072      4.50045005      0.19138565E+01      0.22087264E-11      6.71000000
  0.20393939     -0.18245488      4.50045005      0.20578116E+01      0.23748609E-11      6.73000000
  0.20454545     -0.19872278      4.50045005      0.21688430E+01      0.25029990E-11      6.75000000
  0.20515152     -0.20305590      4.50045005      0.23495539E+01      0.27115522E-11      6.77000000
  0.20575758     -0.21916344      4.50045005      0.24772411E+01      0.28589124E-11      6.79000000
  0.20636364     -0.23126506      4.50045005      0.26360709E+01      0.30422132E-11      6.81000000
  0.20696970     -0.24315673      4.50045005      0.28064404E+01      0.32388317E-11      6.83000000
  0.20757576     -0.24946216      4.50045005      0.30265009E+01      0.34927972E-11      6.85000000
  0.20818182     -0.26556493      4.50045005      0.31910121E+01      0.36826547E-11      6.87000000
  0.20878788     -0.28386373      4.50045005      0.33474960E+01      0.38632483E-11      6.89000000
  0.20939394     -0.30676239      4.50045005      0.34746560E+01      0.40100000E-11      6.91000000
  0.21000000     -0.32061647      4.50045005      0.36825457E+01      0.42499195E-11      6.93000000
  0.21060606     -0.33401162      4.50045005      0.39069999E+01      0.45089557E-11      6.95000000
  0.21121212     -0.35737841      4.50045005      0.40510446E+01      0.46751935E-11      6.97000000
  0.21181818     -0.35943409      4.50045005      0.44116572E+01      0.50913660E-11      6.99000000
  0.21242424     -0.38067188      4.50045005      0.45967870E+01      0.53050190E-11      7.01000000
  0.21303030     -0.40454561      4.50045005      0.47607028E+01      0.54941895E-11      7.03000000
  0.21363636     -0.41145871      4.50045005      0.51268237E+01      0.59167190E-11      7.05000000
  0.21424242     -0.42618903      4.50045005      0.54226113E+01      0.62580789E-11      7.07000000
  0.21484848     -0.44525974      4.50045005      0.56784287E+01      0.65533104E-11      7.09000000
  0.21545455     -0.46412539      4.50045005      0.59491229E+01      0.68657107E-11      7.11000000
  0.21606061     -0.49670772      4.50045005      0.60389443E+01      0.69693710E-11      7.13000000
  0.21666667     -0.50400133      4.50045005      0.64976725E+01      0.74987760E-11      7.15000000
  0.21727273     -0.53301752      4.50045005      0.66501592E+01      0.76747564E-11      7.17000000
  0.21787879     -0.54809935      4.50045005      0.70281437E+01      0.81109774E-11      7.19000000
  0.21848485     -0.56909215      4.50045005      0.73272033E+01      0.84561135E-11      7.21000000
  0.21909091     -0.58950138      4.50045005      0.76492600E+01      0.88277898E-11      7.23000000
  0.21969697     -0.63060594      4.50045005      0.76138668E+01      0.87869435E-11      7.25000000
  0.22030303     -0.64686146      4.50045005      0.80249100E+01      0.92613166E-11      7.27000000
  0.22090909     -0.65889123      4.50045005      0.85408445E+01      0.98567417E-11      7.29000000
  0.22151515     -0.70109382      4.50045005      0.84798590E+01      0.97863601E-11      7.31000000
  0.22212121     -0.71337774      4.50045005      0.90197630E+01      0.10409448E-10      7.33000000
  0.22272727     -0.74651130      4.50045005      0.91443318E+01      0.10553209E-10      7.35000000
  0.22333333     -0.77191766      4.50045005      0.94370450E+01      0.10891021E-10      7.37000000
  0.22393939     -0.80427110      4.50045005      0.95845781E+01      0.11061285E-10      7.39000000
  0.22454545     -0.82856878      4.50045005      0.99166671E+01      0.11444539E-10      7.41000000
  0.22515152     -0.84661006      4.50045005      0.10409140E+02      0.12012888E-10      7.43000000
  0.22575758     -0.87905245      4.50045005      0.10569705E+02      0.12198191E-10      7.45000000
  0.22636364     -0.89560486      4.50045005      0.11132710E+02      0.12847939E-10      7.47000000
  0.22696970     -0.92134835      4.50045005      0.11480157E+02      0.13248917E-10      7.49000000
  0.22757576     -0.94496452      4.50045005      0.11896578E+02      0.13729497E-10      7.51000000
  0.22818182     -0.99854499      4.50045005      0.11506202E+02      0.13278975E-10      7.53000000
  0.22878788     -0.99355759      4.50045005      0.12735318E+02      0.14697463E-10      7.55000000
  0.22939394     -1.03602166      4.50045005      0.12636772E+02      0.14583733E-10      7.57000000
  0.23000000     -1.07672419      4.50045005      0.12589951E+02      0.14529698E-10      7.59000000
  0.23060606     -1.11641336      4.50045005      0.12572605E+02      0.14509680E-10      7.61000000
  0.23121212     -1.14578328      4.50045005      0.12857181E+02      0.14838101E-10      7.63000000
  0.23181818     -1.16704671      4.50045005      0.13395926E+02      0.15459851E-10      7.65000000
  0.23242424     -1.20738996      4.50045005      0.13357338E+02      0.15415318E-10      7.67000000
  0.23303030     -1.24019922      4.50045005      0.13551927E+02      0.15639888E-10      7.69000000
  0.23363636     -1.25758272      4.50045005      0.14246493E+02      0.16441466E-10      7.71000000
  0.23424242     -1.26825863      4.50045005      0.15209764E+02      0.17553149E-10      7.73000000
  0.23484848     -1.33676396      4.50045005      0.14213714E+02      0.16403636E-10      7.75000000
  0.23545455     -1.32150415      4.50045005      0.16108600E+02      0.18590469E-10      7.77000000
  0.23606061     -1.38669584      4.50045005      0.15168984E+02      0.17506086E-10      7.79000000
  0.23666667     -1.42513017      4.50045005      0.15191917E+02      0.17532553E-10      7.81000000
  0.23727273     -1.49207699      4.50045005      0.14248075E+02      0.16443291E-10      7.83000000
  0.23787879     -1.50714074      4.50045005      0.15058539E+02      0.17378625E-10      7.85000000
  0.23848485     -1.52540205      4.50045005      0.15798358E+02      0.18232428E-10      7.87000000
  0.23909091     -1.54819292      4.50045005      0.16402555E+02      0.18929714E-10      7.89000000
  0.23969697     -1.60192705      4.50045005      0.15858707E+02      0.18302075E-10      7.91000000
  0.24030303     -1.62812359      4.50045005      0.16336599E+02      0.18853596E-10      7.93000000
  0.24090909     -1.67438142      4.50045005      0.16069199E+02      0.18544998E-10      7.95000000
  0.24151515     -1.70956093      4.50045005      0.16214558E+02      0.18712753E-10      7.97000000
  0.24212121     -1.75682903      4.50045005      0.15912098E+02      0.18363692E-10      7.99000000
  0.24272727     -1.77066611      4.50045005      0.16864784E+02      0.19463159E-10      8.01000000
  0.24333333     -1.82910463      4.50045005      0.16129937E+02      0.18615094E-10      8.03000000
  0.24393939     -1.89249160      4.50045005      0.15252327E+02      0.17602270E-10      8.05000000
  0.24454545     -1.87031862      4.50045005      0.17563032E+02      0.20268988E-10      8.07000000
  0.24515152     -1.92024468      4.50045005      0.17130256E+02      0.19769533E-10      8.09000000
  0.24575758     -1.94286930      4.50045005      0.17792200E+02      0.20533463E-10      8.11000000
  0.24636364     -1.99986704      4.50045005      0.17073491E+02      0.19704022E-10      8.13000000
  0.24696970     -2.05035803      4.50045005      0.16631129E+02      0.19193505E-10      8.15000000
  0.24757576     -2.08117198      4.50045005      0.16951113E+02      0.19562789E-10      8.17000000
  0.24818182     -2.10076755      4.50045005      0.17729360E+02      0.20460941E-10      8.19000000
  0.24878788     -2.13192553      4.50045005      0.18056163E+02      0.20838096E-10      8.21000000
  0.24939394     -2.21038952      4.50045005      0.16491186E+02      0.19032001E-10      8.23000000
  0.25000000     -2.28529199      4.50045005      0.15185876E+02      0.17525580E-10      8.25000000
  0.25060606     -2.31162093      4.50045005      0.15638724E+02      0.18048199E-10      8.27000000
  0.25121212     -2.34547918      4.50045005      0.15828271E+02      0.18266950E-10      8.29000000
  0.25181818     -2.42231921      4.50045005      0.14510550E+02      0.16746206E-10      8.31000000
  0.25242424     -2.37586181      4.50045005      0.17669802E+02      0.20392207E-10      8.33000000
  0.25303030     -2.39516698      4.50045005      0.18493407E+02      0.21342706E-10      8.35000000
  0.25363636     -2.46652288      4.50045005      0.17169254E+02      0.19814540E-10      8.37000000
  0.25424242     -2.58124247      4.50045005      0.14425214E+02      0.16647722E-10      8.39000000
  0.25484848     -2.56149840      4.50045005      0.16517972E+02      0.19062914E-10      8.41000000
  0.25545455     -2.64650918      4.50045005      0.14860601E+02      0.17150190E-10      8.43000000
  0.25606061     -2.63492732      4.50045005      0.16699699E+02      0.19272639E-10      8.45000000
  0.25666667     -2.65840843      4.50045005      0.17310832E+02      0.19977931E-10      8.47000000
  0.25727273     -2.87228822      4.50045005      0.11575202E+02      0.13358605E-10      8.49000000
  0.25787879     -2.83449965      4.50045005      0.13816802E+02      0.15945572E-10      8.51000000
  0.25848485     -2.85298306      4.50045005      0.14488204E+02      0.16720417E-10      8.53000000
  0.25909091     -2.89249161      4.50045005      0.14474261E+02      0.16704327E-10      8.55000000
  0.25969697     -2.91368092      4.50045005      0.15083340E+02      0.17407246E-10      8.57000000
  0.26030303     -3.21471091      4.50045005      0.82519756E+01      0.95233664E-11      8.59000000
  0.26090909     -3.13552965      4.50045005      0.10835017E+02      0.12504380E-10      8.61000000
  0.26151515     -3.26046842      4.50045005      0.88916274E+01      0.10261570E-10      8.63000000
  0.26212121     -2.83449965      4.50045005      0.25944209E+02      0.29941461E-10      8.65000000
  0.26272727     -3.17331822      4.50045005      0.13011048E+02      0.15015674E-10      8.67000000
  0.26333333     -3.06858287      4.50045005      0.18119159E+02      0.20910798E-10      8.69000000
  0.26393939     -3.36961287      4.50045005      0.99128482E+01      0.11440131E-10      8.71000000
  0.26454545     -3.36961287      4.50045005      0.10846481E+02      0.12517610E-10      8.73000000
  0.26515152     -3.31162090      4.50045005      0.13563483E+02      0.15653224E-10      8.75000000
  0.26575758     -3.17331822      4.50045005      0.20406304E+02      0.23550325E-10      8.77000000
  0.26636364     -3.17331822      4.50045005      0.22328253E+02      0.25768392E-10      8.79000000
  0.26696970     -3.36961287      4.50045005      0.15547140E+02      0.17942505E-10      8.81000000
  0.26757576     -3.61265090      4.50045005      0.97208198E+01      0.11218517E-10      8.83000000
  0.26818182     -3.51574091      4.50045005      0.13295458E+02      0.15343904E-10      8.85000000
  0.26878788     -3.73758964      4.50045005      0.87286079E+01      0.10073434E-10      8.87000000
  0.26939394     -3.61265090      4.50045005      0.12734272E+02      0.14696255E-10      8.89000000
  0.27000000     -3.91368090      4.50045005      0.69668193E+01      0.80402048E-11      8.91000000
  0.27060606     -3.91368090      4.50045005      0.76229832E+01      0.87974645E-11      8.93000000
  0.27121212     -3.73758964      4.50045005      0.12511421E+02      0.14439069E-10      8.95000000
  0.27181818     -3.61265090      4.50045005      0.18253064E+02      0.21065334E-10      8.97000000
  0.27242424     -4.21471089      4.50045005      0.49930533E+01      0.57623385E-11      8.99000000
  0.27303030     -3.91368090      4.50045005      0.10926639E+02      0.12610119E-10      9.01000000
  0.27363636     -4.21471089      4.50045005      0.59778777E+01      0.68988958E-11      9.03000000
  0.27424242     -3.73758964      4.50045005      0.19622697E+02      0.22645987E-10      9.05000000
  0.27484848     -3.61265090      4.50045005      0.28627791E+02      0.33038506E-10      9.07000000
  0.27606061     -4.21471089      4.50045005      0.85685765E+01      0.98887464E-11      9.11000000
  0.27666667     -3.73758964      4.50045005      0.28126801E+02      0.32460328E-10      9.13000000
  0.27787879     -4.21471089      4.50045005      0.11224834E+02      0.12954256E-10      9.17000000
  0.27909091     -4.21471089      4.50045005      0.13438808E+02      0.15509339E-10      9.21000000
  0.27969697     -3.73758964      4.50045005      0.44113590E+02      0.50910219E-10      9.23000000
  0.28090909     -4.21471089      4.50045005      0.17604836E+02      0.20317232E-10      9.27000000
  0.28212121     -4.21471089      4.50045005      0.21077194E+02      0.24324581E-10      9.31000000
  0.28757576     -4.21471089      4.50045005      0.47383432E+02      0.54683849E-10      9.49000000
  0.29000000     -4.21471089      4.50045005      0.67918512E+02      0.78382791E-10      9.57000000
