  0.11424242     -3.22186680     17.00680272      0.13404208E-08      0.15469408E-20      3.77000000
  0.11484848     -2.79050303     17.00680272      0.50853885E-08      0.58688998E-20      3.79000000
  0.11545455     -2.35854396     17.00680272      0.19319790E-07      0.22296412E-19      3.81000000
  0.11606061     -2.01774682     17.00680272      0.59500246E-07      0.68667514E-19      3.83000000
  0.11666667     -1.83093168     17.00680272      0.12854439E-06      0.14834936E-18      3.85000000
  0.11727273     -1.68530836     17.00680272      0.25257807E-06      0.29149305E-18      3.87000000
  0.11787879     -1.47992771     17.00680272      0.56950233E-06      0.65724617E-18      3.89000000
  0.11848485     -1.30331226     17.00680272      0.12017944E-05      0.13869562E-17      3.91000000
  0.11909091     -1.17110051     17.00680272      0.22896080E-05      0.26423704E-17      3.93000000
  0.11969697     -1.04288984     17.00680272      0.43220622E-05      0.49879670E-17      3.95000000
  0.12030303     -0.90673648     17.00680272      0.83092836E-05      0.95895039E-17      3.97000000
  0.12090909     -0.82566743     17.00680272      0.14071871E-04      0.16239939E-16      3.99000000
  0.12151515     -0.72410807     17.00680272      0.24982185E-04      0.28831217E-16      4.01000000
  0.12212121     -0.61742473     17.00680272      0.44877945E-04      0.51792339E-16      4.03000000
  0.12272727     -0.55236399     17.00680272      0.73250893E-04      0.84536738E-16      4.05000000
  0.12333333     -0.47827864     17.00680272      0.12207240E-03      0.14088023E-15      4.07000000
  0.12393939     -0.41271128     17.00680272      0.19948216E-03      0.23021659E-15      4.09000000
  0.12454545     -0.34345992     17.00680272      0.32875671E-03      0.37940861E-15      4.11000000
  0.12515152     -0.28389782     17.00680272      0.52985366E-03      0.61148879E-15      4.13000000
  0.12575758     -0.23527417     17.00680272      0.83271962E-03      0.96101764E-15      4.15000000
  0.12636364     -0.18075058     17.00680272      0.13266049E-02      0.15309964E-14      4.17000000
  0.12696970     -0.13238559     17.00680272      0.20836550E-02      0.24046859E-14      4.19000000
  0.12757576     -0.08941499     17.00680272      0.32323294E-02      0.37303379E-14      4.21000000
  0.12818182     -0.05357561     17.00680272      0.49325807E-02      0.56925488E-14      4.23000000
  0.12878788     -0.02085223     17.00680272      0.74733754E-02      0.86248064E-14      4.25000000
  0.12939394      0.01519917     17.00680272      0.11410046E-01      0.13168005E-13      4.27000000
  0.13000000      0.04358782     17.00680272      0.17115724E-01      0.19752762E-13      4.29000000
  0.13060606      0.06885770     17.00680272      0.25490852E-01      0.29418256E-13      4.31000000
  0.13121212      0.09071251     17.00680272      0.37666771E-01      0.43470131E-13      4.33000000
  0.13181818      0.10747004     17.00680272      0.55009173E-01      0.63484497E-13      4.35000000
  0.13242424      0.13264500     17.00680272      0.81908562E-01      0.94528303E-13      4.37000000
  0.13303030      0.14080414     17.00680272      0.11727560E+00      0.13534437E-12      4.39000000
  0.13363636      0.15549410     17.00680272      0.17045777E+00      0.19672039E-12      4.41000000
  0.13424242      0.16504220     17.00680272      0.24484099E+00      0.28256391E-12      4.43000000
  0.13484848      0.16970338     17.00680272      0.34774790E+00      0.40132580E-12      4.45000000
  0.13545455      0.18068688     17.00680272      0.50114942E+00      0.57836206E-12      4.47000000
  0.13606061      0.17414064     17.00680272      0.69364970E+00      0.80052107E-12      4.49000000
  0.13666667      0.17487291     17.00680272      0.97631888E+00      0.11267414E-11      4.51000000
  0.13727273      0.16635879     17.00680272      0.13452307E+01      0.15524919E-11      4.53000000
  0.13787879      0.16905067     17.00680272      0.19019884E+01      0.21950298E-11      4.55000000
  0.13848485      0.15662193     17.00680272      0.25971578E+01      0.29973048E-11      4.57000000
  0.13909091      0.14281548     17.00680272      0.35351765E+01      0.40798450E-11      4.59000000
  0.13969697      0.13436948     17.00680272      0.48717423E+01      0.56223370E-11      4.61000000
  0.14030303      0.11901336     17.00680272      0.66076557E+01      0.76257044E-11      4.63000000
  0.14090909      0.10163280     17.00680272      0.89204356E+01      0.10294817E-10      4.65000000
  0.14151515      0.08460113     17.00680272      0.12052402E+02      0.13909328E-10      4.67000000
  0.14212121      0.06618110     17.00680272      0.16232028E+02      0.18732914E-10      4.69000000
  0.14272727      0.03684228     17.00680272      0.21318330E+02      0.24602868E-10      4.71000000
  0.14333333      0.01595333     17.00680272      0.28548509E+02      0.32947009E-10      4.73000000
  0.14393939     -0.01544574     17.00680272      0.37316729E+02      0.43066159E-10      4.75000000
  0.14454545     -0.04099575     17.00680272      0.49439353E+02      0.57056528E-10      4.77000000
  0.14515152     -0.07074222     17.00680272      0.64870241E+02      0.74864870E-10      4.79000000
  0.14575758     -0.10040544     17.00680272      0.85133700E+02      0.98250342E-10      4.81000000
  0.14636364     -0.13700466     17.00680272      0.10995665E+03      0.12689779E-09      4.83000000
  0.14696970     -0.17338617     17.00680272      0.14208859E+03      0.16398033E-09      4.85000000
  0.14757576     -0.20751429     17.00680272      0.18456540E+03      0.21300159E-09      4.87000000
  0.14818182     -0.25301043     17.00680272      0.23354650E+03      0.26952926E-09      4.89000000
  0.14878788     -0.28782310     17.00680272      0.30288649E+03      0.34955255E-09      4.91000000
  0.14939394     -0.33396831     17.00680272      0.38269599E+03      0.44165838E-09      4.93000000
  0.15000000     -0.37324669     17.00680272      0.49124116E+03      0.56692721E-09      4.95000000
  0.15060606     -0.42273309     17.00680272      0.61592460E+03      0.71082077E-09      4.97000000
  0.15121212     -0.45978870     17.00680272      0.79467793E+03      0.91711482E-09      4.99000000
  0.15181818     -0.51737310     17.00680272      0.97797098E+03      0.11286480E-08      5.01000000
  0.15242424     -0.55254992     17.00680272      0.12672677E+04      0.14625170E-08      5.03000000
  0.15303030     -0.61120664     17.00680272      0.15557179E+04      0.17954090E-08      5.05000000
  0.15363636     -0.65566509     17.00680272      0.19732931E+04      0.22773206E-08      5.07000000
  0.15424242     -0.71145584     17.00680272      0.24384849E+04      0.28141849E-08      5.09000000
  0.15484848     -0.75574093     17.00680272      0.30942414E+04      0.35709745E-08      5.11000000
  0.15545455     -0.82829160     17.00680272      0.36789402E+04      0.42457585E-08      5.13000000
  0.15606061     -0.88540706     17.00680272      0.45323817E+04      0.52306907E-08      5.15000000
  0.15666667     -0.91802304     17.00680272      0.59078535E+04      0.68180830E-08      5.17000000
  0.15727273     -0.99167341     17.00680272      0.70064586E+04      0.80859513E-08      5.19000000
  0.15787879     -1.06410792     17.00680272      0.83326522E+04      0.96164730E-08      5.21000000
  0.15848485     -1.13302226     17.00680272      0.99905209E+04      0.11529771E-07      5.23000000
  0.15909091     -1.18007946     17.00680272      0.12596507E+05      0.14537265E-07      5.25000000
  0.15969697     -1.24414320     17.00680272      0.15272341E+05      0.17625367E-07      5.27000000
  0.16030303     -1.30018034     17.00680272      0.18861998E+05      0.21768086E-07      5.29000000
  0.16090909     -1.35029385     17.00680272      0.23615295E+05      0.27253730E-07      5.31000000
  0.16151515     -1.45396920     17.00680272      0.26135887E+05      0.30162672E-07      5.33000000
  0.16212121     -1.51174943     17.00680272      0.32149648E+05      0.37102980E-07      5.35000000
  0.16272727     -1.61656176     17.00680272      0.35488130E+05      0.40955825E-07      5.37000000
  0.16333333     -1.63415585     17.00680272      0.47885964E+05      0.55263806E-07      5.39000000
  0.16393939     -1.74185984     17.00680272      0.52507756E+05      0.60597683E-07      5.41000000
  0.16454545     -1.80689346     17.00680272      0.63519789E+05      0.73306352E-07      5.43000000
  0.16515152     -1.92740057     17.00680272      0.67627160E+05      0.78046550E-07      5.45000000
  0.16575758     -1.96659428     17.00680272      0.86825370E+05      0.10020265E-06      5.47000000
  0.16636364     -2.04002323     17.00680272      0.10302364E+06      0.11889661E-06      5.49000000
  0.16696970     -2.20067749     17.00680272      0.10000043E+06      0.11540760E-06      5.51000000
  0.16757576     -2.17264879     17.00680272      0.14988210E+06      0.17297460E-06      5.53000000
  0.16818182     -2.30278871     17.00680272      0.15607346E+06      0.18011987E-06      5.55000000
  0.16878788     -2.32977219     17.00680272      0.20609374E+06      0.23784683E-06      5.57000000
  0.16939394     -2.38301770     17.00680272      0.25617603E+06      0.29564536E-06      5.59000000
  0.17000000     -2.48150411     17.00680272      0.28692692E+06      0.33113406E-06      5.61000000
  0.17060606     -2.59861750     17.00680272      0.30787691E+06      0.35531184E-06      5.63000000
  0.17121212     -2.86013897     17.00680272      0.23690535E+06      0.27340561E-06      5.65000000
  0.17181818     -2.67779878     17.00680272      0.50656394E+06      0.58461079E-06      5.67000000
  0.17242424     -2.75946880     17.00680272      0.58977106E+06      0.68063772E-06      5.69000000
  0.17303030     -2.96659428     17.00680272      0.51437184E+06      0.59362167E-06      5.71000000
  0.17363636     -3.14268554     17.00680272      0.48184254E+06      0.55608054E-06      5.73000000
  0.17424242     -2.89964750     17.00680272      0.11848473E+07      0.13673981E-05      5.75000000
  0.17484848     -3.18047413     17.00680272      0.87207728E+06      0.10064392E-05      5.77000000
  0.17545455     -3.31877681     17.00680272      0.89119246E+06      0.10284994E-05      5.79000000
  0.17606061     -3.44371554     17.00680272      0.93918681E+06      0.10838883E-05      5.81000000
  0.17666667     -3.37676877     17.00680272      0.15396357E+07      0.17768490E-05      5.83000000
  0.17727273     -3.44371554     17.00680272      0.18543445E+07      0.21400453E-05      5.85000000
  0.17787879     -3.61980681     17.00680272      0.17370741E+07      0.20047070E-05      5.87000000
  0.17848485     -3.92083680     17.00680272      0.12204151E+07      0.14084458E-05      5.89000000
  0.17909091     -3.74474554     17.00680272      0.25722789E+07      0.29685927E-05      5.91000000
  0.18030303     -3.92083680     17.00680272      0.33858304E+07      0.39074890E-05      5.95000000
  0.18090909     -4.22186680     17.00680272      0.23787808E+07      0.27452821E-05      5.97000000
  0.18151515     -3.92083680     17.00680272      0.66850341E+07      0.77150046E-05      5.99000000
  0.18272727     -3.74474554     17.00680272      0.19798547E+08      0.22848931E-04      6.03000000
  0.18333333     -4.22186680     17.00680272      0.92732350E+07      0.10701972E-04      6.05000000
  0.18454545     -4.22186680     17.00680272      0.18309213E+08      0.21130134E-04      6.09000000
  0.19121212     -4.22186680     17.00680272      0.77193550E+09      0.89086844E-03      6.31000000
