  0.14818182     -3.97418551      2.50000000      0.49249726E-06      0.56837685E-18      4.89000000
  0.14878788     -3.97418551      2.50000000      0.51774813E-06      0.59751815E-18      4.91000000
  0.14939394     -3.97418551      2.50000000      0.54429365E-06      0.62815356E-18      4.93000000
  0.15000000     -3.67315551      2.50000000      0.11444004E-05      0.13207194E-17      4.95000000
  0.15060606     -3.67315551      2.50000000      0.12030750E-05      0.13884341E-17      4.97000000
  0.15181818     -3.49706425      2.50000000      0.19944053E-05      0.23016855E-17      5.01000000
  0.15242424     -3.49706425      2.50000000      0.20966607E-05      0.24196955E-17      5.03000000
  0.15303030     -3.67315551      2.50000000      0.14694391E-05      0.16958372E-17      5.05000000
  0.15363636     -3.37212552      2.50000000      0.30895578E-05      0.35655693E-17      5.07000000
  0.15424242     -3.19603425      2.50000000      0.48719443E-05      0.56225701E-17      5.09000000
  0.15484848     -3.19603425      2.50000000      0.51217343E-05      0.59108454E-17      5.11000000
  0.15545455     -3.27521549      2.50000000      0.44869427E-05      0.51782509E-17      5.13000000
  0.15606061     -3.27521549      2.50000000      0.47169932E-05      0.54437455E-17      5.15000000
  0.15666667     -2.89500425      2.50000000      0.11901213E-04      0.13734845E-16      5.17000000
  0.15727273     -3.01994298      2.50000000      0.93835508E-05      0.10829285E-16      5.19000000
  0.15787879     -2.69543189      2.50000000      0.20825384E-04      0.24033974E-16      5.21000000
  0.15848485     -2.79809425      2.50000000      0.17284045E-04      0.19947017E-16      5.23000000
  0.15909091     -2.77006553      2.50000000      0.19381565E-04      0.22367703E-16      5.25000000
  0.15969697     -2.74373659      2.50000000      0.21648733E-04      0.24984177E-16      5.27000000
  0.16030303     -2.63176282      2.50000000      0.29452421E-04      0.33990187E-16      5.29000000
  0.16090909     -2.67315550      2.50000000      0.28147708E-04      0.32484456E-16      5.31000000
  0.16151515     -2.45567157      2.50000000      0.48824936E-04      0.56347447E-16      5.33000000
  0.16212121     -2.39440189      2.50000000      0.59105254E-04      0.68211665E-16      5.35000000
  0.16272727     -2.32097298      2.50000000      0.73581684E-04      0.84918494E-16      5.37000000
  0.16333333     -2.27521550      2.50000000      0.85949218E-04      0.99191508E-16      5.39000000
  0.16393939     -2.25818216      2.50000000      0.93970166E-04      0.10844825E-15      5.41000000
  0.16454545     -2.24990963      2.50000000      0.10068789E-03      0.11620098E-15      5.43000000
  0.16515152     -2.18885567      2.50000000      0.12182767E-03      0.14059779E-15      5.45000000
  0.16575758     -2.09337190      2.50000000      0.15956750E-03      0.18415223E-15      5.47000000
  0.16636364     -2.01994299      2.50000000      0.19864977E-03      0.22925595E-15      5.49000000
  0.16696970     -1.88782568      2.50000000      0.28308711E-03      0.32670265E-15      5.51000000
  0.16757576     -1.89500426      2.50000000      0.29272259E-03      0.33782268E-15      5.53000000
  0.16818182     -1.78666477      2.50000000      0.39492120E-03      0.45576714E-15      5.55000000
  0.16878788     -1.78385379      2.50000000      0.41786515E-03      0.48224609E-15      5.57000000
  0.16939394     -1.75670155      2.50000000      0.46763081E-03      0.53967920E-15      5.59000000
  0.17000000     -1.66668946      2.50000000      0.60482527E-03      0.69801136E-15      5.61000000
  0.17060606     -1.67098945      2.50000000      0.62957094E-03      0.72656962E-15      5.63000000
  0.17121212     -1.56764533      2.50000000      0.83966009E-03      0.96902744E-15      5.65000000
  0.17181818     -1.50731787      2.50000000      0.10142516E-02      0.11705184E-14      5.67000000
  0.17242424     -1.50731787      2.50000000      0.10662534E-02      0.12305322E-14      5.69000000
  0.17303030     -1.45831165      2.50000000      0.12548198E-02      0.14481513E-14      5.71000000
  0.17363636     -1.38089943      2.50000000      0.15765520E-02      0.18194531E-14      5.73000000
  0.17424242     -1.34274174      2.50000000      0.18095922E-02      0.20883981E-14      5.75000000
  0.17484848     -1.25568381      2.50000000      0.23246275E-02      0.26827854E-14      5.77000000
  0.17545455     -1.24583172      2.50000000      0.24998860E-02      0.28850461E-14      5.79000000
  0.17606061     -1.23303390      2.50000000      0.27066540E-02      0.31236711E-14      5.81000000
  0.17666667     -1.19748433      2.50000000      0.30881403E-02      0.35639335E-14      5.83000000
  0.17727273     -1.14231573      2.50000000      0.36862124E-02      0.42541511E-14      5.85000000
  0.17787879     -1.10319670      2.50000000      0.42404711E-02      0.48938051E-14      5.87000000
  0.17848485     -1.05094147      2.50000000      0.50278703E-02      0.58025197E-14      5.89000000
  0.17909091     -1.01609966      2.50000000      0.57271769E-02      0.66095693E-14      5.91000000
  0.17969697     -0.98119041      2.50000000      0.65247604E-02      0.75300373E-14      5.93000000
  0.18030303     -0.92691063      2.50000000      0.77724704E-02      0.89699834E-14      5.95000000
  0.18090909     -0.92110706      2.50000000      0.82808968E-02      0.95567436E-14      5.97000000
  0.18151515     -0.90267172      2.50000000      0.90829607E-02      0.10482382E-13      5.99000000
  0.18212121     -0.85131458      2.50000000      0.10747298E-01      0.12403146E-13      6.01000000
  0.18272727     -0.82898911      2.50000000      0.11894317E-01      0.13726887E-13      6.03000000
  0.18333333     -0.80686817      2.50000000      0.13157554E-01      0.15184752E-13      6.05000000
  0.18393939     -0.76655115      2.50000000      0.15177733E-01      0.17516182E-13      6.07000000
  0.18454545     -0.74144346      2.50000000      0.16905551E-01      0.19510207E-13      6.09000000
  0.18515152     -0.68817837      2.50000000      0.20091350E-01      0.23186847E-13      6.11000000
  0.18575758     -0.66285556      2.50000000      0.22389617E-01      0.25839210E-13      6.13000000
  0.18636364     -0.64134325      2.50000000      0.24732824E-01      0.28543437E-13      6.15000000
  0.18696970     -0.62258242      2.50000000      0.27148713E-01      0.31331545E-13      6.17000000
  0.18757576     -0.60869750      2.50000000      0.29467880E-01      0.34008028E-13      6.19000000
  0.18818182     -0.56374572      2.50000000      0.34357013E-01      0.39650436E-13      6.21000000
  0.18878788     -0.55871134      2.50000000      0.36539660E-01      0.42169365E-13      6.23000000
  0.18939394     -0.52193892      2.50000000      0.41807254E-01      0.48248543E-13      6.25000000
  0.19000000     -0.49102629      2.50000000      0.47193154E-01      0.54464255E-13      6.27000000
  0.19060606     -0.47905760      2.50000000      0.50999088E-01      0.58856573E-13      6.29000000
  0.19121212     -0.45514545      2.50000000      0.56648614E-01      0.65376528E-13      6.31000000
  0.19181818     -0.42151729      2.50000000      0.64347574E-01      0.74261674E-13      6.33000000
  0.19242424     -0.42420190      2.50000000      0.67229872E-01      0.77588051E-13      6.35000000
  0.19303030     -0.40657107      2.50000000      0.73605089E-01      0.84945505E-13      6.37000000
  0.19363636     -0.38023520      2.50000000      0.82216395E-01      0.94883565E-13      6.39000000
  0.19424242     -0.35676576      2.50000000      0.91231033E-01      0.10528710E-12      6.41000000
  0.19484848     -0.35145354      2.50000000      0.97088891E-01      0.11204748E-12      6.43000000
  0.19545455     -0.34426646      2.50000000      0.10376989E+00      0.11975783E-12      6.45000000
  0.19606061     -0.32310140      2.50000000      0.11453840E+00      0.13218546E-12      6.47000000
  0.19666667     -0.30015149      2.50000000      0.12694505E+00      0.14650361E-12      6.49000000
  0.19727273     -0.29095830      2.50000000      0.13630873E+00      0.15730997E-12      6.51000000
  0.19787879     -0.28001919      2.50000000      0.14695268E+00      0.16959384E-12      6.53000000
  0.19848485     -0.27089412      2.50000000      0.15776741E+00      0.18207481E-12      6.55000000
  0.19909091     -0.25977193      2.50000000      0.17015872E+00      0.19637526E-12      6.57000000
  0.19969697     -0.25253975      2.50000000      0.18188678E+00      0.20991027E-12      6.59000000
  0.20030303     -0.23469226      2.50000000      0.19923395E+00      0.22993014E-12      6.61000000
  0.20090909     -0.23185321      2.50000000      0.21082258E+00      0.24330424E-12      6.63000000
  0.20151515     -0.22460378      2.50000000      0.22536230E+00      0.26008411E-12      6.65000000
  0.20212121     -0.21135695      2.50000000      0.24425464E+00      0.28188722E-12      6.67000000
  0.20272727     -0.20215734      2.50000000      0.26227516E+00      0.30268418E-12      6.69000000
  0.20333333     -0.19828392      2.50000000      0.27819243E+00      0.32105383E-12      6.71000000
  0.20393939     -0.19278918      2.50000000      0.29617934E+00      0.34181202E-12      6.73000000
  0.20454545     -0.19588953      2.50000000      0.30914992E+00      0.35678099E-12      6.75000000
  0.20515152     -0.18956820      2.50000000      0.32976548E+00      0.38057281E-12      6.77000000
  0.20575758     -0.17594931      2.50000000      0.35771636E+00      0.41283011E-12      6.79000000
  0.20636364     -0.17463818      2.50000000      0.37719390E+00      0.43530858E-12      6.81000000
  0.20696970     -0.17622585      2.50000000      0.39508607E+00      0.45595741E-12      6.83000000
  0.20757576     -0.17182232      2.50000000      0.41957535E+00      0.48421979E-12      6.85000000
  0.20818182     -0.16868466      2.50000000      0.44428572E+00      0.51273731E-12      6.87000000
  0.20878788     -0.16658283      2.50000000      0.46933064E+00      0.54164093E-12      6.89000000
  0.20939394     -0.15781162      2.50000000      0.50345984E+00      0.58102845E-12      6.91000000
  0.21000000     -0.16153949      2.50000000      0.52474909E+00      0.60559776E-12      6.93000000
  0.21060606     -0.15960497      2.50000000      0.55411631E+00      0.63948962E-12      6.95000000
  0.21121212     -0.17983691      2.50000000      0.55601143E+00      0.64167672E-12      6.97000000
  0.21181818     -0.16990973      2.50000000      0.59803366E+00      0.69017335E-12      6.99000000
  0.21242424     -0.17456930      2.50000000      0.62198625E+00      0.71781635E-12      7.01000000
  0.21303030     -0.16753079      2.50000000      0.66455972E+00      0.76694916E-12      7.03000000
  0.21363636     -0.18340792      2.50000000      0.67355275E+00      0.77732775E-12      7.05000000
  0.21424242     -0.17243886      2.50000000      0.72619857E+00      0.83808477E-12      7.07000000
  0.21484848     -0.18707941      2.50000000      0.73812441E+00      0.85184804E-12      7.09000000
  0.21545455     -0.17872260      2.50000000      0.79104484E+00      0.91292197E-12      7.11000000
  0.21606061     -0.18277557      2.50000000      0.82387790E+00      0.95081366E-12      7.13000000
  0.21666667     -0.19042481      2.50000000      0.85099761E+00      0.98211174E-12      7.15000000
  0.21727273     -0.19300479      2.50000000      0.88933030E+00      0.10263504E-11      7.17000000
  0.21787879     -0.21534928      2.50000000      0.88804162E+00      0.10248632E-11      7.19000000
  0.21848485     -0.21143196      2.50000000      0.94203137E+00      0.10871712E-11      7.21000000
  0.21909091     -0.22213707      2.50000000      0.96621768E+00      0.11150839E-11      7.23000000
  0.21969697     -0.20762396      2.50000000      0.10502745E+01      0.12120914E-11      7.25000000
  0.22030303     -0.23091099      2.50000000      0.10464790E+01      0.12077111E-11      7.27000000
  0.22090909     -0.24155051      2.50000000      0.10735090E+01      0.12389057E-11      7.29000000
  0.22151515     -0.24421122      2.50000000      0.11216561E+01      0.12944709E-11      7.31000000
  0.22212121     -0.25386077      2.50000000      0.11532538E+01      0.13309369E-11      7.33000000
  0.22272727     -0.26746771      2.50000000      0.11749860E+01      0.13560173E-11      7.35000000
  0.22333333     -0.28028278      2.50000000      0.11993124E+01      0.13840918E-11      7.37000000
  0.22393939     -0.28310403      2.50000000      0.12526387E+01      0.14456341E-11      7.39000000
  0.22454545     -0.30042758      2.50000000      0.12653684E+01      0.14603251E-11      7.41000000
  0.22515152     -0.31237281      2.50000000      0.12941556E+01      0.14935475E-11      7.43000000
  0.22575758     -0.31503023      2.50000000      0.13522089E+01      0.15605452E-11      7.45000000
  0.22636364     -0.32242306      2.50000000      0.13975446E+01      0.16128658E-11      7.47000000
  0.22696970     -0.33940604      2.50000000      0.14128544E+01      0.16305345E-11      7.49000000
  0.22757576     -0.35697542      2.50000000      0.14264047E+01      0.16461724E-11      7.51000000
  0.22818182     -0.36320613      2.50000000      0.14781782E+01      0.17059227E-11      7.53000000
  0.22878788     -0.36898822      2.50000000      0.15334140E+01      0.17696687E-11      7.55000000
  0.22939394     -0.38591380      2.50000000      0.15504171E+01      0.17892916E-11      7.57000000
  0.23000000     -0.40422668      2.50000000      0.15626093E+01      0.18033622E-11      7.59000000
  0.23060606     -0.40446056      2.50000000      0.16418416E+01      0.18948019E-11      7.61000000
  0.23121212     -0.45396407      2.50000000      0.15400771E+01      0.17773585E-11      7.63000000
  0.23181818     -0.44424211      2.50000000      0.16556904E+01      0.19107845E-11      7.65000000
  0.23242424     -0.46552115      2.50000000      0.16573523E+01      0.19127023E-11      7.67000000
  0.23303030     -0.47711755      2.50000000      0.16964191E+01      0.19577882E-11      7.69000000
  0.23363636     -0.49561900      2.50000000      0.17090172E+01      0.19723273E-11      7.71000000
  0.23424242     -0.49576331      2.50000000      0.17960435E+01      0.20727618E-11      7.73000000
  0.23484848     -0.53675205      2.50000000      0.17180778E+01      0.19827839E-11      7.75000000
  0.23545455     -0.54914061      2.50000000      0.17553713E+01      0.20258233E-11      7.77000000
  0.23606061     -0.57798616      2.50000000      0.17267846E+01      0.19928321E-11      7.79000000
  0.23666667     -0.58342698      2.50000000      0.17927184E+01      0.20689244E-11      7.81000000
  0.23727273     -0.60201019      2.50000000      0.18056916E+01      0.20838965E-11      7.83000000
  0.23787879     -0.62646529      2.50000000      0.17943337E+01      0.20707886E-11      7.85000000
  0.23848485     -0.64600985      2.50000000      0.18033224E+01      0.20811622E-11      7.87000000
  0.23909091     -0.65466307      2.50000000      0.18583815E+01      0.21447044E-11      7.89000000
  0.23969697     -0.67185456      2.50000000      0.18778379E+01      0.21671585E-11      7.91000000
  0.24030303     -0.71626704      2.50000000      0.17822160E+01      0.20568040E-11      7.93000000
  0.24090909     -0.71578768      2.50000000      0.18756614E+01      0.21646465E-11      7.95000000
  0.24151515     -0.73840463      2.50000000      0.18717688E+01      0.21601543E-11      7.97000000
  0.24212121     -0.75828367      2.50000000      0.18796972E+01      0.21693042E-11      7.99000000
  0.24272727     -0.75591266      2.50000000      0.19868891E+01      0.22930112E-11      8.01000000
  0.24333333     -0.80568801      2.50000000      0.18625717E+01      0.21495402E-11      8.03000000
  0.24393939     -0.84805408      2.50000000      0.17760764E+01      0.20497185E-11      8.05000000
  0.24454545     -0.85924108      2.50000000      0.18196563E+01      0.21000128E-11      8.07000000
  0.24515152     -0.85427010      2.50000000      0.19349738E+01      0.22330973E-11      8.09000000
  0.24575758     -0.89428101      2.50000000      0.18551494E+01      0.21409743E-11      8.11000000
  0.24636364     -0.91689986      2.50000000      0.18512913E+01      0.21365218E-11      8.13000000
  0.24696970     -0.93121644      2.50000000      0.18830980E+01      0.21732289E-11      8.15000000
  0.24757576     -0.95299620      2.50000000      0.18828160E+01      0.21729035E-11      8.17000000
  0.24818182     -0.95052159      2.50000000      0.19906605E+01      0.22973638E-11      8.19000000
  0.24878788     -1.01466714      2.50000000      0.18053707E+01      0.20835261E-11      8.21000000
  0.24939394     -1.01562162      2.50000000      0.18937674E+01      0.21855422E-11      8.23000000
  0.25000000     -1.04990622      2.50000000      0.18397413E+01      0.21231922E-11      8.25000000
  0.25060606     -1.07491231      2.50000000      0.18258513E+01      0.21071621E-11      8.27000000
  0.25121212     -1.05720544      2.50000000      0.19993415E+01      0.23073822E-11      8.29000000
  0.25181818     -1.09109214      2.50000000      0.19440839E+01      0.22436110E-11      8.31000000
  0.25242424     -1.13976480      2.50000000      0.18270779E+01      0.21085778E-11      8.33000000
  0.25303030     -1.13849491      2.50000000      0.19263788E+01      0.22231780E-11      8.35000000
  0.25363636     -1.20926250      2.50000000      0.17206353E+01      0.19857354E-11      8.37000000
  0.25424242     -1.21000937      2.50000000      0.18057461E+01      0.20839593E-11      8.39000000
  0.25484848     -1.25568381      2.50000000      0.17088225E+01      0.19721027E-11      8.41000000
  0.25545455     -1.30116458      2.50000000      0.16178226E+01      0.18670823E-11      8.43000000
  0.25606061     -1.30024351      2.50000000      0.17043811E+01      0.19669769E-11      8.45000000
  0.25666667     -1.33073283      2.50000000      0.16702909E+01      0.19276344E-11      8.47000000
  0.25727273     -1.33970822      2.50000000      0.17200119E+01      0.19850160E-11      8.49000000
  0.25787879     -1.43136009      2.50000000      0.14641794E+01      0.16897671E-11      8.51000000
  0.25848485     -1.39440190      2.50000000      0.16759737E+01      0.19341928E-11      8.53000000
  0.25909091     -1.44784622      2.50000000      0.15578930E+01      0.17979192E-11      8.55000000
  0.25969697     -1.45963776      2.50000000      0.15938990E+01      0.18394727E-11      8.57000000
  0.26030303     -1.48003090      2.50000000      0.15987567E+01      0.18450789E-11      8.59000000
  0.26090909     -1.51934065      2.50000000      0.15352792E+01      0.17718213E-11      8.61000000
  0.26151515     -1.51479300      2.50000000      0.16309841E+01      0.18822716E-11      8.63000000
  0.26212121     -1.54121622      2.50000000      0.16133970E+01      0.18619748E-11      8.65000000
  0.26272727     -1.62007707      2.50000000      0.14144745E+01      0.16324041E-11      8.67000000
  0.26333333     -1.61815965      2.50000000      0.14935758E+01      0.17236926E-11      8.69000000
  0.26393939     -1.64377173      2.50000000      0.14802324E+01      0.17082934E-11      8.71000000
  0.26454545     -1.70467256      2.50000000      0.13525203E+01      0.15609046E-11      8.73000000
  0.26515152     -1.63973175      2.50000000      0.16511986E+01      0.19056006E-11      8.75000000
  0.26575758     -1.73613939      2.50000000      0.13902932E+01      0.16044972E-11      8.77000000
  0.26636364     -1.78385379      2.50000000      0.13095037E+01      0.15112604E-11      8.79000000
  0.26696970     -1.74887621      2.50000000      0.14921038E+01      0.17219939E-11      8.81000000
  0.26757576     -1.86024216      2.50000000      0.12138019E+01      0.14008137E-11      8.83000000
  0.26818182     -1.87038179      2.50000000      0.12465879E+01      0.14386511E-11      8.85000000
  0.26878788     -1.94076175      2.50000000      0.11144425E+01      0.12861459E-11      8.87000000
  0.26939394     -1.84385174      2.50000000      0.14644765E+01      0.16901100E-11      8.89000000
  0.27000000     -1.96986413      2.50000000      0.11518203E+01      0.13292825E-11      8.91000000
  0.27060606     -2.01514411      2.50000000      0.10909868E+01      0.12590763E-11      8.93000000
  0.27121212     -1.97855031      2.50000000      0.12477512E+01      0.14399936E-11      8.95000000
  0.27181818     -2.01514411      2.50000000      0.12057269E+01      0.13914945E-11      8.97000000
  0.27242424     -2.08209089      2.50000000      0.10864678E+01      0.12538611E-11      8.99000000
  0.27303030     -2.08769477      2.50000000      0.11275290E+01      0.13012486E-11      9.01000000
  0.27363636     -2.16127215      2.50000000      0.10006105E+01      0.11547757E-11      9.03000000
  0.27424242     -2.40598376      2.50000000      0.59878122E+00      0.69103610E-12      9.05000000
  0.27484848     -2.28398942      2.50000000      0.83363750E+00      0.96207693E-12      9.07000000
  0.27545455     -2.21831065      2.50000000      0.10194613E+01      0.11765308E-11      9.09000000
  0.27606061     -2.32097298      2.50000000      0.84610279E+00      0.97646277E-12      9.11000000
  0.27666667     -2.35093620      2.50000000      0.83018452E+00      0.95809195E-12      9.13000000
  0.27727273     -2.52702748      2.50000000      0.58183264E+00      0.67147623E-12      9.15000000
  0.27787879     -2.31142767      2.50000000      0.10048763E+01      0.11596987E-11      9.17000000
  0.27848485     -2.52702748      2.50000000      0.64302452E+00      0.74209601E-12      9.19000000
  0.27909091     -2.37212550      2.50000000      0.96570444E+00      0.11144916E-11      9.21000000
  0.27969697     -2.52702748      2.50000000      0.71065200E+00      0.82014292E-12      9.23000000
  0.28030303     -2.61245766      2.50000000      0.61367936E+00      0.70822961E-12      9.25000000
  0.28090909     -2.46903553      2.50000000      0.89759076E+00      0.10358835E-11      9.27000000
  0.28151515     -2.41788299      2.50000000      0.10615627E+01      0.12251188E-11      9.29000000
  0.28212121     -2.67315550      2.50000000      0.61999453E+00      0.71551776E-12      9.31000000
  0.28272727     -2.67315550      2.50000000      0.65178233E+00      0.75220314E-12      9.33000000
  0.28333333     -2.74373659      2.50000000      0.58241991E+00      0.67215397E-12      9.35000000
  0.28393939     -2.59397426      2.50000000      0.86439703E+00      0.99757562E-12      9.37000000
  0.28454545     -2.97418549      2.50000000      0.37863151E+00      0.43696768E-12      9.39000000
  0.28515152     -2.71891298      2.50000000      0.71647987E+00      0.82686870E-12      9.41000000
  0.28575758     -2.77006553      2.50000000      0.66952403E+00      0.77267833E-12      9.43000000
  0.28636364     -2.82805747      2.50000000      0.61586986E+00      0.71075760E-12      9.45000000
  0.28696970     -2.97418549      2.50000000      0.46246157E+00      0.53371353E-12      9.47000000
  0.28757576     -3.12908747      2.50000000      0.34032073E+00      0.39275431E-12      9.49000000
  0.28818182     -2.82805747      2.50000000      0.71553869E+00      0.82578252E-12      9.51000000
  0.28878788     -3.12908747      2.50000000      0.37611257E+00      0.43406065E-12      9.53000000
  0.28939394     -2.89500425      2.50000000      0.67782220E+00      0.78225500E-12      9.55000000
  0.29000000     -3.19603425      2.50000000      0.35628744E+00      0.41118104E-12      9.57000000
  0.29060606     -3.07109552      2.50000000      0.49940624E+00      0.57635030E-12      9.59000000
  0.29121212     -3.12908747      2.50000000      0.45938493E+00      0.53016287E-12      9.61000000
  0.29181818     -3.07109552      2.50000000      0.55192925E+00      0.63696560E-12      9.63000000
  0.29242424     -3.01994298      2.50000000      0.65275572E+00      0.75332650E-12      9.65000000
  0.29303030     -3.19603425      2.50000000      0.45748213E+00      0.52796690E-12      9.67000000
  0.29363636     -3.01994298      2.50000000      0.72140663E+00      0.83255454E-12      9.69000000
  0.29424242     -3.37212552      2.50000000      0.33706396E+00      0.38899577E-12      9.71000000
  0.29484848     -3.12908747      2.50000000      0.62010480E+00      0.71564502E-12      9.73000000
  0.29545455     -3.12908747      2.50000000      0.65189825E+00      0.75233692E-12      9.75000000
  0.29606061     -3.37212552      2.50000000      0.39161245E+00      0.45194860E-12      9.77000000
  0.29666667     -3.67315551      2.50000000      0.20584542E+00      0.23756025E-12      9.79000000
  0.29727273     -3.67315551      2.50000000      0.21639934E+00      0.24974023E-12      9.81000000
  0.29787879     -3.97418551      2.50000000      0.11374719E+00      0.13127234E-12      9.83000000
  0.29848485     -3.27521549      2.50000000      0.59789568E+00      0.69001412E-12      9.85000000
  0.29909091     -3.67315551      2.50000000      0.25142017E+00      0.29015675E-12      9.87000000
  0.29969697     -3.37212552      2.50000000      0.52862151E+00      0.61006680E-12      9.89000000
  0.30030303     -3.67315551      2.50000000      0.27786226E+00      0.32067280E-12      9.91000000
  0.30090909     -3.67315551      2.50000000      0.29210856E+00      0.33711404E-12      9.93000000
  0.30151515     -3.97418551      2.50000000      0.15354264E+00      0.17719913E-12      9.95000000
  0.30272727     -3.49706425      2.50000000      0.50907260E+00      0.58750597E-12      9.99000000
  0.30333333     -3.49706425      2.50000000      0.53517331E+00      0.61762805E-12     10.01000000
  0.30393939     -3.97418551      2.50000000      0.18753741E+00      0.21643150E-12     10.03000000
  0.30454545     -3.97418551      2.50000000      0.19715266E+00      0.22752818E-12     10.05000000
  0.30575758     -3.67315551      2.50000000      0.43577476E+00      0.50291506E-12     10.09000000
  0.30696970     -3.67315551      2.50000000      0.48160560E+00      0.55580709E-12     10.13000000
  0.30878788     -3.67315551      2.50000000      0.55954587E+00      0.64575572E-12     10.19000000
  0.30939394     -3.97418551      2.50000000      0.29411720E+00      0.33943216E-12     10.21000000
  0.31060606     -3.97418551      2.50000000      0.32504978E+00      0.37513055E-12     10.25000000
  0.31242424     -3.49706425      2.50000000      0.11329619E+01      0.13075186E-11     10.31000000
  0.32090909     -3.97418551      2.50000000      0.76050169E+00      0.87767301E-12     10.59000000
  0.32939394     -3.97418551      2.50000000      0.15314623E+01      0.17674164E-11     10.87000000
