  0.11666667     -4.41350293     11.00110011      0.28343765E-10      0.32710719E-22      3.85000000
  0.11727273     -4.11247293     11.00110011      0.70638565E-10      0.81521926E-22      3.87000000
  0.11787879     -3.71453291     11.00110011      0.22005753E-09      0.25396203E-21      3.89000000
  0.11848485     -3.41350292     11.00110011      0.54842919E-09      0.63292628E-21      3.91000000
  0.11909091     -3.56840487     11.00110011      0.47837994E-09      0.55208445E-21      3.93000000
  0.11969697     -3.09128363     11.00110011      0.17883336E-08      0.20638641E-20      3.95000000
  0.12030303     -2.99852960     11.00110011      0.27590331E-08      0.31841203E-20      3.97000000
  0.12090909     -2.92214125     11.00110011      0.40992046E-08      0.47307736E-20      3.99000000
  0.12151515     -2.88202402     11.00110011      0.56023621E-08      0.64655241E-20      4.01000000
  0.12212121     -2.70593276     11.00110011      0.10471690E-07      0.12085075E-19      4.03000000
  0.12272727     -2.62111125     11.00110011      0.15863266E-07      0.18307337E-19      4.05000000
  0.12333333     -2.38819705     11.00110011      0.33795678E-07      0.39002615E-19      4.07000000
  0.12393939     -2.36428489     11.00110011      0.44496686E-07      0.51352339E-19      4.09000000
  0.12454545     -2.13020171     11.00110011      0.95052860E-07      0.10969776E-18      4.11000000
  0.12515152     -1.99520163     11.00110011      0.16162912E-06      0.18653149E-18      4.13000000
  0.12575758     -1.88845812     11.00110011      0.25752385E-06      0.29720083E-18      4.15000000
  0.12636364     -1.83486373     11.00110011      0.36304979E-06      0.41898527E-18      4.17000000
  0.12696970     -1.72776120     11.00110011      0.57892601E-06      0.66812177E-18      4.19000000
  0.12757576     -1.65991987     11.00110011      0.84337113E-06      0.97331024E-18      4.21000000
  0.12818182     -1.56469822     11.00110011      0.13085633E-05      0.15101750E-17      4.23000000
  0.12878788     -1.47050333     11.00110011      0.20255546E-05      0.23376340E-17      4.25000000
  0.12939394     -1.38411915     11.00110011      0.30795161E-05      0.35539805E-17      4.27000000
  0.13000000     -1.31728835     11.00110011      0.44757686E-05      0.51653551E-17      4.29000000
  0.13060606     -1.24031667     11.00110011      0.66587643E-05      0.76846873E-17      4.31000000
  0.13121212     -1.15271627     11.00110011      0.10151925E-04      0.11716043E-16      4.33000000
  0.13181818     -1.06189985     11.00110011      0.15592622E-04      0.17994994E-16      4.35000000
  0.13242424     -1.00154668     11.00110011      0.22326809E-04      0.25766725E-16      4.37000000
  0.13303030     -0.94382815     11.00110011      0.31776022E-04      0.36671788E-16      4.39000000
  0.13363636     -0.87846211     11.00110011      0.46027768E-04      0.53119316E-16      4.41000000
  0.13424242     -0.81591745     11.00110011      0.66239784E-04      0.76445420E-16      4.43000000
  0.13484848     -0.75036761     11.00110011      0.95989360E-04      0.11077854E-15      4.45000000
  0.13545455     -0.69959258     11.00110011      0.13444742E-03      0.15516188E-15      4.47000000
  0.13606061     -0.65195096     11.00110011      0.18695988E-03      0.21576500E-15      4.49000000
  0.13666667     -0.59799161     11.00110011      0.26379230E-03      0.30443507E-15      4.51000000
  0.13727273     -0.54163821     11.00110011      0.37425693E-03      0.43191910E-15      4.53000000
  0.13787879     -0.50000696     11.00110011      0.51328131E-03      0.59236312E-15      4.55000000
  0.13848485     -0.45446154     11.00110011      0.71032190E-03      0.81976197E-15      4.57000000
  0.13909091     -0.41524358     11.00110011      0.96878524E-03      0.11180470E-14      4.59000000
  0.13969697     -0.37183398     11.00110011      0.13341094E-02      0.15396571E-14      4.61000000
  0.14030303     -0.34206281     11.00110011      0.17803974E-02      0.20547052E-14      4.63000000
  0.14090909     -0.29969323     11.00110011      0.24459123E-02      0.28227567E-14      4.65000000
  0.14151515     -0.26808898     11.00110011      0.32779285E-02      0.37829626E-14      4.67000000
  0.14212121     -0.23352050     11.00110011      0.44230546E-02      0.51045194E-14      4.69000000
  0.14272727     -0.20072956     11.00110011      0.59438465E-02      0.68596214E-14      4.71000000
  0.14333333     -0.18274754     11.00110011      0.77197626E-02      0.89091548E-14      4.73000000
  0.14393939     -0.15539267     11.00110011      0.10245028E-01      0.11823491E-13      4.75000000
  0.14454545     -0.12253394     11.00110011      0.13769755E-01      0.15891277E-13      4.77000000
  0.14515152     -0.10438400     11.00110011      0.17890831E-01      0.20647290E-13      4.79000000
  0.14575758     -0.09095288     11.00110011      0.22994076E-01      0.26536798E-13      4.81000000
  0.14636364     -0.06938586     11.00110011      0.30111842E-01      0.34751207E-13      4.83000000
  0.14696970     -0.04534625     11.00110011      0.39658043E-01      0.45768201E-13      4.85000000
  0.14757576     -0.02952609     11.00110011      0.51251406E-01      0.59147766E-13      4.87000000
  0.14818182     -0.02064777     11.00110011      0.65183615E-01      0.75226526E-13      4.89000000
  0.14878788     -0.01137916     11.00110011      0.82977701E-01      0.95762165E-13      4.91000000
  0.14939394      0.00096902     11.00110011      0.10638096E+00      0.12277119E-12      4.93000000
  0.15000000      0.01185193     11.00110011      0.13592557E+00      0.15686777E-12      4.95000000
  0.15060606      0.01718473     11.00110011      0.17147006E+00      0.19788864E-12      4.97000000
  0.15121212      0.02831783     11.00110011      0.21921777E+00      0.25299289E-12      4.99000000
  0.15181818      0.02549799     11.00110011      0.27140026E+00      0.31321519E-12      5.01000000
  0.15242424      0.03489419     11.00110011      0.34558971E+00      0.39883509E-12      5.03000000
  0.15303030      0.03941763     11.00110011      0.43514959E+00      0.50219356E-12      5.05000000
  0.15363636      0.03885094     11.00110011      0.54153462E+00      0.62496945E-12      5.07000000
  0.15424242      0.04263528     11.00110011      0.68071435E+00      0.78559275E-12      5.09000000
  0.15484848      0.03506429     11.00110011      0.83358186E+00      0.96201273E-12      5.11000000
  0.15545455      0.03626851     11.00110011      0.10416140E+01      0.12020966E-11      5.13000000
  0.15606061      0.02861607     11.00110011      0.12752893E+01      0.14717745E-11      5.15000000
  0.15666667      0.02240510     11.00110011      0.15665783E+01      0.18079427E-11      5.17000000
  0.15727273      0.02168822     11.00110011      0.19489000E+01      0.22491692E-11      5.19000000
  0.15787879      0.01232462     11.00110011      0.23767325E+01      0.27429182E-11      5.21000000
  0.15848485     -0.00112639     11.00110011      0.28713335E+01      0.33137229E-11      5.23000000
  0.15909091     -0.00653717     11.00110011      0.35336798E+01      0.40781177E-11      5.25000000
  0.15969697     -0.02559724     11.00110011      0.42142614E+01      0.48635572E-11      5.27000000
  0.16030303     -0.03099961     11.00110011      0.51864887E+01      0.59855766E-11      5.29000000
  0.16090909     -0.04348975     11.00110011      0.62796817E+01      0.72471991E-11      5.31000000
  0.16151515     -0.05564428     11.00110011      0.76091728E+01      0.87815264E-11      5.33000000
  0.16212121     -0.07534536     11.00110011      0.90613042E+01      0.10457389E-10      5.35000000
  0.16272727     -0.09227743     11.00110011      0.10859579E+02      0.12532726E-10      5.37000000
  0.16333333     -0.10688491     11.00110011      0.13084582E+02      0.15100537E-10      5.39000000
  0.16393939     -0.12429314     11.00110011      0.15664118E+02      0.18077506E-10      5.41000000
  0.16454545     -0.14558063     11.00110011      0.18585438E+02      0.21448917E-10      5.43000000
  0.16515152     -0.16516178     11.00110011      0.22138388E+02      0.25549274E-10      5.45000000
  0.16575758     -0.18605333     11.00110011      0.26291102E+02      0.30341801E-10      5.47000000
  0.16636364     -0.21153259     11.00110011      0.30894692E+02      0.35654670E-10      5.49000000
  0.16696970     -0.23625508     11.00110011      0.36367691E+02      0.41970900E-10      5.51000000
  0.16757576     -0.25856187     11.00110011      0.43049020E+02      0.49681629E-10      5.53000000
  0.16818182     -0.27849756     11.00110011      0.51236791E+02      0.59130899E-10      5.55000000
  0.16878788     -0.30547942     11.00110011      0.60000436E+02      0.69244768E-10      5.57000000
  0.16939394     -0.33519113     11.00110011      0.69822764E+02      0.80580433E-10      5.59000000
  0.17000000     -0.36927685     11.00110011      0.80438813E+02      0.92832108E-10      5.61000000
  0.17060606     -0.38709226     11.00110011      0.96206538E+02      0.11102918E-09      5.63000000
  0.17121212     -0.42879565     11.00110011      0.10890694E+03      0.12568635E-09      5.65000000
  0.17181818     -0.44801900     11.00110011      0.12983343E+03      0.14983701E-09      5.67000000
  0.17242424     -0.48808770     11.00110011      0.14752722E+03      0.17025690E-09      5.69000000
  0.17303030     -0.51681140     11.00110011      0.17206907E+03      0.19857994E-09      5.71000000
  0.17363636     -0.55370436     11.00110011      0.19695372E+03      0.22729860E-09      5.73000000
  0.17424242     -0.57679913     11.00110011      0.23271467E+03      0.26856927E-09      5.75000000
  0.17484848     -0.61894519     11.00110011      0.26316737E+03      0.30371386E-09      5.77000000
  0.17545455     -0.65930753     11.00110011      0.29882990E+03      0.34487094E-09      5.79000000
  0.17606061     -0.68563649     11.00110011      0.35046886E+03      0.40446598E-09      5.81000000
  0.17666667     -0.72838847     11.00110011      0.39577813E+03      0.45675610E-09      5.83000000
  0.17727273     -0.76729531     11.00110011      0.45091979E+03      0.52039349E-09      5.85000000
  0.17787879     -0.80572632     11.00110011      0.51430723E+03      0.59354710E-09      5.87000000
  0.17848485     -0.85132905     11.00110011      0.57699790E+03      0.66589660E-09      5.89000000
  0.17909091     -0.90148595     11.00110011      0.64057749E+03      0.73927197E-09      5.91000000
  0.17969697     -0.91588229     11.00110011      0.77219978E+03      0.89117345E-09      5.93000000
  0.18030303     -0.96263823     11.00110011      0.86402852E+03      0.99715034E-09      5.95000000
  0.18090909     -1.00560240     11.00110011      0.97525516E+03      0.11255138E-08      5.97000000
  0.18151515     -1.05958672     11.00110011      0.10732188E+04      0.12385708E-08      5.99000000
  0.18212121     -1.09816244     11.00110011      0.12236773E+04      0.14122106E-08      6.01000000
  0.18272727     -1.15823044     11.00110011      0.13278629E+04      0.15324482E-08      6.03000000
  0.18333333     -1.19156731     11.00110011      0.15323949E+04      0.17684927E-08      6.05000000
  0.18393939     -1.23625509     11.00110011      0.17228096E+04      0.19882447E-08      6.07000000
  0.18454545     -1.27932582     11.00110011      0.19441102E+04      0.22436414E-08      6.09000000
  0.18515152     -1.34051820     11.00110011      0.21041798E+04      0.24283730E-08      6.11000000
  0.18575758     -1.37448560     11.00110011      0.24247657E+04      0.27983520E-08      6.13000000
  0.18636364     -1.43853095     11.00110011      0.26072266E+04      0.30089248E-08      6.15000000
  0.18696970     -1.46411291     11.00110011      0.30630293E+04      0.35349536E-08      6.17000000
  0.18757576     -1.51974117     11.00110011      0.33579733E+04      0.38753399E-08      6.19000000
  0.18818182     -1.58484302     11.00110011      0.36018840E+04      0.41568302E-08      6.21000000
  0.18878788     -1.60732294     11.00110011      0.42619088E+04      0.49185457E-08      6.23000000
  0.18939394     -1.69169230     11.00110011      0.43730972E+04      0.50468651E-08      6.25000000
  0.19000000     -1.76416806     11.00110011      0.46117708E+04      0.53223114E-08      6.27000000
  0.19060606     -1.75358672     11.00110011      0.58884826E+04      0.67957275E-08      6.29000000
  0.19121212     -1.83486373     11.00110011      0.60852823E+04      0.70228484E-08      6.31000000
  0.19181818     -1.87442683     11.00110011      0.69226435E+04      0.79892227E-08      6.33000000
  0.19242424     -1.94221121     11.00110011      0.73797547E+04      0.85167615E-08      6.35000000
  0.19303030     -2.01905126     11.00110011      0.77047086E+04      0.88917815E-08      6.37000000
  0.19363636     -2.10174906     11.00110011      0.79362028E+04      0.91589423E-08      6.39000000
  0.19424242     -2.13246955     11.00110011      0.92139661E+04      0.10633572E-07      6.41000000
  0.19484848     -2.19339486     11.00110011      0.99787386E+04      0.11516174E-07      6.43000000
  0.19545455     -2.16552965     11.00110011      0.13258524E+05      0.15301280E-07      6.45000000
  0.19606061     -2.30969922     11.00110011      0.11854411E+05      0.13680833E-07      6.47000000
  0.19666667     -2.35659807     11.00110011      0.13259754E+05      0.15302698E-07      6.49000000
  0.19727273     -2.46411293     11.00110011      0.12899561E+05      0.14887011E-07      6.51000000
  0.19787879     -2.49442485     11.00110011      0.14990543E+05      0.17300152E-07      6.53000000
  0.19848485     -2.56840488     11.00110011      0.15754030E+05      0.18181271E-07      6.55000000
  0.19909091     -2.56224458     11.00110011      0.19911607E+05      0.22979410E-07      6.57000000
  0.19969697     -2.71453294     11.00110011      0.17473194E+05      0.20165308E-07      6.59000000
  0.20030303     -2.83371935     11.00110011      0.16547799E+05      0.19097336E-07      6.61000000
  0.20090909     -2.90835295     11.00110011      0.17364448E+05      0.20039807E-07      6.63000000
  0.20151515     -2.79025363     11.00110011      0.28399757E+05      0.32775339E-07      6.65000000
  0.20212121     -2.92214125     11.00110011      0.26120492E+05      0.30144905E-07      6.67000000
  0.20272727     -2.95110494     11.00110011      0.30448928E+05      0.35140227E-07      6.69000000
  0.20333333     -2.89498901     11.00110011      0.43175987E+05      0.49828159E-07      6.71000000
  0.20393939     -3.20938294     11.00110011      0.26085711E+05      0.30104765E-07      6.73000000
  0.20454545     -3.20938294     11.00110011      0.32505513E+05      0.37513673E-07      6.75000000
  0.20515152     -3.45926043     11.00110011      0.22784205E+05      0.26294592E-07      6.77000000
  0.20575758     -3.33432169     11.00110011      0.37855323E+05      0.43687734E-07      6.79000000
  0.20636364     -3.56840487     11.00110011      0.27516813E+05      0.31756358E-07      6.81000000
  0.20696970     -3.93638169     11.00110011      0.14695205E+05      0.16959311E-07      6.83000000
  0.20757576     -3.81144293     11.00110011      0.24415675E+05      0.28177425E-07      6.85000000
  0.20818182     -3.63535169     11.00110011      0.45636710E+05      0.52668008E-07      6.87000000
  0.20878788     -3.41350292     11.00110011      0.94780161E+05      0.10938304E-06      6.89000000
  0.20939394     -3.71453291     11.00110011      0.59052976E+05      0.68151332E-07      6.91000000
  0.21000000     -3.81144293     11.00110011      0.58868925E+05      0.67938925E-07      6.93000000
  0.21060606     -3.81144293     11.00110011      0.73356812E+05      0.84658976E-07      6.95000000
  0.21121212     -3.93638169     11.00110011      0.68557669E+05      0.79120423E-07      6.97000000
  0.21181818     -3.93638169     11.00110011      0.85429995E+05      0.98592287E-07      6.99000000
  0.21242424     -4.41350293     11.00110011      0.35484892E+05      0.40952087E-07      7.01000000
  0.21303030     -4.11247293     11.00110011      0.88435741E+05      0.10206113E-06      7.03000000
  0.21363636     -4.11247293     11.00110011      0.11020014E+06      0.12717880E-06      7.05000000
  0.21424242     -4.41350293     11.00110011      0.68660428E+05      0.79239015E-07      7.07000000
  0.21484848     -4.41350293     11.00110011      0.85558044E+05      0.98740065E-07      7.09000000
  0.21545455     -3.93638169     11.00110011      0.31984269E+06      0.36912120E-06      7.11000000
  0.21787879     -4.41350293     11.00110011      0.25705885E+06      0.29666418E-06      7.19000000
  0.22333333     -4.41350293     11.00110011      0.18621799E+07      0.21490880E-05      7.37000000
