  0.14515152     -3.90308997      2.00000000      0.10428561E-05      0.12035301E-17      4.79000000
  0.14636364     -3.90308997      2.00000000      0.11297125E-05      0.13037686E-17      4.83000000
  0.15121212     -3.60205997      2.00000000      0.31115170E-05      0.35909118E-17      4.99000000
  0.15181818     -3.90308997      2.00000000      0.16192502E-05      0.18687298E-17      5.01000000
  0.15363636     -3.90308997      2.00000000      0.18256995E-05      0.21069870E-17      5.07000000
  0.15424242     -3.42596873      2.00000000      0.57006229E-05      0.65789241E-17      5.09000000
  0.15484848     -3.60205997      2.00000000      0.39555133E-05      0.45649435E-17      5.11000000
  0.15545455     -3.42596873      2.00000000      0.61754111E-05      0.71268634E-17      5.13000000
  0.15606061     -3.60205997      2.00000000      0.42849564E-05      0.49451443E-17      5.15000000
  0.15666667     -3.60205997      2.00000000      0.44598288E-05      0.51469595E-17      5.17000000
  0.15727273     -3.42596873      2.00000000      0.69627565E-05      0.80355160E-17      5.19000000
  0.15787879     -3.60205997      2.00000000      0.48312749E-05      0.55756346E-17      5.21000000
  0.15848485     -3.12493873      2.00000000      0.15085328E-04      0.17409541E-16      5.23000000
  0.15909091     -3.30102998      2.00000000      0.10467315E-04      0.12080026E-16      5.25000000
  0.15969697     -3.12493873      2.00000000      0.16341741E-04      0.18859531E-16      5.27000000
  0.16030303     -2.90309000      2.00000000      0.28347766E-04      0.32715337E-16      5.29000000
  0.16090909     -2.75696194      2.00000000      0.41306526E-04      0.47670668E-16      5.31000000
  0.16151515     -2.72699874      2.00000000      0.46063152E-04      0.53160152E-16      5.33000000
  0.16212121     -2.75696194      2.00000000      0.44746826E-04      0.51641018E-16      5.35000000
  0.16272727     -2.58087070      2.00000000      0.69859465E-04      0.80622788E-16      5.37000000
  0.16333333     -2.56066731      2.00000000      0.76172888E-04      0.87908928E-16      5.39000000
  0.16393939     -2.69896998      2.00000000      0.57659321E-04      0.66542956E-16      5.41000000
  0.16454545     -2.56066731      2.00000000      0.82517104E-04      0.95230604E-16      5.43000000
  0.16515152     -2.24033215      2.00000000      0.17957708E-03      0.20724472E-15      5.45000000
  0.16575758     -2.24033215      2.00000000      0.18690576E-03      0.21570254E-15      5.47000000
  0.16636364     -2.21289392      2.00000000      0.20722050E-03      0.23914718E-15      5.49000000
  0.16696970     -2.12493875      2.00000000      0.26409468E-03      0.30478404E-15      5.51000000
  0.16757576     -2.19551982      2.00000000      0.23364170E-03      0.26963914E-15      5.53000000
  0.16818182     -2.10374943      2.00000000      0.30039489E-03      0.34667705E-15      5.55000000
  0.16878788     -1.94404860      2.00000000      0.45161165E-03      0.52119195E-15      5.57000000
  0.16939394     -1.90308998      2.00000000      0.51652999E-03      0.59611233E-15      5.59000000
  0.17000000     -1.93930216      2.00000000      0.49460117E-03      0.57080492E-15      5.61000000
  0.17060606     -1.86169730      2.00000000      0.61550527E-03      0.71033684E-15      5.63000000
  0.17121212     -1.81318486      2.00000000      0.71633471E-03      0.82670118E-15      5.65000000
  0.17181818     -1.79588000      2.00000000      0.77587658E-03      0.89541673E-15      5.67000000
  0.17242424     -1.74472751      2.00000000      0.90848321E-03      0.10484542E-14      5.69000000
  0.17303030     -1.70169288      2.00000000      0.10440549E-02      0.12049135E-14      5.71000000
  0.17363636     -1.72411306      2.00000000      0.10319886E-02      0.11909883E-14      5.73000000
  0.17424242     -1.55090748      2.00000000      0.16004875E-02      0.18470763E-14      5.75000000
  0.17484848     -1.48811665      2.00000000      0.19249297E-02      0.22215058E-14      5.77000000
  0.17545455     -1.45284087      2.00000000      0.21730136E-02      0.25078122E-14      5.79000000
  0.17606061     -1.41879014      2.00000000      0.24461605E-02      0.28230432E-14      5.81000000
  0.17666667     -1.37546007      2.00000000      0.28131106E-02      0.32465296E-14      5.83000000
  0.17727273     -1.32674863      2.00000000      0.32754428E-02      0.37800938E-14      5.85000000
  0.17787879     -1.29886392      2.00000000      0.36351849E-02      0.41952618E-14      5.87000000
  0.17848485     -1.24127731      2.00000000      0.43200115E-02      0.49856004E-14      5.89000000
  0.17909091     -1.18375871      2.00000000      0.51330475E-02      0.59239017E-14      5.91000000
  0.17969697     -1.18375871      2.00000000      0.53425311E-02      0.61656607E-14      5.93000000
  0.18030303     -1.14721514      2.00000000      0.60487051E-02      0.69806357E-14      5.95000000
  0.18090909     -1.11139933      2.00000000      0.68367548E-02      0.78901010E-14      5.97000000
  0.18151515     -1.05305673      2.00000000      0.81388751E-02      0.93928404E-14      5.99000000
  0.18212121     -1.01772876      2.00000000      0.91889127E-02      0.10604658E-13      6.01000000
  0.18272727     -0.99621646      2.00000000      0.10049587E-01      0.11597938E-13      6.03000000
  0.18333333     -0.95762139      2.00000000      0.11431812E-01      0.13193123E-13      6.05000000
  0.18393939     -0.95126696      2.00000000      0.12073725E-01      0.13933936E-13      6.07000000
  0.18454545     -0.88898967      2.00000000      0.14504085E-01      0.16738745E-13      6.09000000
  0.18515152     -0.86248763      2.00000000      0.16045903E-01      0.18518112E-13      6.11000000
  0.18575758     -0.84504375      2.00000000      0.17385205E-01      0.20063762E-13      6.13000000
  0.18636364     -0.78847899      2.00000000      0.20611821E-01      0.23787506E-13      6.15000000
  0.18696970     -0.76763927      2.00000000      0.22507531E-01      0.25975290E-13      6.17000000
  0.18757576     -0.74112336      2.00000000      0.24900928E-01      0.28737441E-13      6.19000000
  0.18818182     -0.70060167      2.00000000      0.28451751E-01      0.32835344E-13      6.21000000
  0.18878788     -0.69626411      2.00000000      0.29910134E-01      0.34518420E-13      6.23000000
  0.18939394     -0.66756153      2.00000000      0.33257738E-01      0.38381794E-13      6.25000000
  0.19000000     -0.64111381      2.00000000      0.36788511E-01      0.42456557E-13      6.27000000
  0.19060606     -0.60994851      2.00000000      0.41138579E-01      0.47476845E-13      6.29000000
  0.19121212     -0.60620552      2.00000000      0.43188096E-01      0.49842132E-13      6.31000000
  0.19181818     -0.58481789      2.00000000      0.47219727E-01      0.54494921E-13      6.33000000
  0.19242424     -0.53985417      2.00000000      0.54507840E-01      0.62905922E-13      6.35000000
  0.19303030     -0.53929002      2.00000000      0.56806089E-01      0.65558265E-13      6.37000000
  0.19363636     -0.51056888      2.00000000      0.63166646E-01      0.72898799E-13      6.39000000
  0.19424242     -0.48214459      2.00000000      0.70191396E-01      0.81005860E-13      6.41000000
  0.19484848     -0.46438945      2.00000000      0.76104582E-01      0.87830098E-13      6.43000000
  0.19545455     -0.43696412      2.00000000      0.84373858E-01      0.97373430E-13      6.45000000
  0.19606061     -0.43459496      2.00000000      0.88297589E-01      0.10190169E-12      6.47000000
  0.19666667     -0.42293927      2.00000000      0.94400939E-01      0.10894539E-12      6.49000000
  0.19727273     -0.41453928      2.00000000      0.10017240E+00      0.11560607E-12      6.51000000
  0.19787879     -0.39214303      2.00000000      0.10977820E+00      0.12669185E-12      6.53000000
  0.19848485     -0.37199443      2.00000000      0.11968411E+00      0.13812397E-12      6.55000000
  0.19909091     -0.35864985      2.00000000      0.12845555E+00      0.14824683E-12      6.57000000
  0.19969697     -0.33336503      2.00000000      0.14171292E+00      0.16354679E-12      6.59000000
  0.20030303     -0.32387820      2.00000000      0.15075373E+00      0.17398052E-12      6.61000000
  0.20090909     -0.30726320      2.00000000      0.16302524E+00      0.18814271E-12      6.63000000
  0.20151515     -0.29595679      2.00000000      0.17415383E+00      0.20098590E-12      6.65000000
  0.20212121     -0.28139453      2.00000000      0.18744207E+00      0.21632147E-12      6.67000000
  0.20272727     -0.28368356      2.00000000      0.19406616E+00      0.22396615E-12      6.69000000
  0.20333333     -0.27063270      2.00000000      0.20814811E+00      0.24021771E-12      6.71000000
  0.20393939     -0.24900977      2.00000000      0.22770217E+00      0.26278449E-12      6.73000000
  0.20454545     -0.26320526      2.00000000      0.22937362E+00      0.26471346E-12      6.75000000
  0.20515152     -0.25210287      2.00000000      0.24491627E+00      0.28265078E-12      6.77000000
  0.20575758     -0.23219505      2.00000000      0.26686845E+00      0.30798516E-12      6.79000000
  0.20636364     -0.23173199      2.00000000      0.27805587E+00      0.32089624E-12      6.81000000
  0.20696970     -0.22933206      2.00000000      0.29100723E+00      0.33584303E-12      6.83000000
  0.20757576     -0.21842414      2.00000000      0.31058715E+00      0.35843965E-12      6.85000000
  0.20818182     -0.20368590      2.00000000      0.33442097E+00      0.38594557E-12      6.87000000
  0.20878788     -0.20403314      2.00000000      0.34779076E+00      0.40137526E-12      6.89000000
  0.20939394     -0.19221137      2.00000000      0.37197314E+00      0.42928345E-12      6.91000000
  0.21000000     -0.19919702      2.00000000      0.38097609E+00      0.43967348E-12      6.93000000
  0.21060606     -0.18616892      2.00000000      0.40859928E+00      0.47155262E-12      6.95000000
  0.21121212     -0.18127937      2.00000000      0.43008958E+00      0.49635395E-12      6.97000000
  0.21181818     -0.19102985      2.00000000      0.43770370E+00      0.50514118E-12      6.99000000
  0.21242424     -0.18575240      2.00000000      0.46113645E+00      0.53218425E-12      7.01000000
  0.21303030     -0.17198495      2.00000000      0.49541446E+00      0.57174351E-12      7.03000000
  0.21363636     -0.18508682      2.00000000      0.50030932E+00      0.57739252E-12      7.05000000
  0.21424242     -0.18053834      2.00000000      0.52620970E+00      0.60728340E-12      7.07000000
  0.21484848     -0.17457386      2.00000000      0.55525836E+00      0.64080762E-12      7.09000000
  0.21545455     -0.19449914      2.00000000      0.55200321E+00      0.63705095E-12      7.11000000
  0.21606061     -0.17368220      2.00000000      0.60274044E+00      0.69560531E-12      7.13000000
  0.21666667     -0.19018785      2.00000000      0.60394370E+00      0.69699396E-12      7.15000000
  0.21727273     -0.18725372      2.00000000      0.63285231E+00      0.73035655E-12      7.17000000
  0.21787879     -0.19432928      2.00000000      0.64803519E+00      0.74787867E-12      7.19000000
  0.21848485     -0.19128275      2.00000000      0.67923005E+00      0.78387977E-12      7.21000000
  0.21909091     -0.18943148      2.00000000      0.70996992E+00      0.81935575E-12      7.23000000
  0.21969697     -0.19517931      2.00000000      0.72922893E+00      0.84158202E-12      7.25000000
  0.22030303     -0.21147812      2.00000000      0.73103279E+00      0.84366381E-12      7.27000000
  0.22090909     -0.20971485      2.00000000      0.76396228E+00      0.88166677E-12      7.29000000
  0.22151515     -0.21833434      2.00000000      0.77951450E+00      0.89961514E-12      7.31000000
  0.22212121     -0.21806520      2.00000000      0.81183004E+00      0.93690958E-12      7.33000000
  0.22272727     -0.22484482      2.00000000      0.83187349E+00      0.96004114E-12      7.35000000
  0.22333333     -0.24660848      2.00000000      0.82350341E+00      0.95038147E-12      7.37000000
  0.22393939     -0.23948326      2.00000000      0.87128933E+00      0.10055298E-11      7.39000000
  0.22454545     -0.25551144      2.00000000      0.87398906E+00      0.10086455E-11      7.41000000
  0.22515152     -0.25219993      2.00000000      0.91661992E+00      0.10578445E-11      7.43000000
  0.22575758     -0.26800855      2.00000000      0.91992505E+00      0.10616589E-11      7.45000000
  0.22636364     -0.26460074      2.00000000      0.96501049E+00      0.11136907E-11      7.47000000
  0.22696970     -0.29168536      2.00000000      0.94366792E+00      0.10890599E-11      7.49000000
  0.22757576     -0.29126050      2.00000000      0.98314106E+00      0.11346147E-11      7.51000000
  0.22818182     -0.28935382      2.00000000      0.10277661E+01      0.11861151E-11      7.53000000
  0.22878788     -0.30200827      2.00000000      0.10389906E+01      0.11990690E-11      7.55000000
  0.22939394     -0.31058013      2.00000000      0.10602580E+01      0.12236131E-11      7.57000000
  0.23000000     -0.31571580      2.00000000      0.10905552E+01      0.12585782E-11      7.59000000
  0.23060606     -0.34654628      2.00000000      0.10572774E+01      0.12201733E-11      7.61000000
  0.23121212     -0.33747827      2.00000000      0.11236440E+01      0.12967651E-11      7.63000000
  0.23181818     -0.35889789      2.00000000      0.11132198E+01      0.12847347E-11      7.65000000
  0.23242424     -0.36703682      2.00000000      0.11371395E+01      0.13123398E-11      7.67000000
  0.23303030     -0.38182110      2.00000000      0.11439347E+01      0.13201820E-11      7.69000000
  0.23363636     -0.40588381      2.00000000      0.11264458E+01      0.12999986E-11      7.71000000
  0.23424242     -0.41341269      2.00000000      0.11522672E+01      0.13297983E-11      7.73000000
  0.23484848     -0.43637063      2.00000000      0.11375410E+01      0.13128032E-11      7.75000000
  0.23545455     -0.42945705      2.00000000      0.12029634E+01      0.13883053E-11      7.77000000
  0.23606061     -0.45392026      2.00000000      0.11834802E+01      0.13658202E-11      7.79000000
  0.23666667     -0.46312606      2.00000000      0.12059435E+01      0.13917445E-11      7.81000000
  0.23727273     -0.48811665      2.00000000      0.11849722E+01      0.13675421E-11      7.83000000
  0.23787879     -0.50445567      2.00000000      0.11877934E+01      0.13707980E-11      7.85000000
  0.23848485     -0.52505566      2.00000000      0.11789970E+01      0.13606463E-11      7.87000000
  0.23909091     -0.52432882      2.00000000      0.12291682E+01      0.14185475E-11      7.89000000
  0.23969697     -0.52505566      2.00000000      0.12771922E+01      0.14739706E-11      7.91000000
  0.24030303     -0.57777961      2.00000000      0.11773459E+01      0.13587409E-11      7.93000000
  0.24090909     -0.56683045      2.00000000      0.12566809E+01      0.14502991E-11      7.95000000
  0.24151515     -0.59388578      2.00000000      0.12289705E+01      0.14183194E-11      7.97000000
  0.24212121     -0.58901197      2.00000000      0.12935614E+01      0.14928619E-11      7.99000000
  0.24272727     -0.61528824      2.00000000      0.12673092E+01      0.14625649E-11      8.01000000
  0.24333333     -0.64182711      2.00000000      0.12408391E+01      0.14320166E-11      8.03000000
  0.24393939     -0.65585345      2.00000000      0.12504344E+01      0.14430902E-11      8.05000000
  0.24454545     -0.68115437      2.00000000      0.12278117E+01      0.14169820E-11      8.07000000
  0.24515152     -0.68745242      2.00000000      0.12595213E+01      0.14535771E-11      8.09000000
  0.24575758     -0.71108040      2.00000000      0.12415074E+01      0.14327878E-11      8.11000000
  0.24636364     -0.71896663      2.00000000      0.12689218E+01      0.14644260E-11      8.13000000
  0.24696970     -0.75019038      2.00000000      0.12290878E+01      0.14184547E-11      8.15000000
  0.24757576     -0.79757981      2.00000000      0.11470048E+01      0.13237251E-11      8.17000000
  0.24818182     -0.79082023      2.00000000      0.12125415E+01      0.13993590E-11      8.19000000
  0.24878788     -0.81212690      2.00000000      0.12016050E+01      0.13867375E-11      8.21000000
  0.24939394     -0.82102307      2.00000000      0.12252856E+01      0.14140666E-11      8.23000000
  0.25000000     -0.85193746      2.00000000      0.11876670E+01      0.13706522E-11      8.25000000
  0.25060606     -0.88605666      2.00000000      0.11427396E+01      0.13188027E-11      8.27000000
  0.25121212     -0.88605666      2.00000000      0.11893757E+01      0.13726241E-11      8.29000000
  0.25181818     -0.91186390      2.00000000      0.11664969E+01      0.13462204E-11      8.31000000
  0.25242424     -0.91991491      2.00000000      0.11918027E+01      0.13754251E-11      8.33000000
  0.25303030     -0.97469414      2.00000000      0.10934449E+01      0.12619132E-11      8.35000000
  0.25363636     -0.97726242      2.00000000      0.11313590E+01      0.13056687E-11      8.37000000
  0.25424242     -0.98453546      2.00000000      0.11579749E+01      0.13363854E-11      8.39000000
  0.25484848     -1.02342077      2.00000000      0.11020102E+01      0.12717982E-11      8.41000000
  0.25545455     -1.06298391      2.00000000      0.10471147E+01      0.12084448E-11      8.43000000
  0.25606061     -1.05675286      2.00000000      0.11055976E+01      0.12759383E-11      8.45000000
  0.25666667     -1.10651566      2.00000000      0.10261387E+01      0.11842370E-11      8.47000000
  0.25727273     -1.09758913      2.00000000      0.10901955E+01      0.12581631E-11      8.49000000
  0.25787879     -1.09895054      2.00000000      0.11311358E+01      0.13054112E-11      8.51000000
  0.25848485     -1.15645577      2.00000000      0.10312912E+01      0.11901834E-11      8.53000000
  0.25909091     -1.16909070      2.00000000      0.10426010E+01      0.12032357E-11      8.55000000
  0.25969697     -1.20065944      2.00000000      0.10090698E+01      0.11645382E-11      8.57000000
  0.26030303     -1.23191713      2.00000000      0.97731661E+00      0.11278928E-11      8.59000000
  0.26090909     -1.24603414      2.00000000      0.98466852E+00      0.11363775E-11      8.61000000
  0.26151515     -1.30102999      2.00000000      0.90295474E+00      0.10420740E-11      8.63000000
  0.26212121     -1.32102662      2.00000000      0.89751378E+00      0.10357947E-11      8.65000000
  0.26272727     -1.33606364      2.00000000      0.90235181E+00      0.10413781E-11      8.67000000
  0.26333333     -1.33371609      2.00000000      0.94426789E+00      0.10897523E-11      8.69000000
  0.26393939     -1.38854224      2.00000000      0.86624521E+00      0.99970855E-12      8.71000000
  0.26454545     -1.41032961      2.00000000      0.85748248E+00      0.98959574E-12      8.73000000
  0.26515152     -1.42021642      2.00000000      0.87238910E+00      0.10067990E-11      8.75000000
  0.26575758     -1.42887371      2.00000000      0.89007113E+00      0.10272054E-11      8.77000000
  0.26636364     -1.45130356      2.00000000      0.87976493E+00      0.10153113E-11      8.79000000
  0.26696970     -1.48979022      2.00000000      0.83801495E+00      0.96712883E-12      8.81000000
  0.26757576     -1.57675413      2.00000000      0.71393658E+00      0.82393357E-12      8.83000000
  0.26818182     -1.57880754      2.00000000      0.73956782E+00      0.85351383E-12      8.85000000
  0.26878788     -1.55673701      2.00000000      0.80987933E+00      0.93465832E-12      8.87000000
  0.26939394     -1.59133613      2.00000000      0.77838234E+00      0.89830855E-12      8.89000000
  0.27000000     -1.65511672      2.00000000      0.69949428E+00      0.80726612E-12      8.91000000
  0.27060606     -1.66756153      2.00000000      0.70747506E+00      0.81647652E-12      8.93000000
  0.27121212     -1.76321091      2.00000000      0.59079054E+00      0.68181428E-12      8.95000000
  0.27181818     -1.74472751      2.00000000      0.64163598E+00      0.74049353E-12      8.97000000
  0.27242424     -1.75696195      2.00000000      0.64927107E+00      0.74930497E-12      8.99000000
  0.27303030     -1.71839856      2.00000000      0.73851822E+00      0.85230253E-12      9.01000000
  0.27363636     -1.78914665      2.00000000      0.65310786E+00      0.75373289E-12      9.03000000
  0.27424242     -1.83863201      2.00000000      0.60655659E+00      0.70000943E-12      9.05000000
  0.27484848     -1.80966831      2.00000000      0.67484931E+00      0.77882408E-12      9.07000000
  0.27545455     -1.82030462      2.00000000      0.68539712E+00      0.79099700E-12      9.09000000
  0.27606061     -1.93460703      2.00000000      0.54829167E+00      0.63276756E-12      9.11000000
  0.27666667     -1.92081875      2.00000000      0.58907651E+00      0.67983617E-12      9.13000000
  0.27727273     -1.97367106      2.00000000      0.54286417E+00      0.62650384E-12      9.15000000
  0.27787879     -1.97881071      2.00000000      0.55837158E+00      0.64440050E-12      9.17000000
  0.27848485     -2.05183162      2.00000000      0.49121788E+00      0.56690036E-12      9.19000000
  0.27909091     -2.11776015      2.00000000      0.43925572E+00      0.50693233E-12      9.21000000
  0.27969697     -2.04575751      2.00000000      0.53962473E+00      0.62276530E-12      9.23000000
  0.28030303     -2.02802871      2.00000000      0.58504925E+00      0.67518842E-12      9.25000000
  0.28090909     -2.07058105      2.00000000      0.55209251E+00      0.63715401E-12      9.27000000
  0.28151515     -2.16272730      2.00000000      0.46476925E+00      0.53637676E-12      9.29000000
  0.28212121     -2.19551982      2.00000000      0.44855598E+00      0.51766549E-12      9.31000000
  0.28272727     -2.17069622      2.00000000      0.49432438E+00      0.57048548E-12      9.33000000
  0.28333333     -2.37161105      2.00000000      0.32394328E+00      0.37385358E-12      9.35000000
  0.28393939     -2.33488826      2.00000000      0.36691338E+00      0.42344412E-12      9.37000000
  0.28454545     -2.45593194      2.00000000      0.28899587E+00      0.33352178E-12      9.39000000
  0.28515152     -2.39793999      2.00000000      0.34376003E+00      0.39672351E-12      9.41000000
  0.28575758     -2.37161105      2.00000000      0.38015097E+00      0.43872124E-12      9.43000000
  0.28636364     -2.48811663      2.00000000      0.30256751E+00      0.34918442E-12      9.45000000
  0.28696970     -2.45593194      2.00000000      0.33913980E+00      0.39139144E-12      9.47000000
  0.28757576     -2.54136215      2.00000000      0.28994814E+00      0.33462077E-12      9.49000000
  0.28818182     -2.45593194      2.00000000      0.36738576E+00      0.42398928E-12      9.51000000
  0.28878788     -2.47172621      2.00000000      0.36872266E+00      0.42553216E-12      9.53000000
  0.28939394     -2.56066731      2.00000000      0.31270189E+00      0.36088021E-12      9.55000000
  0.29000000     -2.69896998      2.00000000      0.23670074E+00      0.27316948E-12      9.57000000
  0.29060606     -2.64781750      2.00000000      0.27715574E+00      0.31985743E-12      9.59000000
  0.29121212     -2.54136215      2.00000000      0.36859633E+00      0.42538637E-12      9.61000000
  0.29181818     -2.67264104      2.00000000      0.28355930E+00      0.32724759E-12      9.63000000
  0.29242424     -2.62433640      2.00000000      0.32985291E+00      0.38067370E-12      9.65000000
  0.29303030     -2.82390874      2.00000000      0.21683019E+00      0.25023746E-12      9.67000000
  0.29363636     -2.78914663      2.00000000      0.24448580E+00      0.28215400E-12      9.69000000
  0.29424242     -3.05799193      2.00000000      0.13701879E+00      0.15812942E-12      9.71000000
  0.29484848     -2.75696194      2.00000000      0.28522126E+00      0.32916561E-12      9.73000000
  0.29545455     -2.78914663      2.00000000      0.27565698E+00      0.31812775E-12      9.75000000
  0.29606061     -2.82390874      2.00000000      0.26483700E+00      0.30564072E-12      9.77000000
  0.29666667     -3.12493873      2.00000000      0.13782260E+00      0.15905708E-12      9.79000000
  0.29727273     -2.75696194      2.00000000      0.33471025E+00      0.38627942E-12      9.81000000
  0.29787879     -2.99999998      2.00000000      0.19906859E+00      0.22973931E-12      9.83000000
  0.29848485     -2.78914663      2.00000000      0.33668819E+00      0.38856211E-12      9.85000000
  0.29909091     -3.12493873      2.00000000      0.16173632E+00      0.18665521E-12      9.87000000
  0.29969697     -2.86169730      2.00000000      0.30861765E+00      0.35616671E-12      9.89000000
  0.30030303     -3.30102998      2.00000000      0.11680458E+00      0.13480079E-12      9.91000000
  0.30090909     -3.12493873      2.00000000      0.18235719E+00      0.21045316E-12      9.93000000
  0.30151515     -3.30102998      2.00000000      0.12653289E+00      0.14602795E-12      9.95000000
  0.30212121     -3.30102998      2.00000000      0.13169680E+00      0.15198746E-12      9.97000000
  0.30272727     -3.30102998      2.00000000      0.13707144E+00      0.15819019E-12      9.99000000
  0.30333333     -3.30102998      2.00000000      0.14266544E+00      0.16464605E-12     10.01000000
  0.30393939     -3.12493873      2.00000000      0.22273158E+00      0.25704807E-12     10.03000000
  0.30454545     -3.12493873      2.00000000      0.23182142E+00      0.26753840E-12     10.05000000
  0.30515152     -3.42596873      2.00000000      0.12064112E+00      0.13922843E-12     10.07000000
  0.30575758     -3.42596873      2.00000000      0.12556458E+00      0.14491045E-12     10.09000000
  0.30636364     -3.60205997      2.00000000      0.87125978E-01      0.10054957E-12     10.11000000
  0.30696970     -3.90308997      2.00000000      0.45340829E-01      0.52326539E-13     10.13000000
  0.30757576     -3.60205997      2.00000000      0.94382446E-01      0.10892405E-12     10.15000000
  0.30818182     -3.60205997      2.00000000      0.98234266E-01      0.11336933E-12     10.17000000
  0.30878788     -3.60205997      2.00000000      0.10224328E+00      0.11799602E-12     10.19000000
  0.30939394     -3.90308997      2.00000000      0.53207955E-01      0.61405763E-13     10.21000000
  0.31181818     -3.60205997      2.00000000      0.12488023E+00      0.14412066E-12     10.29000000
  0.31242424     -3.90308997      2.00000000      0.64988343E-01      0.75001168E-13     10.31000000
  0.31363636     -3.42596873      2.00000000      0.21120309E+00      0.24374338E-12     10.35000000
  0.31424242     -3.90308997      2.00000000      0.73274152E-01      0.84563581E-13     10.37000000
  0.31545455     -3.90308997      2.00000000      0.79376942E-01      0.91606633E-13     10.41000000
  0.31606061     -3.60205997      2.00000000      0.16523275E+00      0.19069034E-12     10.43000000
  0.31666667     -3.60205997      2.00000000      0.17197603E+00      0.19847256E-12     10.45000000
  0.32454545     -3.90308997      2.00000000      0.14463422E+00      0.16691817E-12     10.71000000
  0.32636364     -3.90308997      2.00000000      0.16307463E+00      0.18819971E-12     10.77000000
