  0.11606061     -4.39321325      9.00090009      0.19406964E-10      0.22397016E-22      3.83000000
  0.11969697     -4.39321325      9.00090009      0.57153462E-10      0.65959158E-22      3.95000000
  0.12030303     -3.91609200      9.00090009      0.20527905E-09      0.23690661E-21      3.97000000
  0.12090909     -4.39321325      9.00090009      0.81922687E-10      0.94544605E-22      3.99000000
  0.12151515     -4.39321325      9.00090009      0.98081030E-10      0.11319248E-21      4.01000000
  0.12212121     -4.39321325      9.00090009      0.11742643E-09      0.13551844E-21      4.03000000
  0.12272727     -4.09218326      9.00090009      0.28117497E-09      0.32449591E-21      4.05000000
  0.12333333     -3.54811518      9.00090009      0.11782178E-08      0.13597470E-20      4.07000000
  0.12393939     -3.21712200      9.00090009      0.30227315E-08      0.34884470E-20      4.09000000
  0.12454545     -3.05079055      9.00090009      0.53077669E-08      0.61255403E-20      4.11000000
  0.12515152     -3.01300201      9.00090009      0.69323616E-08      0.80004381E-20      4.13000000
  0.12575758     -3.03148539      9.00090009      0.79538729E-08      0.91793348E-20      4.15000000
  0.12636364     -2.80214865      9.00090009      0.16147163E-07      0.18634974E-19      4.17000000
  0.12696970     -2.72111539      9.00090009      0.23297553E-07      0.26887032E-19      4.19000000
  0.12757576     -2.63733840      9.00090009      0.33827361E-07      0.39039180E-19      4.21000000
  0.12818182     -2.58703328      9.00090009      0.45473048E-07      0.52479130E-19      4.23000000
  0.12878788     -2.42473030      9.00090009      0.79111181E-07      0.91299926E-19      4.25000000
  0.12939394     -2.25967434      9.00090009      0.13850793E-06      0.15984800E-18      4.27000000
  0.13000000     -2.14279325      9.00090009      0.21703839E-06      0.25047774E-18      4.29000000
  0.13060606     -2.12604151      9.00090009      0.27006551E-06      0.31167480E-18      4.31000000
  0.13121212     -1.93836838      9.00090009      0.49810750E-06      0.57485147E-18      4.33000000
  0.13181818     -1.91464675      9.00090009      0.62983320E-06      0.72687228E-18      4.35000000
  0.13242424     -1.83811881      9.00090009      0.89936154E-06      0.10379271E-17      4.37000000
  0.13303030     -1.72296740      9.00090009      0.14036749E-05      0.16199406E-17      4.39000000
  0.13363636     -1.67388197      9.00090009      0.18816238E-05      0.21715276E-17      4.41000000
  0.13424242     -1.60363252      9.00090009      0.26482749E-05      0.30562975E-17      4.43000000
  0.13484848     -1.50955181      9.00090009      0.39375367E-05      0.45441972E-17      4.45000000
  0.13545455     -1.42426355      9.00090009      0.57371168E-05      0.66210406E-17      4.47000000
  0.13606061     -1.36627162      9.00090009      0.78499420E-05      0.90593911E-17      4.49000000
  0.13666667     -1.30189807      9.00090009      0.10899858E-04      0.12579210E-16      4.51000000
  0.13727273     -1.22002698      9.00090009      0.15756971E-04      0.18184665E-16      4.53000000
  0.13787879     -1.15617246      9.00090009      0.21852850E-04      0.25219742E-16      4.55000000
  0.13848485     -1.08337024      9.00090009      0.30937921E-04      0.35704560E-16      4.57000000
  0.13909091     -1.04141695      9.00090009      0.40796720E-04      0.47082314E-16      4.59000000
  0.13969697     -0.96816838      9.00090009      0.57816878E-04      0.66724787E-16      4.61000000
  0.14030303     -0.92089570      9.00090009      0.77180598E-04      0.89071897E-16      4.63000000
  0.14090909     -0.87813458      9.00090009      0.10196476E-03      0.11767458E-15      4.65000000
  0.14151515     -0.81012789      9.00090009      0.14277021E-03      0.16476697E-15      4.67000000
  0.14212121     -0.78458024      9.00090009      0.18128675E-03      0.20921780E-15      4.69000000
  0.14272727     -0.73865170      9.00090009      0.24125451E-03      0.27842485E-15      4.71000000
  0.14333333     -0.68157471      9.00090009      0.32940732E-03      0.38015947E-15      4.73000000
  0.14393939     -0.62769369      9.00090009      0.44647289E-03      0.51526146E-15      4.75000000
  0.14454545     -0.58968787      9.00090009      0.58342058E-03      0.67330882E-15      4.77000000
  0.14515152     -0.55260536      9.00090009      0.76075546E-03      0.87796588E-15      4.79000000
  0.14575758     -0.50790856      9.00090009      0.10095381E-02      0.11650787E-14      4.81000000
  0.14636364     -0.46955482      9.00090009      0.13202533E-02      0.15236662E-14      4.83000000
  0.14696970     -0.43493611      9.00090009      0.17118149E-02      0.19755561E-14      4.85000000
  0.14757576     -0.40207579      9.00090009      0.22105378E-02      0.25511178E-14      4.87000000
  0.14818182     -0.37772775      9.00090009      0.27991541E-02      0.32304228E-14      4.89000000
  0.14878788     -0.34906562      9.00090009      0.35798907E-02      0.41314484E-14      4.91000000
  0.14939394     -0.30639087      9.00090009      0.47285212E-02      0.54570496E-14      4.93000000
  0.15000000     -0.28876028      9.00090009      0.58957187E-02      0.68040785E-14      4.95000000
  0.15060606     -0.26371668      9.00090009      0.74775819E-02      0.86296611E-14      4.97000000
  0.15121212     -0.23361597      9.00090009      0.95949500E-02      0.11073254E-13      4.99000000
  0.15181818     -0.20529788      9.00090009      0.12261444E-01      0.14150578E-13      5.01000000
  0.15242424     -0.19137931      9.00090009      0.15157969E-01      0.17493374E-13      5.03000000
  0.15303030     -0.16576363      9.00090009      0.19250301E-01      0.22216216E-13      5.05000000
  0.15363636     -0.15637378      9.00090009      0.23550938E-01      0.27179456E-13      5.07000000
  0.15424242     -0.13474357      9.00090009      0.29635976E-01      0.34202023E-13      5.09000000
  0.15484848     -0.11450536      9.00090009      0.37173913E-01      0.42901338E-13      5.11000000
  0.15545455     -0.11174808      9.00090009      0.44789517E-01      0.51690287E-13      5.13000000
  0.15606061     -0.08766841      9.00090009      0.56680918E-01      0.65413809E-13      5.15000000
  0.15666667     -0.08010565      9.00090009      0.69052667E-01      0.79691686E-13      5.17000000
  0.15727273     -0.06603828      9.00090009      0.85394254E-01      0.98551040E-13      5.19000000
  0.15787879     -0.05739441      9.00090009      0.10429257E+00      0.12036104E-12      5.21000000
  0.15848485     -0.04952899      9.00090009      0.12714509E+00      0.14673447E-12      5.23000000
  0.15909091     -0.04062556      9.00090009      0.15537597E+00      0.17931491E-12      5.25000000
  0.15969697     -0.03345362      9.00090009      0.18911963E+00      0.21825750E-12      5.27000000
  0.16030303     -0.02433159      9.00090009      0.23122749E+00      0.26685297E-12      5.29000000
  0.16090909     -0.01976790      9.00090009      0.27975895E+00      0.32286171E-12      5.31000000
  0.16151515     -0.01696487      9.00090009      0.33710705E+00      0.38904550E-12      5.33000000
  0.16212121     -0.01399839      9.00090009      0.40636392E+00      0.46897286E-12      5.35000000
  0.16272727     -0.01379895      9.00090009      0.48673818E+00      0.56173046E-12      5.37000000
  0.16333333     -0.01296582      9.00090009      0.58386087E+00      0.67381694E-12      5.39000000
  0.16393939     -0.00918258      9.00090009      0.70513688E+00      0.81377809E-12      5.41000000
  0.16454545     -0.01300201      9.00090009      0.83682534E+00      0.96575593E-12      5.43000000
  0.16515152     -0.01585236      9.00090009      0.99532589E+00      0.11486768E-11      5.45000000
  0.16575758     -0.02096422      9.00090009      0.11776989E+01      0.13591482E-11      5.47000000
  0.16636364     -0.03116453      9.00090009      0.13772563E+01      0.15894517E-11      5.49000000
  0.16696970     -0.03148540      9.00090009      0.16476871E+01      0.19015480E-11      5.51000000
  0.16757576     -0.04081846      9.00090009      0.19307342E+01      0.22282045E-11      5.53000000
  0.16818182     -0.04087634      9.00090009      0.23112421E+01      0.26673377E-11      5.55000000
  0.16878788     -0.05346376      9.00090009      0.26880593E+01      0.31022115E-11      5.57000000
  0.16939394     -0.06215053      9.00090009      0.31545172E+01      0.36405371E-11      5.59000000
  0.17000000     -0.07429469      9.00090009      0.36725656E+01      0.42384018E-11      5.61000000
  0.17060606     -0.07741076      9.00090009      0.43655033E+01      0.50381011E-11      5.63000000
  0.17121212     -0.09372772      9.00090009      0.50338258E+01      0.58093928E-11      5.65000000
  0.17181818     -0.11018354      9.00090009      0.58026075E+01      0.66966216E-11      5.67000000
  0.17242424     -0.12662878      9.00090009      0.66889626E+01      0.77195384E-11      5.69000000
  0.17303030     -0.13649550      9.00090009      0.78283976E+01      0.90345274E-11      5.71000000
  0.17363636     -0.15097006      9.00090009      0.90652365E+01      0.10461927E-10      5.73000000
  0.17424242     -0.17205992      9.00090009      0.10338799E+02      0.11931709E-10      5.75000000
  0.17484848     -0.19189806      9.00090009      0.11825317E+02      0.13647257E-10      5.77000000
  0.17545455     -0.20020004      9.00090009      0.13889661E+02      0.16029656E-10      5.79000000
  0.17606061     -0.22037689      9.00090009      0.15874338E+02      0.18320114E-10      5.81000000
  0.17666667     -0.23512228      9.00090009      0.18370926E+02      0.21201354E-10      5.83000000
  0.17727273     -0.26018558      9.00090009      0.20761015E+02      0.23959687E-10      5.85000000
  0.17787879     -0.28944374      9.00090009      0.23236528E+02      0.26816605E-10      5.87000000
  0.17848485     -0.29972152      9.00090009      0.27169040E+02      0.31355003E-10      5.89000000
  0.17909091     -0.31971485      9.00090009      0.31064314E+02      0.35850427E-10      5.91000000
  0.17969697     -0.35150483      9.00090009      0.34566279E+02      0.39891943E-10      5.93000000
  0.18030303     -0.37045504      9.00090009      0.39617151E+02      0.45721009E-10      5.95000000
  0.18090909     -0.39438742      9.00090009      0.44888147E+02      0.51804113E-10      5.97000000
  0.18151515     -0.42314545      9.00090009      0.50298435E+02      0.58047970E-10      5.99000000
  0.18212121     -0.44314061      9.00090009      0.57509573E+02      0.66370136E-10      6.01000000
  0.18272727     -0.46579155      9.00090009      0.65353677E+02      0.75422790E-10      6.03000000
  0.18333333     -0.50734339      9.00090009      0.71104815E+02      0.82060012E-10      6.05000000
  0.18393939     -0.53138025      9.00090009      0.80545815E+02      0.92955596E-10      6.07000000
  0.18454545     -0.56140742      9.00090009      0.89990494E+02      0.10385543E-09      6.09000000
  0.18515152     -0.59016605      9.00090009      0.10083675E+03      0.11637277E-09      6.11000000
  0.18575758     -0.61441104      9.00090009      0.11417070E+03      0.13176110E-09      6.13000000
  0.18636364     -0.65048812      9.00090009      0.12579356E+03      0.14517471E-09      6.15000000
  0.18696970     -0.67437953      9.00090009      0.14254363E+03      0.16450549E-09      6.17000000
  0.18757576     -0.71224353      9.00090009      0.15641005E+03      0.18050831E-09      6.19000000
  0.18818182     -0.74387839      9.00090009      0.17410475E+03      0.20092926E-09      6.21000000
  0.18878788     -0.77600314      9.00090009      0.19358276E+03      0.22340827E-09      6.23000000
  0.18939394     -0.82173732      9.00090009      0.20859953E+03      0.24073869E-09      6.25000000
  0.19000000     -0.83438470      9.00090009      0.24257541E+03      0.27994927E-09      6.27000000
  0.19060606     -0.87786933      9.00090009      0.26275015E+03      0.30323235E-09      6.29000000
  0.19121212     -0.92917105      9.00090009      0.27952591E+03      0.32259278E-09      6.31000000
  0.19181818     -0.97095178      9.00090009      0.30396402E+03      0.35079608E-09      6.33000000
  0.19242424     -0.99893670      9.00090009      0.34120711E+03      0.39377726E-09      6.35000000
  0.19303030     -1.02233022      9.00090009      0.38708414E+03      0.44672262E-09      6.37000000
  0.19363636     -1.09786610      9.00090009      0.38944876E+03      0.44945155E-09      6.39000000
  0.19424242     -1.14401487      9.00090009      0.41925898E+03      0.48385467E-09      6.41000000
  0.19484848     -1.15241447      9.00090009      0.49233828E+03      0.56819337E-09      6.43000000
  0.19545455     -1.19291005      9.00090009      0.53696855E+03      0.61969988E-09      6.45000000
  0.19606061     -1.23939839      9.00090009      0.57761882E+03      0.66661318E-09      6.47000000
  0.19666667     -1.28195073      9.00090009      0.62700329E+03      0.72360637E-09      6.49000000
  0.19727273     -1.31330878      9.00090009      0.69838129E+03      0.80598165E-09      6.51000000
  0.19787879     -1.35340267      9.00090009      0.76239410E+03      0.87985699E-09      6.53000000
  0.19848485     -1.40021816      9.00090009      0.81949227E+03      0.94575233E-09      6.55000000
  0.19909091     -1.45269678      9.00090009      0.86945492E+03      0.10034128E-08      6.57000000
  0.19969697     -1.51182857      9.00090009      0.90843969E+03      0.10484040E-08      6.59000000
  0.20030303     -1.56198354      9.00090009      0.96899593E+03      0.11182902E-08      6.61000000
  0.20090909     -1.59456259      9.00090009      0.10762762E+04      0.12420992E-08      6.63000000
  0.20151515     -1.64270485      9.00090009      0.11533531E+04      0.13310515E-08      6.65000000
  0.20212121     -1.69948630      9.00090009      0.12116067E+04      0.13982803E-08      6.67000000
  0.20272727     -1.76584740      9.00090009      0.12450345E+04      0.14368583E-08      6.69000000
  0.20333333     -1.76893114      9.00090009      0.14800571E+04      0.17080912E-08      6.71000000
  0.20393939     -1.80438152      9.00090009      0.16330855E+04      0.18846968E-08      6.73000000
  0.20454545     -1.87076900      9.00090009      0.16780399E+04      0.19365773E-08      6.75000000
  0.20515152     -1.91754204      9.00090009      0.18038900E+04      0.20818173E-08      6.77000000
  0.20575758     -2.02030123      9.00090009      0.17046362E+04      0.19672713E-08      6.79000000
  0.20636364     -2.02585731      9.00090009      0.20149137E+04      0.23253536E-08      6.81000000
  0.20696970     -2.12370031      9.00090009      0.19257250E+04      0.22224235E-08      6.83000000
  0.20757576     -2.12370031      9.00090009      0.23055529E+04      0.26607719E-08      6.85000000
  0.20818182     -2.22002697      9.00090009      0.22112062E+04      0.25518892E-08      6.87000000
  0.20878788     -2.23787720      9.00090009      0.25407378E+04      0.29321920E-08      6.89000000
  0.20939394     -2.25019845      9.00090009      0.29567828E+04      0.34123375E-08      6.91000000
  0.21000000     -2.39757804      9.00090009      0.25212775E+04      0.29097335E-08      6.93000000
  0.21060606     -2.42473030      9.00090009      0.28356278E+04      0.32725160E-08      6.95000000
  0.21121212     -2.42942540      9.00090009      0.33584195E+04      0.38758548E-08      6.97000000
  0.21181818     -2.46893395      9.00090009      0.36711930E+04      0.42368177E-08      6.99000000
  0.21242424     -2.57366930      9.00090009      0.34534462E+04      0.39855224E-08      7.01000000
  0.21303030     -2.66893739      9.00090009      0.33202091E+04      0.38317573E-08      7.03000000
  0.21363636     -2.71197202      9.00090009      0.36000756E+04      0.41547432E-08      7.05000000
  0.21424242     -2.69424325      9.00090009      0.44897403E+04      0.51814795E-08      7.07000000
  0.21484848     -2.88806328      9.00090009      0.34401867E+04      0.39702200E-08      7.09000000
  0.21545455     -2.84914519      9.00090009      0.45048562E+04      0.51989243E-08      7.11000000
  0.21606061     -2.93081524      9.00090009      0.44688080E+04      0.51573222E-08      7.13000000
  0.21666667     -2.90185154      9.00090009      0.57192124E+04      0.66003777E-08      7.15000000
  0.21727273     -3.01300201      9.00090009      0.53011071E+04      0.61178545E-08      7.17000000
  0.21787879     -3.13794074      9.00090009      0.47600189E+04      0.54934002E-08      7.19000000
  0.21848485     -3.11445964      9.00090009      0.60154843E+04      0.69422966E-08      7.21000000
  0.21909091     -3.27926987      9.00090009      0.49276652E+04      0.56868760E-08      7.23000000
  0.21969697     -3.18909327      9.00090009      0.72610365E+04      0.83797523E-08      7.25000000
  0.22030303     -3.43897074      9.00090009      0.48899225E+04      0.56433182E-08      7.27000000
  0.22090909     -3.21712200      9.00090009      0.97573423E+04      0.11260667E-07      7.29000000
  0.22151515     -3.54811518      9.00090009      0.54515398E+04      0.62914644E-08      7.31000000
  0.22212121     -3.69424323      9.00090009      0.46619966E+04      0.53802755E-08      7.33000000
  0.22272727     -3.79115326      9.00090009      0.44652189E+04      0.51531800E-08      7.35000000
  0.22333333     -3.91609200      9.00090009      0.40094504E+04      0.46271907E-08      7.37000000
  0.22393939     -3.91609200      9.00090009      0.48002700E+04      0.55398528E-08      7.39000000
  0.22454545     -4.09218326      9.00090009      0.38313800E+04      0.44216849E-08      7.41000000
  0.22515152     -3.91609200      9.00090009      0.68806159E+04      0.79407199E-08      7.43000000
  0.22575758     -4.09218326      9.00090009      0.54918274E+04      0.63379592E-08      7.45000000
  0.22636364     -4.09218326      9.00090009      0.65750295E+04      0.75880515E-08      7.47000000
  0.22696970     -4.09218326      9.00090009      0.78718812E+04      0.90847105E-08      7.49000000
  0.22757576     -3.61506200      9.00090009      0.28273568E+05      0.32629707E-07      7.51000000
  0.22878788     -4.39321325      9.00090009      0.67544658E+04      0.77951337E-08      7.55000000
  0.23060606     -4.09218326      9.00090009      0.23182671E+05      0.26754451E-07      7.61000000
  0.23181818     -4.09218326      9.00090009      0.33229601E+05      0.38349322E-07      7.65000000
  0.23242424     -4.39321325      9.00090009      0.19891886E+05      0.22956650E-07      7.67000000
  0.23424242     -4.39321325      9.00090009      0.34136456E+05      0.39395897E-07      7.73000000
  0.23848485     -4.39321325      9.00090009      0.12036056E+06      0.13890464E-06      7.87000000
