  0.14515152     -3.90308997      1.49992500      0.27537082E-05      0.31779750E-17      4.79000000
  0.15242424     -3.90308997      1.49992500      0.39468999E-05      0.45550031E-17      5.03000000
  0.15303030     -3.90308997      1.49992500      0.40670948E-05      0.46937165E-17      5.05000000
  0.15363636     -3.60205997      1.49992500      0.83819000E-05      0.96733084E-17      5.07000000
  0.15424242     -3.90308997      1.49992500      0.43185769E-05      0.49839448E-17      5.09000000
  0.15545455     -3.60205997      1.49992500      0.91712181E-05      0.10584238E-16      5.13000000
  0.15606061     -3.90308997      1.49992500      0.47252546E-05      0.54532797E-17      5.15000000
  0.15787879     -3.60205997      1.49992500      0.10340458E-04      0.11933623E-16      5.21000000
  0.15848485     -3.90308997      1.49992500      0.53276777E-05      0.61485188E-17      5.23000000
  0.15909091     -3.90308997      1.49992500      0.54899214E-05      0.63357596E-17      5.25000000
  0.15969697     -2.99999998      1.49992500      0.45256847E-04      0.52229619E-16      5.27000000
  0.16030303     -3.42596873      1.49992500      0.17488144E-04      0.20182562E-16      5.29000000
  0.16090909     -3.12493873      1.49992500      0.36041421E-04      0.41594362E-16      5.31000000
  0.16151515     -3.20411999      1.49992500      0.30949158E-04      0.35717528E-16      5.33000000
  0.16212121     -3.12493873      1.49992500      0.38269984E-04      0.44166282E-16      5.35000000
  0.16272727     -2.82390874      1.49992500      0.78870838E-04      0.91022554E-16      5.37000000
  0.16333333     -2.75696194      1.49992500      0.94818141E-04      0.10942688E-15      5.39000000
  0.16393939     -2.99999998      1.49992500      0.55831793E-04      0.64433858E-16      5.41000000
  0.16454545     -2.64781750      1.49992500      0.12944707E-03      0.14939113E-15      5.43000000
  0.16515152     -2.82390874      1.49992500      0.88926088E-04      0.10262703E-15      5.45000000
  0.16575758     -2.64781750      1.49992500      0.13745122E-03      0.15862848E-15      5.47000000
  0.16636364     -2.58087070      1.49992500      0.16524320E-03      0.19070240E-15      5.49000000
  0.16696970     -2.45593194      1.49992500      0.22703381E-03      0.26201315E-15      5.51000000
  0.16757576     -2.34678750      1.49992500      0.30078983E-03      0.34713285E-15      5.53000000
  0.16818182     -2.34678750      1.49992500      0.30994978E-03      0.35770408E-15      5.55000000
  0.16878788     -2.18708663      1.49992500      0.46133923E-03      0.53241827E-15      5.57000000
  0.16939394     -2.24033215      1.49992500      0.42053587E-03      0.48532829E-15      5.59000000
  0.17000000     -2.14721513      1.49992500      0.53696782E-03      0.61969903E-15      5.61000000
  0.17060606     -2.17881412      1.49992500      0.51449060E-03      0.59375873E-15      5.63000000
  0.17121212     -2.13223797      1.49992500      0.59017632E-03      0.68110543E-15      5.65000000
  0.17181818     -1.90745479      1.49992500      0.10204533E-02      0.11776757E-14      5.67000000
  0.17242424     -1.92081875      1.49992500      0.10196647E-02      0.11767655E-14      5.69000000
  0.17303030     -1.85776700      1.49992500      0.12148910E-02      0.14020705E-14      5.71000000
  0.17363636     -1.86566350      1.49992500      0.12293314E-02      0.14187359E-14      5.73000000
  0.17424242     -1.76321091      1.49992500      0.16037983E-02      0.18508973E-14      5.75000000
  0.17484848     -1.65023694      1.49992500      0.21436403E-02      0.24739133E-14      5.77000000
  0.17545455     -1.67009387      1.49992500      0.21101978E-02      0.24353183E-14      5.79000000
  0.17606061     -1.64541143      1.49992500      0.23016209E-02      0.26562341E-14      5.81000000
  0.17666667     -1.53202213      1.49992500      0.30792948E-02      0.35537252E-14      5.83000000
  0.17727273     -1.58502664      1.49992500      0.28085033E-02      0.32412125E-14      5.85000000
  0.17787879     -1.53017798      1.49992500      0.32836116E-02      0.37895213E-14      5.87000000
  0.17848485     -1.44369752      1.49992500      0.41291478E-02      0.47653301E-14      5.89000000
  0.17909091     -1.43622235      1.49992500      0.43287628E-02      0.49957000E-14      5.91000000
  0.17969697     -1.36906387      1.49992500      0.52065548E-02      0.60087344E-14      5.93000000
  0.18030303     -1.33021837      1.49992500      0.58671086E-02      0.67710604E-14      5.95000000
  0.18090909     -1.30539480      1.49992500      0.64014135E-02      0.73876862E-14      5.97000000
  0.18151515     -1.22094491      1.49992500      0.80122402E-02      0.92466948E-14      5.99000000
  0.18212121     -1.16272729      1.49992500      0.94406036E-02      0.10895128E-13      6.01000000
  0.18272727     -1.16589734      1.49992500      0.96573482E-02      0.11145266E-13      6.03000000
  0.18333333     -1.11990130      1.49992500      0.11063234E-01      0.12767759E-13      6.05000000
  0.18393939     -1.05367056      1.49992500      0.13278256E-01      0.15324051E-13      6.07000000
  0.18454545     -1.07186031      1.49992500      0.13121379E-01      0.15143004E-13      6.09000000
  0.18515152     -1.02802872      1.49992500      0.14956819E-01      0.17261232E-13      6.11000000
  0.18575758     -0.98401190      1.49992500      0.17056277E-01      0.19684156E-13      6.13000000
  0.18636364     -0.96357073      1.49992500      0.18422713E-01      0.21261121E-13      6.15000000
  0.18696970     -0.94644142      1.49992500      0.19747453E-01      0.22789965E-13      6.17000000
  0.18757576     -0.90614075      1.49992500      0.22327492E-01      0.25767513E-13      6.19000000
  0.18818182     -0.89619627      1.49992500      0.23540334E-01      0.27167218E-13      6.21000000
  0.18878788     -0.83564715      1.49992500      0.27886237E-01      0.32182700E-13      6.23000000
  0.18939394     -0.81283195      1.49992500      0.30285398E-01      0.34951503E-13      6.25000000
  0.19000000     -0.80410033      1.49992500      0.31841469E-01      0.36747319E-13      6.27000000
  0.19060606     -0.76321090      1.49992500      0.36050452E-01      0.41604784E-13      6.29000000
  0.19121212     -0.73282827      1.49992500      0.39840202E-01      0.45978425E-13      6.31000000
  0.19181818     -0.69924153      1.49992500      0.44354373E-01      0.51188100E-13      6.33000000
  0.19242424     -0.67959405      1.49992500      0.47820279E-01      0.55188002E-13      6.35000000
  0.19303030     -0.65145177      1.49992500      0.52575398E-01      0.60675747E-13      6.37000000
  0.19363636     -0.64854190      1.49992500      0.54540690E-01      0.62943834E-13      6.39000000
  0.19424242     -0.62616886      1.49992500      0.59172763E-01      0.68289574E-13      6.41000000
  0.19484848     -0.58232077      1.49992500      0.67452511E-01      0.77844993E-13      6.43000000
  0.19545455     -0.58025073      1.49992500      0.69838732E-01      0.80598861E-13      6.45000000
  0.19606061     -0.55071451      1.49992500      0.77030152E-01      0.88898271E-13      6.47000000
  0.19666667     -0.53036205      1.49992500      0.83184304E-01      0.96000601E-13      6.49000000
  0.19727273     -0.50951480      1.49992500      0.89932533E-01      0.10378854E-12      6.51000000
  0.19787879     -0.50358931      1.49992500      0.93944313E-01      0.10841842E-12      6.53000000
  0.19848485     -0.47657871      1.49992500      0.10301709E+00      0.11888905E-12      6.55000000
  0.19909091     -0.46900035      1.49992500      0.10802290E+00      0.12466610E-12      6.57000000
  0.19969697     -0.45453825      1.49992500      0.11508166E+00      0.13281241E-12      6.59000000
  0.20030303     -0.42872802      1.49992500      0.12584748E+00      0.14523694E-12      6.61000000
  0.20090909     -0.41369407      1.49992500      0.13424764E+00      0.15493132E-12      6.63000000
  0.20151515     -0.40602205      1.49992500      0.14080136E+00      0.16249478E-12      6.65000000
  0.20212121     -0.36906387      1.49992500      0.15797677E+00      0.18231642E-12      6.67000000
  0.20272727     -0.37934353      1.49992500      0.15897972E+00      0.18347390E-12      6.69000000
  0.20333333     -0.35667071      1.49992500      0.17260078E+00      0.19919356E-12      6.71000000
  0.20393939     -0.35017853      1.49992500      0.18053570E+00      0.20835104E-12      6.73000000
  0.20454545     -0.31921139      1.49992500      0.19978295E+00      0.23056373E-12      6.75000000
  0.20515152     -0.33231363      1.49992500      0.19974889E+00      0.23052442E-12      6.77000000
  0.20575758     -0.30451833      1.49992500      0.21943599E+00      0.25324473E-12      6.79000000
  0.20636364     -0.30408076      1.49992500      0.22634641E+00      0.26121985E-12      6.81000000
  0.20696970     -0.28935382      1.49992500      0.24128411E+00      0.27845902E-12      6.83000000
  0.20757576     -0.27932399      1.49992500      0.25444079E+00      0.29364276E-12      6.85000000
  0.20818182     -0.27195074      1.49992500      0.26667861E+00      0.30776607E-12      6.87000000
  0.20878788     -0.25551144      1.49992500      0.28540111E+00      0.32937317E-12      6.89000000
  0.20939394     -0.26221120      1.49992500      0.28959035E+00      0.33420785E-12      6.91000000
  0.21000000     -0.25161815      1.49992500      0.30577736E+00      0.35288881E-12      6.93000000
  0.21060606     -0.24393473      1.49992500      0.32071327E+00      0.37012591E-12      6.95000000
  0.21121212     -0.24593850      1.49992500      0.32895867E+00      0.37964169E-12      6.97000000
  0.21181818     -0.23423834      1.49992500      0.34823280E+00      0.40188541E-12      6.99000000
  0.21242424     -0.24033216      1.49992500      0.35383765E+00      0.40835380E-12      7.01000000
  0.21303030     -0.22887204      1.49992500      0.37436251E+00      0.43204095E-12      7.03000000
  0.21363636     -0.21582863      1.49992500      0.39752453E+00      0.45877157E-12      7.05000000
  0.21424242     -0.22822884      1.49992500      0.39809975E+00      0.45943541E-12      7.07000000
  0.21484848     -0.21743780      1.49992500      0.42054370E+00      0.48533732E-12      7.09000000
  0.21545455     -0.20221329      1.49992500      0.44881134E+00      0.51796019E-12      7.11000000
  0.21606061     -0.19945476      1.49992500      0.46542589E+00      0.53713457E-12      7.13000000
  0.21666667     -0.21068374      1.49992500      0.46735807E+00      0.53936444E-12      7.15000000
  0.21727273     -0.20403314      1.49992500      0.48902215E+00      0.56436632E-12      7.17000000
  0.21787879     -0.21342602      1.49992500      0.49313273E+00      0.56911023E-12      7.19000000
  0.21848485     -0.20143566      1.49992500      0.52237499E+00      0.60285787E-12      7.21000000
  0.21909091     -0.21941268      1.49992500      0.51645625E+00      0.59602723E-12      7.23000000
  0.21969697     -0.20752076      1.49992500      0.54695757E+00      0.63122791E-12      7.25000000
  0.22030303     -0.21369234      1.49992500      0.55566141E+00      0.64127277E-12      7.27000000
  0.22090909     -0.21218543      1.49992500      0.57457315E+00      0.66309826E-12      7.29000000
  0.22151515     -0.21869351      1.49992500      0.58326436E+00      0.67312854E-12      7.31000000
  0.22212121     -0.20857254      1.49992500      0.61519753E+00      0.70998169E-12      7.33000000
  0.22272727     -0.20909939      1.49992500      0.63316357E+00      0.73071578E-12      7.35000000
  0.22333333     -0.21174321      1.49992500      0.64848552E+00      0.74839839E-12      7.37000000
  0.22393939     -0.22630496      1.49992500      0.64619965E+00      0.74576033E-12      7.39000000
  0.22454545     -0.22175827      1.49992500      0.67288615E+00      0.77655846E-12      7.41000000
  0.22515152     -0.22924002      1.49992500      0.68153478E+00      0.78653958E-12      7.43000000
  0.22575758     -0.22466266      1.49992500      0.70973066E+00      0.81907964E-12      7.45000000
  0.22636364     -0.24997399      1.49992500      0.68993857E+00      0.79623816E-12      7.47000000
  0.22696970     -0.24651271      1.49992500      0.71663808E+00      0.82705129E-12      7.49000000
  0.22757576     -0.25190892      1.49992500      0.72934307E+00      0.84171375E-12      7.51000000
  0.22818182     -0.24574723      1.49992500      0.76229265E+00      0.87973991E-12      7.53000000
  0.22878788     -0.26962151      1.49992500      0.74349086E+00      0.85804130E-12      7.55000000
  0.22939394     -0.26740522      1.49992500      0.77005209E+00      0.88869485E-12      7.57000000
  0.23000000     -0.28264162      1.49992500      0.76614662E+00      0.88418767E-12      7.59000000
  0.23060606     -0.28829820      1.49992500      0.77926199E+00      0.89932373E-12      7.61000000
  0.23121212     -0.29467093      1.49992500      0.79129595E+00      0.91321177E-12      7.63000000
  0.23181818     -0.29940445      1.49992500      0.80655429E+00      0.93082099E-12      7.65000000
  0.23242424     -0.30539480      1.49992500      0.81973116E+00      0.94602803E-12      7.67000000
  0.23303030     -0.32262120      1.49992500      0.81184519E+00      0.93692706E-12      7.69000000
  0.23363636     -0.33571067      1.49992500      0.81173064E+00      0.93679486E-12      7.71000000
  0.23424242     -0.33010229      1.49992500      0.84732204E+00      0.97786987E-12      7.73000000
  0.23484848     -0.35225037      1.49992500      0.82971435E+00      0.95754934E-12      7.75000000
  0.23545455     -0.36426501      1.49992500      0.83165299E+00      0.95978667E-12      7.77000000
  0.23606061     -0.35457773      1.49992500      0.87630968E+00      0.10113237E-11      7.79000000
  0.23666667     -0.37276219      1.49992500      0.86596697E+00      0.99938745E-12      7.81000000
  0.23727273     -0.37843429      1.49992500      0.88075966E+00      0.10164593E-11      7.83000000
  0.23787879     -0.41299097      1.49992500      0.83816384E+00      0.96730065E-12      7.85000000
  0.23848485     -0.41200857      1.49992500      0.86564436E+00      0.99901513E-12      7.87000000
  0.23909091     -0.41228904      1.49992500      0.89142993E+00      0.10287735E-11      7.89000000
  0.23969697     -0.43726116      1.49992500      0.86724795E+00      0.10008658E-11      7.91000000
  0.24030303     -0.44672397      1.49992500      0.87439698E+00      0.10091163E-11      7.93000000
  0.24090909     -0.46518096      1.49992500      0.86353480E+00      0.99658054E-12      7.95000000
  0.24151515     -0.47108330      1.49992500      0.87782044E+00      0.10130672E-11      7.97000000
  0.24212121     -0.48744899      1.49992500      0.87110033E+00      0.10053117E-11      7.99000000
  0.24272727     -0.51374668      1.49992500      0.84488709E+00      0.97505976E-12      8.01000000
  0.24333333     -0.53554770      1.49992500      0.82799143E+00      0.95556097E-12      8.03000000
  0.24393939     -0.52779227      1.49992500      0.86857926E+00      0.10024022E-11      8.05000000
  0.24454545     -0.54401376      1.49992500      0.86221613E+00      0.99505871E-12      8.07000000
  0.24515152     -0.55497990      1.49992500      0.86631969E+00      0.99979451E-12      8.09000000
  0.24575758     -0.59773862      1.49992500      0.80899837E+00      0.93364163E-12      8.11000000
  0.24636364     -0.57634461      1.49992500      0.87572922E+00      0.10106538E-11      8.13000000
  0.24696970     -0.61798296      1.49992500      0.81989771E+00      0.94622024E-12      8.15000000
  0.24757576     -0.64111381      1.49992500      0.80104518E+00      0.92446308E-12      8.17000000
  0.24818182     -0.64975197      1.49992500      0.80918353E+00      0.93385531E-12      8.19000000
  0.24878788     -0.65413636      1.49992500      0.82545010E+00      0.95262809E-12      8.21000000
  0.24939394     -0.67264105      1.49992500      0.81510642E+00      0.94069075E-12      8.23000000
  0.25000000     -0.68983795      1.49992500      0.80731979E+00      0.93170443E-12      8.25000000
  0.25060606     -0.70087420      1.49992500      0.81103115E+00      0.93598761E-12      8.27000000
  0.25121212     -0.71982015      1.49992500      0.80005486E+00      0.92332018E-12      8.29000000
  0.25181818     -0.71783124      1.49992500      0.82820312E+00      0.95580527E-12      8.31000000
  0.25242424     -0.73992862      1.49992500      0.81108741E+00      0.93605253E-12      8.33000000
  0.25303030     -0.75976285      1.49992500      0.79847554E+00      0.92149754E-12      8.35000000
  0.25363636     -0.78383410      1.49992500      0.77842817E+00      0.89836145E-12      8.37000000
  0.25424242     -0.82246350      1.49992500      0.73386695E+00      0.84693463E-12      8.39000000
  0.25484848     -0.82210292      1.49992500      0.75684351E+00      0.87345121E-12      8.41000000
  0.25545455     -0.83713699      1.49992500      0.75335592E+00      0.86942628E-12      8.43000000
  0.25606061     -0.84618514      1.49992500      0.76029168E+00      0.87743065E-12      8.45000000
  0.25666667     -0.87860433      1.49992500      0.72709177E+00      0.83911559E-12      8.47000000
  0.25727273     -0.90921307      1.49992500      0.69824635E+00      0.80582593E-12      8.49000000
  0.25787879     -0.93741800      1.49992500      0.67426703E+00      0.77815209E-12      8.51000000
  0.25848485     -0.93977446      1.49992500      0.69104074E+00      0.79751014E-12      8.53000000
  0.25909091     -0.96607387      1.49992500      0.67024321E+00      0.77350831E-12      8.55000000
  0.25969697     -0.96758273      1.49992500      0.68825877E+00      0.79429954E-12      8.57000000
  0.26030303     -1.01155254      1.49992500      0.64092930E+00      0.73967797E-12      8.59000000
  0.26090909     -1.00601300      1.49992500      0.66892565E+00      0.77198775E-12      8.61000000
  0.26151515     -1.04817695      1.49992500      0.62552126E+00      0.72189600E-12      8.63000000
  0.26212121     -1.06361195      1.49992500      0.62206428E+00      0.71790640E-12      8.65000000
  0.26272727     -1.08354603      1.49992500      0.61225080E+00      0.70658094E-12      8.67000000
  0.26333333     -1.09623198      1.49992500      0.61273347E+00      0.70713798E-12      8.69000000
  0.26393939     -1.12277269      1.49992500      0.59396257E+00      0.68547502E-12      8.71000000
  0.26454545     -1.13593414      1.49992500      0.59378033E+00      0.68526471E-12      8.73000000
  0.26515152     -1.15645577      1.49992500      0.58362295E+00      0.67354237E-12      8.75000000
  0.26575758     -1.20152198      1.49992500      0.54211862E+00      0.62564343E-12      8.77000000
  0.26636364     -1.20325227      1.49992500      0.55640653E+00      0.64213269E-12      8.79000000
  0.26696970     -1.21645372      1.49992500      0.55618460E+00      0.64187657E-12      8.81000000
  0.26757576     -1.28191369      1.49992500      0.49293217E+00      0.56887877E-12      8.83000000
  0.26818182     -1.26660209      1.49992500      0.52617105E+00      0.60723880E-12      8.85000000
  0.26878788     -1.30211710      1.49992500      0.49962035E+00      0.57659740E-12      8.87000000
  0.26939394     -1.35163998      1.49992500      0.45935180E+00      0.53012464E-12      8.89000000
  0.27000000     -1.38987238      1.49992500      0.43345220E+00      0.50023465E-12      8.91000000
  0.27060606     -1.37804517      1.49992500      0.45898300E+00      0.52969902E-12      8.93000000
  0.27121212     -1.39523412      1.49992500      0.45460671E+00      0.52464845E-12      8.95000000
  0.27181818     -1.43326799      1.49992500      0.42917078E+00      0.49529359E-12      8.97000000
  0.27242424     -1.44824513      1.49992500      0.42724913E+00      0.49307587E-12      8.99000000
  0.27303030     -1.49315686      1.49992500      0.39700652E+00      0.45817375E-12      9.01000000
  0.27363636     -1.48478870      1.49992500      0.41705563E+00      0.48131184E-12      9.03000000
  0.27424242     -1.51927462      1.49992500      0.39695040E+00      0.45810898E-12      9.05000000
  0.27484848     -1.53573407      1.49992500      0.39382654E+00      0.45450382E-12      9.07000000
  0.27545455     -1.54898156      1.49992500      0.39362773E+00      0.45427438E-12      9.09000000
  0.27606061     -1.63827216      1.49992500      0.33023512E+00      0.38111480E-12      9.11000000
  0.27666667     -1.56863622      1.49992500      0.39947295E+00      0.46102018E-12      9.13000000
  0.27727273     -1.64781746      1.49992500      0.34303175E+00      0.39588303E-12      9.15000000
  0.27787879     -1.61978875      1.49992500      0.37704329E+00      0.43513476E-12      9.17000000
  0.27848485     -1.66504390      1.49992500      0.35007754E+00      0.40401437E-12      9.19000000
  0.27909091     -1.75080163      1.49992500      0.29609748E+00      0.34171754E-12      9.21000000
  0.27969697     -1.72699871      1.49992500      0.32230408E+00      0.37196182E-12      9.23000000
  0.28030303     -1.81673015      1.49992500      0.27012361E+00      0.31174185E-12      9.25000000
  0.28090909     -1.72990371      1.49992500      0.33995167E+00      0.39232839E-12      9.27000000
  0.28151515     -1.82030462      1.49992500      0.28447522E+00      0.32830463E-12      9.29000000
  0.28212121     -1.86169730      1.49992500      0.26648941E+00      0.30754772E-12      9.31000000
  0.28272727     -1.86966622      1.49992500      0.26961200E+00      0.31115141E-12      9.33000000
  0.28333333     -1.86566350      1.49992500      0.28039491E+00      0.32359565E-12      9.35000000
  0.28393939     -1.92081875      1.49992500      0.25447379E+00      0.29368084E-12      9.37000000
  0.28454545     -1.95369997      1.49992500      0.24310283E+00      0.28055795E-12      9.39000000
  0.28515152     -1.94404860      1.49992500      0.25613537E+00      0.29559843E-12      9.41000000
  0.28575758     -1.97367106      1.49992500      0.24653313E+00      0.28451676E-12      9.43000000
  0.28636364     -2.09690999      1.49992500      0.19127779E+00      0.22074816E-12      9.45000000
  0.28696970     -2.02802871      1.49992500      0.23097980E+00      0.26656711E-12      9.47000000
  0.28757576     -2.02227641      1.49992500      0.24118733E+00      0.27834732E-12      9.49000000
  0.28818182     -2.07058105      1.49992500      0.22237094E+00      0.25663187E-12      9.51000000
  0.28878788     -2.14721513      1.49992500      0.19207557E+00      0.22166886E-12      9.53000000
  0.28939394     -2.25963731      1.49992500      0.15278409E+00      0.17632370E-12      9.55000000
  0.29000000     -2.18708663      1.49992500      0.18606171E+00      0.21472843E-12      9.57000000
  0.29060606     -2.11069830      1.49992500      0.22859857E+00      0.26381900E-12      9.59000000
  0.29121212     -2.24033215      1.49992500      0.17477038E+00      0.20169745E-12      9.61000000
  0.29181818     -2.24033215      1.49992500      0.18009267E+00      0.20783974E-12      9.63000000
  0.29242424     -2.31202537      1.49992500      0.15733705E+00      0.18157814E-12      9.65000000
  0.29303030     -2.26962152      1.49992500      0.17875699E+00      0.20629827E-12      9.67000000
  0.29363636     -2.27984070      1.49992500      0.17991693E+00      0.20763692E-12      9.69000000
  0.29424242     -2.42596874      1.49992500      0.13242567E+00      0.15282863E-12      9.71000000
  0.29484848     -2.37161105      1.49992500      0.15465289E+00      0.17848043E-12      9.73000000
  0.29545455     -2.47172621      1.49992500      0.12655260E+00      0.14605070E-12      9.75000000
  0.29606061     -2.60206000      1.49992500      0.96597405E-01      0.11148027E-12      9.77000000
  0.29666667     -2.54136215      1.49992500      0.11446995E+00      0.13210646E-12      9.79000000
  0.29727273     -2.58087070      1.49992500      0.10769887E+00      0.12429215E-12      9.81000000
  0.29787879     -2.54136215      1.49992500      0.12154801E+00      0.14027505E-12      9.83000000
  0.29848485     -2.72699874      1.49992500      0.81684463E-01      0.94269677E-13      9.85000000
  0.29909091     -2.60206000      1.49992500      0.11222933E+00      0.12952063E-12      9.87000000
  0.29969697     -2.67264104      1.49992500      0.98300000E-01      0.11344519E-12      9.89000000
  0.30030303     -2.69896998      1.49992500      0.95335085E-01      0.11002347E-12      9.91000000
  0.30090909     -2.75696194      1.49992500      0.85958532E-01      0.99202256E-13      9.93000000
  0.30151515     -2.75696194      1.49992500      0.88576226E-01      0.10222326E-12      9.95000000
  0.30212121     -2.54136215      1.49992500      0.14994954E+00      0.17305243E-12      9.97000000
  0.30272727     -2.86169730      1.49992500      0.73898934E-01      0.85284623E-13      9.99000000
  0.30333333     -2.67264104      1.49992500      0.11768541E+00      0.13581733E-12     10.01000000
  0.30393939     -2.86169730      1.49992500      0.78468353E-01      0.90558057E-13     10.03000000
  0.30454545     -2.99999998      1.49992500      0.58805784E-01      0.67866055E-13     10.05000000
  0.30515152     -3.05799193      1.49992500      0.53022021E-01      0.61191181E-13     10.07000000
  0.30575758     -2.78914663      1.49992500      0.10146816E+00      0.11710146E-12     10.09000000
  0.30636364     -2.75696194      1.49992500      0.11260110E+00      0.12994967E-12     10.11000000
  0.30696970     -3.20411999      1.49992500      0.41439334E-01      0.47823937E-13     10.13000000
  0.30757576     -2.94884750      1.49992500      0.76862312E-01      0.88704572E-13     10.15000000
  0.30818182     -3.12493873      1.49992500      0.52802002E-01      0.60937264E-13     10.17000000
  0.30878788     -3.20411999      1.49992500      0.45341649E-01      0.52327486E-13     10.19000000
  0.30939394     -2.82390874      1.49992500      0.11213385E+00      0.12941044E-12     10.21000000
  0.31000000     -3.30102998      1.49992500      0.38516223E-01      0.44450460E-13     10.23000000
  0.31060606     -3.20411999      1.49992500      0.49611443E-01      0.57255132E-13     10.25000000
  0.31121212     -3.30102998      1.49992500      0.40897811E-01      0.47198981E-13     10.27000000
  0.31181818     -3.12493873      1.49992500      0.63214905E-01      0.72954494E-13     10.29000000
  0.31242424     -3.90308997      1.49992500      0.10856665E-01      0.12529363E-13     10.31000000
  0.31303030     -3.20411999      1.49992500      0.55936411E-01      0.64554594E-13     10.33000000
  0.31363636     -3.60205997      1.49992500      0.23055938E-01      0.26608192E-13     10.35000000
  0.31424242     -3.42596873      1.49992500      0.35637089E-01      0.41127734E-13     10.37000000
  0.31484848     -3.90308997      1.49992500      0.12240782E-01      0.14126733E-13     10.39000000
  0.31545455     -3.60205997      1.49992500      0.25227101E-01      0.29113868E-13     10.41000000
  0.31666667     -3.60205997      1.49992500      0.26786978E-01      0.30914076E-13     10.45000000
  0.31727273     -3.30102998      1.49992500      0.55205442E-01      0.63711005E-13     10.47000000
  0.31787879     -3.60205997      1.49992500      0.28443306E-01      0.32825598E-13     10.49000000
  0.31848485     -3.60205997      1.49992500      0.29309490E-01      0.33825235E-13     10.51000000
  0.31969697     -3.90308997      1.49992500      0.15560897E-01      0.17958382E-13     10.55000000
  0.32030303     -3.30102998      1.49992500      0.64139092E-01      0.74021072E-13     10.57000000
  0.32090909     -3.60205997      1.49992500      0.33046160E-01      0.38137617E-13     10.59000000
  0.32151515     -3.90308997      1.49992500      0.17026257E-01      0.19649511E-13     10.61000000
  0.32212121     -3.60205997      1.49992500      0.35089515E-01      0.40495794E-13     10.63000000
  0.32272727     -3.90308997      1.49992500      0.18079048E-01      0.20864506E-13     10.65000000
  0.32393939     -3.90308997      1.49992500      0.19196936E-01      0.22154629E-13     10.69000000
  0.32454545     -3.90308997      1.49992500      0.19781540E-01      0.22829303E-13     10.71000000
  0.32575758     -3.60205997      1.49992500      0.42009398E-01      0.48481832E-13     10.75000000
  0.32636364     -3.60205997      1.49992500      0.43288710E-01      0.49958249E-13     10.77000000
  0.32757576     -3.60205997      1.49992500      0.45965396E-01      0.53047335E-13     10.81000000
  0.32818182     -3.90308997      1.49992500      0.23682590E-01      0.27331392E-13     10.83000000
  0.32939394     -3.60205997      1.49992500      0.50293928E-01      0.58042769E-13     10.87000000
  0.33000000     -3.60205997      1.49992500      0.51825529E-01      0.59810344E-13     10.89000000
  0.33242424     -3.90308997      1.49992500      0.29216385E-01      0.33717785E-13     10.97000000
  0.33545455     -3.90308997      1.49992500      0.33944342E-01      0.39174184E-13     11.07000000
  0.33606061     -3.90308997      1.49992500      0.34978049E-01      0.40367155E-13     11.09000000
  0.34030303     -3.90308997      1.49992500      0.43151198E-01      0.49799550E-13     11.23000000
  0.34393939     -3.90308997      1.49992500      0.51660899E-01      0.59620349E-13     11.35000000
  0.34818182     -3.90308997      1.49992500      0.63732248E-01      0.73551545E-13     11.49000000
