  0.11848485     -4.21463034      9.49667616      0.62040411E-10      0.71599045E-22      3.91000000
  0.11909091     -3.91360034      9.49667616      0.15003471E-09      0.17315072E-21      3.93000000
  0.11969697     -3.73750910      9.49667616      0.27212602E-09      0.31405277E-21      3.95000000
  0.12030303     -4.21463034      9.49667616      0.10968214E-09      0.12658099E-21      3.97000000
  0.12090909     -4.21463034      9.49667616      0.13262427E-09      0.15305783E-21      3.99000000
  0.12151515     -3.51566035      9.49667616      0.80182588E-09      0.92536406E-21      4.01000000
  0.12212121     -3.51566035      9.49667616      0.96954317E-09      0.11189217E-20      4.03000000
  0.12272727     -3.43647911      9.49667616      0.14068101E-08      0.16235588E-20      4.05000000
  0.12333333     -3.31154035      9.49667616      0.22680953E-08      0.26175432E-20      4.07000000
  0.12393939     -2.87220767      9.49667616      0.75419051E-08      0.87038947E-20      4.09000000
  0.12454545     -2.89241106      9.49667616      0.87049196E-08      0.10046096E-19      4.11000000
  0.12515152     -2.98418142      9.49667616      0.85208217E-08      0.98336340E-20      4.13000000
  0.12575758     -2.75223234      9.49667616      0.17575903E-07      0.20283841E-19      4.15000000
  0.12636364     -2.60184649      9.49667616      0.30046270E-07      0.34675532E-19      4.17000000
  0.12696970     -2.45120234      9.49667616      0.51395110E-07      0.59313611E-19      4.19000000
  0.12757576     -2.33956906      9.49667616      0.80360414E-07      0.92741630E-19      4.21000000
  0.12818182     -2.28013190      9.49667616      0.11142083E-06      0.12858756E-18      4.23000000
  0.12878788     -2.12472524      9.49667616      0.19269043E-06      0.22237846E-18      4.25000000
  0.12939394     -2.05626785      9.49667616      0.27277503E-06      0.31480178E-18      4.27000000
  0.13000000     -1.93587674      9.49667616      0.43519391E-06      0.50224471E-18      4.29000000
  0.13060606     -1.87418624      9.49667616      0.60654132E-06      0.69999180E-18      4.31000000
  0.13121212     -1.75978547      9.49667616      0.95443915E-06      0.11014906E-17      4.33000000
  0.13181818     -1.67681126      9.49667616      0.13970422E-05      0.16122860E-17      4.35000000
  0.13242424     -1.63599112      9.49667616      0.18557384E-05      0.21416540E-17      4.37000000
  0.13303030     -1.49529904      9.49667616      0.31023866E-05      0.35803747E-17      4.39000000
  0.13363636     -1.41322662      9.49667616      0.45316401E-05      0.52298349E-17      4.41000000
  0.13424242     -1.40912949      9.49667616      0.55314581E-05      0.63836959E-17      4.43000000
  0.13484848     -1.29190488      9.49667616      0.87609523E-05      0.10110762E-16      4.45000000
  0.13545455     -1.20137169      9.49667616      0.13048831E-04      0.15059278E-16      4.47000000
  0.13606061     -1.16618854      9.49667616      0.17109677E-04      0.19745784E-16      4.49000000
  0.13666667     -1.08849894      9.49667616      0.24741072E-04      0.28552955E-16      4.51000000
  0.13727273     -1.02993892      9.49667616      0.34234627E-04      0.39509193E-16      4.53000000
  0.13787879     -0.97010582      9.49667616      0.47510083E-04      0.54830013E-16      4.55000000
  0.13848485     -0.90013112      9.49667616      0.67491264E-04      0.77889716E-16      4.57000000
  0.13909091     -0.85879582      9.49667616      0.89757334E-04      0.10358634E-15      4.59000000
  0.13969697     -0.81495664      9.49667616      0.12005941E-03      0.13855710E-15      4.61000000
  0.14030303     -0.75058813      9.49667616      0.16836499E-03      0.19430517E-15      4.63000000
  0.14090909     -0.70610062      9.49667616      0.22554146E-03      0.26029088E-15      4.65000000
  0.14151515     -0.66123282      9.49667616      0.30239964E-03      0.34899068E-15      4.67000000
  0.14212121     -0.61551178      9.49667616      0.40624628E-03      0.46883709E-15      4.69000000
  0.14272727     -0.56812858      9.49667616      0.54784749E-03      0.63225495E-15      4.71000000
  0.14333333     -0.53592992      9.49667616      0.71342021E-03      0.82333764E-15      4.73000000
  0.14393939     -0.47767638      9.49667616      0.98647488E-03      0.11384621E-14      4.75000000
  0.14454545     -0.45700660      9.49667616      0.12509585E-02      0.14436950E-14      4.77000000
  0.14515152     -0.41632505      9.49667616      0.16611603E-02      0.19170970E-14      4.79000000
  0.14575758     -0.37792655      9.49667616      0.21943056E-02      0.25323846E-14      4.81000000
  0.14636364     -0.34952637      9.49667616      0.28325943E-02      0.32690151E-14      4.83000000
  0.14696970     -0.31804903      9.49667616      0.36825512E-02      0.42499259E-14      4.85000000
  0.14757576     -0.29466364      9.49667616      0.46991711E-02      0.54231776E-14      4.87000000
  0.14818182     -0.25506430      9.49667616      0.62245460E-02      0.71835686E-14      4.89000000
  0.14878788     -0.22884472      9.49667616      0.79949240E-02      0.92267107E-14      4.91000000
  0.14939394     -0.21104058      9.49667616      0.10071765E-01      0.11623532E-13      4.93000000
  0.15000000     -0.18748469      9.49667616      0.12857263E-01      0.14838196E-13      4.95000000
  0.15060606     -0.16743338      9.49667616      0.16281219E-01      0.18789685E-13      4.97000000
  0.15121212     -0.14685297      9.49667616      0.20642126E-01      0.23822481E-13      4.99000000
  0.15181818     -0.12008934      9.49667616      0.26546369E-01      0.30636397E-13      5.01000000
  0.15242424     -0.10772584      9.49667616      0.33025980E-01      0.38114328E-13      5.03000000
  0.15303030     -0.09149769      9.49667616      0.41454429E-01      0.47841358E-13      5.05000000
  0.15363636     -0.07956133      9.49667616      0.51522199E-01      0.59460280E-13      5.07000000
  0.15424242     -0.06977602      9.49667616      0.63718680E-01      0.73535886E-13      5.09000000
  0.15484848     -0.05296294      9.49667616      0.80087905E-01      0.92427136E-13      5.11000000
  0.15545455     -0.04351848      9.49667616      0.98968839E-01      0.11421708E-12      5.13000000
  0.15606061     -0.03778697      9.49667616      0.12125986E+00      0.13994250E-12      5.15000000
  0.15666667     -0.02340295      9.49667616      0.15156125E+00      0.17491245E-12      5.17000000
  0.15727273     -0.01839888      9.49667616      0.18538702E+00      0.21394980E-12      5.19000000
  0.15787879     -0.01233278      9.49667616      0.22731731E+00      0.26234033E-12      5.21000000
  0.15848485     -0.00490092      9.49667616      0.27960919E+00      0.32268888E-12      5.23000000
  0.15909091     -0.00151121      9.49667616      0.34074401E+00      0.39324281E-12      5.25000000
  0.15969697     -0.00377699      9.49667616      0.40987321E+00      0.47302282E-12      5.27000000
  0.16030303     -0.00047555      9.49667616      0.49938794E+00      0.57632918E-12      5.29000000
  0.16090909      0.00024000      9.49667616      0.60484025E+00      0.69802865E-12      5.31000000
  0.16151515     -0.00444563      9.49667616      0.72350600E+00      0.83497735E-12      5.33000000
  0.16212121     -0.00651160      9.49667616      0.87068938E+00      0.10048374E-11      5.35000000
  0.16272727     -0.01638576      9.49667616      0.10291441E+01      0.11877054E-11      5.37000000
  0.16333333     -0.01350644      9.49667616      0.12526870E+01      0.14456898E-11      5.39000000
  0.16393939     -0.01137982      9.49667616      0.15221458E+01      0.17566645E-11      5.41000000
  0.16454545     -0.01878602      9.49667616      0.18094107E+01      0.20881886E-11      5.43000000
  0.16515152     -0.02826741      9.49667616      0.21406361E+01      0.24704462E-11      5.45000000
  0.16575758     -0.03697842      9.49667616      0.25369909E+01      0.29278679E-11      5.47000000
  0.16636364     -0.04094884      9.49667616      0.30397340E+01      0.35080691E-11      5.49000000
  0.16696970     -0.06014552      9.49667616      0.35166243E+01      0.40584345E-11      5.51000000
  0.16757576     -0.07117834      9.49667616      0.41455316E+01      0.47842382E-11      5.53000000
  0.16818182     -0.07851248      9.49667616      0.49287090E+01      0.56880805E-11      5.55000000
  0.16878788     -0.08144285      9.49667616      0.59195663E+01      0.68316003E-11      5.57000000
  0.16939394     -0.10095434      9.49667616      0.68432985E+01      0.78976529E-11      5.59000000
  0.17000000     -0.10871161      9.49667616      0.81282170E+01      0.93805402E-11      5.61000000
  0.17060606     -0.13055477      9.49667616      0.93462892E+01      0.10786282E-10      5.63000000
  0.17121212     -0.15212358      9.49667616      0.10753689E+02      0.12410522E-10      5.65000000
  0.17181818     -0.16255232      9.49667616      0.12694506E+02      0.14650363E-10      5.67000000
  0.17242424     -0.19261462      9.49667616      0.14323218E+02      0.16530012E-10      5.69000000
  0.17303030     -0.21030895      9.49667616      0.16627745E+02      0.19189600E-10      5.71000000
  0.17363636     -0.22491363      9.49667616      0.19440873E+02      0.22436149E-10      5.73000000
  0.17424242     -0.24076389      9.49667616      0.22664836E+02      0.26156832E-10      5.75000000
  0.17484848     -0.26130563      9.49667616      0.26139539E+02      0.30166886E-10      5.77000000
  0.17545455     -0.28715732      9.49667616      0.29780591E+02      0.34368919E-10      5.79000000
  0.17606061     -0.30491390      9.49667616      0.34567169E+02      0.39892970E-10      5.81000000
  0.17666667     -0.32448887      9.49667616      0.39955441E+02      0.46111419E-10      5.83000000
  0.17727273     -0.35495177      9.49667616      0.45040178E+02      0.51979568E-10      5.85000000
  0.17787879     -0.38008248      9.49667616      0.51399213E+02      0.59318346E-10      5.87000000
  0.17848485     -0.40696003      9.49667616      0.58420599E+02      0.67421524E-10      5.89000000
  0.17909091     -0.43172793      9.49667616      0.66724478E+02      0.77004791E-10      5.91000000
  0.17969697     -0.46166046      9.49667616      0.75307761E+02      0.86910510E-10      5.93000000
  0.18030303     -0.49125676      9.49667616      0.85061007E+02      0.98166449E-10      5.95000000
  0.18090909     -0.52160726      9.49667616      0.95910709E+02      0.11068778E-09      5.97000000
  0.18151515     -0.54327233      9.49667616      0.11032886E+03      0.12732734E-09      5.99000000
  0.18212121     -0.57784165      9.49667616      0.12319891E+03      0.14218030E-09      6.01000000
  0.18272727     -0.61083663      9.49667616      0.13806989E+03      0.15934247E-09      6.03000000
  0.18333333     -0.64222348      9.49667616      0.15530992E+03      0.17923869E-09      6.05000000
  0.18393939     -0.68545675      9.49667616      0.17000160E+03      0.19619393E-09      6.07000000
  0.18454545     -0.70961612      9.49667616      0.19443781E+03      0.22439506E-09      6.09000000
  0.18515152     -0.75073735      9.49667616      0.21386838E+03      0.24681931E-09      6.11000000
  0.18575758     -0.77152387      9.49667616      0.24651715E+03      0.28449832E-09      6.13000000
  0.18636364     -0.81721181      9.49667616      0.26831582E+03      0.30965553E-09      6.15000000
  0.18696970     -0.83768860      9.49667616      0.30949709E+03      0.35718164E-09      6.17000000
  0.18757576     -0.89179106      9.49667616      0.33040088E+03      0.38130610E-09      6.19000000
  0.18818182     -0.95052119      9.49667616      0.34897808E+03      0.40274551E-09      6.21000000
  0.18878788     -0.96665707      9.49667616      0.40658312E+03      0.46922582E-09      6.23000000
  0.18939394     -1.00270927      9.49667616      0.45246420E+03      0.52217585E-09      6.25000000
  0.19000000     -1.05717358      9.49667616      0.48262187E+03      0.55697994E-09      6.27000000
  0.19060606     -1.09968592      9.49667616      0.52915357E+03      0.61068084E-09      6.29000000
  0.19121212     -1.13544908      9.49667616      0.58925823E+03      0.68004589E-09      6.31000000
  0.19181818     -1.15848806      9.49667616      0.67569975E+03      0.77980554E-09      6.33000000
  0.19242424     -1.21899514      9.49667616      0.71077765E+03      0.82028793E-09      6.35000000
  0.19303030     -1.24150247      9.49667616      0.81604387E+03      0.94177264E-09      6.37000000
  0.19363636     -1.28114306      9.49667616      0.90065819E+03      0.10394236E-08      6.39000000
  0.19424242     -1.33956909      9.49667616      0.95196516E+03      0.10986355E-08      6.41000000
  0.19484848     -1.40238564      9.49667616      0.99607397E+03      0.11495402E-08      6.43000000
  0.19545455     -1.40709533      9.49667616      0.11914312E+04      0.13749963E-08      6.45000000
  0.19606061     -1.44084391      9.49667616      0.13329304E+04      0.15382965E-08      6.47000000
  0.19666667     -1.50620944      9.49667616      0.13865292E+04      0.16001533E-08      6.49000000
  0.19727273     -1.60184648      9.49667616      0.13451759E+04      0.15524286E-08      6.51000000
  0.19787879     -1.61474728      9.49667616      0.15789390E+04      0.18222079E-08      6.53000000
  0.19848485     -1.67180491      9.49667616      0.16741517E+04      0.19320900E-08      6.55000000
  0.19909091     -1.74041409      9.49667616      0.17285132E+04      0.19948271E-08      6.57000000
  0.19969697     -1.75674844      9.49667616      0.20129150E+04      0.23230470E-08      6.59000000
  0.20030303     -1.85101838      9.49667616      0.19590367E+04      0.22608677E-08      6.61000000
  0.20090909     -1.88017658      9.49667616      0.22149884E+04      0.25562541E-08      6.63000000
  0.20151515     -1.90500016      9.49667616      0.25295016E+04      0.29192247E-08      6.65000000
  0.20212121     -1.96177731      9.49667616      0.26837675E+04      0.30972584E-08      6.67000000
  0.20272727     -2.06234198      9.49667616      0.25743483E+04      0.29709809E-08      6.69000000
  0.20333333     -2.06850231      9.49667616      0.30689800E+04      0.35418210E-08      6.71000000
  0.20393939     -2.10742037      9.49667616      0.33928376E+04      0.39155758E-08      6.73000000
  0.20454545     -2.24150250      9.49667616      0.30127842E+04      0.34769671E-08      6.75000000
  0.20515152     -2.17323765      9.49667616      0.42630454E+04      0.49198574E-08      6.77000000
  0.20575758     -2.21463033      9.49667616      0.46861303E+04      0.54081275E-08      6.79000000
  0.20636364     -2.32813960      9.49667616      0.43630698E+04      0.50352928E-08      6.81000000
  0.20696970     -2.38212143      9.49667616      0.46590505E+04      0.53768755E-08      6.83000000
  0.20757576     -2.37578123      9.49667616      0.57164275E+04      0.65971637E-08      6.85000000
  0.20818182     -2.42930050      9.49667616      0.61107217E+04      0.70522073E-08      6.87000000
  0.20878788     -2.47426764      9.49667616      0.66621200E+04      0.76885600E-08      6.89000000
  0.20939394     -2.61257036      9.49667616      0.58586400E+04      0.67612870E-08      6.91000000
  0.21000000     -2.69611640      9.49667616      0.58443720E+04      0.67448207E-08      6.93000000
  0.21060606     -2.79965698      9.49667616      0.55678093E+04      0.64256478E-08      6.95000000
  0.21121212     -2.83441912      9.49667616      0.62145445E+04      0.71720261E-08      6.97000000
  0.21181818     -2.98418142      9.49667616      0.53227256E+04      0.61428037E-08      6.99000000
  0.21242424     -2.91360035      9.49667616      0.75718538E+04      0.87384576E-08      7.01000000
  0.21303030     -3.06850230      9.49667616      0.64089571E+04      0.73963920E-08      7.03000000
  0.21363636     -3.01051036      9.49667616      0.88565868E+04      0.10221131E-07      7.05000000
  0.21424242     -3.21463035      9.49667616      0.66931949E+04      0.77244227E-08      7.07000000
  0.21484848     -3.36953229      9.49667616      0.56652439E+04      0.65380941E-08      7.09000000
  0.21545455     -2.93587675      9.49667616      0.18593504E+05      0.21458225E-07      7.11000000
  0.21606061     -3.10068698      9.49667616      0.15382895E+05      0.17752955E-07      7.13000000
  0.21666667     -3.17323767      9.49667616      0.15738904E+05      0.18163814E-07      7.15000000
  0.21727273     -3.26038784      9.49667616      0.15570817E+05      0.17969829E-07      7.17000000
  0.21787879     -3.51566035      9.49667616      0.10459862E+05      0.12071424E-07      7.19000000
  0.21848485     -3.61257035      9.49667616      0.10118195E+05      0.11677116E-07      7.21000000
  0.21909091     -3.91360034      9.49667616      0.61173049E+04      0.70598047E-08      7.23000000
  0.21969697     -3.73750910      9.49667616      0.11095285E+05      0.12804747E-07      7.25000000
  0.22030303     -3.73750910      9.49667616      0.13416077E+05      0.15483106E-07      7.27000000
  0.22090909     -3.73750910      9.49667616      0.16222307E+05      0.18721695E-07      7.29000000
  0.22151515     -4.21463034      9.49667616      0.65385049E+04      0.75458995E-08      7.31000000
  0.22333333     -3.91360034      9.49667616      0.23119034E+05      0.26681009E-07      7.37000000
  0.22454545     -4.21463034      9.49667616      0.16901057E+05      0.19505021E-07      7.41000000
  0.22575758     -3.91360034      9.49667616      0.49421738E+05      0.57036199E-07      7.45000000
  0.22636364     -4.21463034      9.49667616      0.29879622E+05      0.34483208E-07      7.47000000
  0.22757576     -4.21463034      9.49667616      0.43686702E+05      0.50417560E-07      7.51000000
  0.22818182     -4.21463034      9.49667616      0.52824616E+05      0.60963362E-07      7.53000000
  0.23424242     -4.21463034      9.49667616      0.35294510E+06      0.40732373E-06      7.73000000
  0.23969697     -4.21463034      9.49667616      0.19502527E+07      0.22507302E-05      7.91000000
