  0.11484848     -3.91321178     14.00560224      0.10617752E-09      0.12253640E-21      3.79000000
  0.11545455     -3.54523500     14.00560224      0.32783888E-09      0.37834937E-21      3.81000000
  0.11606061     -3.11157942     14.00560224      0.11775169E-08      0.13589382E-20      3.83000000
  0.11666667     -3.02860519     14.00560224      0.18862207E-08      0.21768327E-20      3.85000000
  0.11727273     -2.85885410     14.00560224      0.36897310E-08      0.42582118E-20      3.87000000
  0.11787879     -2.37329967     14.00560224      0.14934829E-07      0.17235854E-19      3.89000000
  0.11848485     -2.32214717     14.00560224      0.22233297E-07      0.25658805E-19      3.91000000
  0.11909091     -2.09586681     14.00560224      0.49537643E-07      0.57169962E-19      3.93000000
  0.11969697     -1.89757264     14.00560224      0.10348577E-06      0.11942993E-18      3.95000000
  0.12030303     -1.80826967     14.00560224      0.16820338E-06      0.19411865E-18      3.97000000
  0.12090909     -1.66934730     14.00560224      0.30648427E-06      0.35370464E-18      3.99000000
  0.12151515     -1.56102925     14.00560224      0.52044802E-06      0.60063402E-18      4.01000000
  0.12212121     -1.45331695     14.00560224      0.88255296E-06      0.10185289E-17      4.03000000
  0.12272727     -1.32103503     14.00560224      0.15837033E-05      0.18277061E-17      4.05000000
  0.12333333     -1.22183555     14.00560224      0.26334459E-05      0.30391838E-17      4.07000000
  0.12393939     -1.13651060     14.00560224      0.42413144E-05      0.48947783E-17      4.09000000
  0.12454545     -1.05648288     14.00560224      0.67480658E-05      0.77877477E-17      4.11000000
  0.12515152     -0.97269530     14.00560224      0.10829739E-04      0.12498289E-16      4.13000000
  0.12575758     -0.88504734     14.00560224      0.17535457E-04      0.20237163E-16      4.15000000
  0.12636364     -0.81792615     14.00560224      0.27082539E-04      0.31255175E-16      4.17000000
  0.12696970     -0.75244323     14.00560224      0.41669992E-04      0.48090133E-16      4.19000000
  0.12757576     -0.68097825     14.00560224      0.65003914E-04      0.75019138E-16      4.21000000
  0.12818182     -0.61073653     14.00560224      0.10111890E-03      0.11669840E-15      4.23000000
  0.12878788     -0.54158984     14.00560224      0.15690261E-03      0.18107676E-15      4.25000000
  0.12939394     -0.49457908     14.00560224      0.23136200E-03      0.26700819E-15      4.27000000
  0.13000000     -0.43215155     14.00560224      0.35348474E-03      0.40794652E-15      4.29000000
  0.13060606     -0.38386698     14.00560224      0.52276483E-03      0.60330777E-15      4.31000000
  0.13121212     -0.33637152     14.00560224      0.77170788E-03      0.89060575E-15      4.33000000
  0.13181818     -0.29429248     14.00560224      0.11250792E-02      0.12984213E-14      4.35000000
  0.13242424     -0.24052908     14.00560224      0.16849911E-02      0.19445995E-14      4.37000000
  0.13303030     -0.20157324     14.00560224      0.24389593E-02      0.28147324E-14      4.39000000
  0.13363636     -0.16290912     14.00560224      0.35279287E-02      0.40714805E-14      4.41000000
  0.13424242     -0.13107373     14.00560224      0.50234988E-02      0.57974747E-14      4.43000000
  0.13484848     -0.09069501     14.00560224      0.72951821E-02      0.84191587E-14      4.45000000
  0.13545455     -0.06551575     14.00560224      0.10229785E-01      0.11805899E-13      4.47000000
  0.13606061     -0.03876863     14.00560224      0.14396760E-01      0.16614884E-13      4.49000000
  0.13666667     -0.01120889     14.00560224      0.20299045E-01      0.23426541E-13      4.51000000
  0.13727273      0.01158423     14.00560224      0.28308695E-01      0.32670246E-13      4.53000000
  0.13787879      0.02816715     14.00560224      0.38918301E-01      0.44914486E-13      4.55000000
  0.13848485      0.04471459     14.00560224      0.53499833E-01      0.61742611E-13      4.57000000
  0.13909091      0.05879038     14.00560224      0.73127265E-01      0.84394062E-13      4.59000000
  0.13969697      0.06994826     14.00560224      0.99286073E-01      0.11458319E-12      4.61000000
  0.14030303      0.08941499     14.00560224      0.13740615E+00      0.15857647E-12      4.63000000
  0.14090909      0.09271196     14.00560224      0.18321214E+00      0.21143984E-12      4.65000000
  0.14151515      0.10245527     14.00560224      0.24794119E+00      0.28614176E-12      4.67000000
  0.14212121      0.10939530     14.00560224      0.33338022E+00      0.38474447E-12      4.69000000
  0.14272727      0.10725999     14.00560224      0.43899102E+00      0.50662684E-12      4.71000000
  0.14333333      0.11420578     14.00560224      0.59027249E+00      0.68121641E-12      4.73000000
  0.14393939      0.11443676     14.00560224      0.78151018E+00      0.90191830E-12      4.75000000
  0.14454545      0.10830828     14.00560224      0.10196644E+01      0.11767652E-11      4.77000000
  0.14515152      0.10225976     14.00560224      0.13306378E+01      0.15356507E-11      4.79000000
  0.14575758      0.09928798     14.00560224      0.17487962E+01      0.20182352E-11      4.81000000
  0.14636364      0.09581397     14.00560224      0.22957062E+01      0.26494081E-11      4.83000000
  0.14696970      0.08564306     14.00560224      0.29675395E+01      0.34247516E-11      4.85000000
  0.14757576      0.07224463     14.00560224      0.38075815E+01      0.43942197E-11      4.87000000
  0.14818182      0.06217406     14.00560224      0.49229990E+01      0.56814908E-11      4.89000000
  0.14878788      0.05015100     14.00560224      0.63366219E+01      0.73129122E-11      4.91000000
  0.14939394      0.03056294     14.00560224      0.80153197E+01      0.92502488E-11      4.93000000
  0.15000000      0.01314783     14.00560224      0.10189594E+02      0.11759515E-10      4.95000000
  0.15060606     -0.00594378     14.00560224      0.12903763E+02      0.14891859E-10      4.97000000
  0.15121212     -0.02212054     14.00560224      0.16450940E+02      0.18985554E-10      4.99000000
  0.15181818     -0.05131910     14.00560224      0.20353696E+02      0.23489612E-10      5.01000000
  0.15242424     -0.07204007     14.00560224      0.25678723E+02      0.29635072E-10      5.03000000
  0.15303030     -0.09193850     14.00560224      0.32458325E+02      0.37459215E-10      5.05000000
  0.15363636     -0.11569035     14.00560224      0.40665430E+02      0.46930797E-10      5.07000000
  0.15424242     -0.14287534     14.00560224      0.50546547E+02      0.58334309E-10      5.09000000
  0.15484848     -0.17766609     14.00560224      0.61737902E+02      0.71249928E-10      5.11000000
  0.15545455     -0.19659638     14.00560224      0.78211873E+02      0.90262061E-10      5.13000000
  0.15606061     -0.22586120     14.00560224      0.96751785E+02      0.11165844E-09      5.15000000
  0.15666667     -0.26439656     14.00560224      0.11715875E+03      0.13520953E-09      5.17000000
  0.15727273     -0.30113467     14.00560224      0.14245830E+03      0.16440700E-09      5.19000000
  0.15787879     -0.32632454     14.00560224      0.17788896E+03      0.20529651E-09      5.21000000
  0.15848485     -0.36384062     14.00560224      0.21591560E+03      0.24918196E-09      5.23000000
  0.15909091     -0.40607582     14.00560224      0.25923877E+03      0.29917997E-09      5.25000000
  0.15969697     -0.44324256     14.00560224      0.31490845E+03      0.36342674E-09      5.27000000
  0.16030303     -0.47662514     14.00560224      0.38588052E+03      0.44533355E-09      5.29000000
  0.16090909     -0.51227106     14.00560224      0.47038996E+03      0.54286346E-09      5.31000000
  0.16151515     -0.56032212     14.00560224      0.55726030E+03      0.64311801E-09      5.33000000
  0.16212121     -0.60642945     14.00560224      0.66313491E+03      0.76530483E-09      5.35000000
  0.16272727     -0.64129275     14.00560224      0.80982224E+03      0.93459244E-09      5.37000000
  0.16333333     -0.69801498     14.00560224      0.94041292E+03      0.10853034E-08      5.39000000
  0.16393939     -0.72852034     14.00560224      0.11600170E+04      0.13387420E-08      5.41000000
  0.16454545     -0.78352189     14.00560224      0.13524272E+04      0.15607972E-08      5.43000000
  0.16515152     -0.82377772     14.00560224      0.16312075E+04      0.18825294E-08      5.45000000
  0.16575758     -0.87565247     14.00560224      0.19155150E+04      0.22106405E-08      5.47000000
  0.16636364     -0.91757657     14.00560224      0.23015085E+04      0.26561044E-08      5.49000000
  0.16696970     -0.98447464     14.00560224      0.26107520E+04      0.30129934E-08      5.51000000
  0.16757576     -1.01815775     14.00560224      0.31969337E+04      0.36894888E-08      5.53000000
  0.16818182     -1.08455189     14.00560224      0.36307020E+04      0.41900882E-08      5.55000000
  0.16878788     -1.13385581     14.00560224      0.42888198E+04      0.49496030E-08      5.57000000
  0.16939394     -1.19832342     14.00560224      0.48923927E+04      0.56461689E-08      5.59000000
  0.17000000     -1.24575883     14.00560224      0.58041284E+04      0.66983767E-08      5.61000000
  0.17060606     -1.28210636     14.00560224      0.70638357E+04      0.81521686E-08      5.63000000
  0.17121212     -1.36831730     14.00560224      0.76644460E+04      0.88453155E-08      5.65000000
  0.17181818     -1.39645614     14.00560224      0.95058958E+04      0.10970480E-07      5.67000000
  0.17242424     -1.50327863     14.00560224      0.98360714E+04      0.11351526E-07      5.69000000
  0.17303030     -1.49712629     14.00560224      0.13201556E+05      0.15235534E-07      5.71000000
  0.17363636     -1.59794135     14.00560224      0.13850364E+05      0.15984304E-07      5.73000000
  0.17424242     -1.63066518     14.00560224      0.16997634E+05      0.19616478E-07      5.75000000
  0.17484848     -1.69925153     14.00560224      0.19206721E+05      0.22165921E-07      5.77000000
  0.17545455     -1.75184379     14.00560224      0.22517081E+05      0.25986312E-07      5.79000000
  0.17606061     -1.87313715     14.00560224      0.22535637E+05      0.26007727E-07      5.81000000
  0.17666667     -1.86658658     14.00560224      0.30274120E+05      0.34938487E-07      5.83000000
  0.17727273     -1.93094055     14.00560224      0.34543686E+05      0.39865869E-07      5.85000000
  0.17787879     -2.02672106     14.00560224      0.36663952E+05      0.42312807E-07      5.87000000
  0.17848485     -2.06605059     14.00560224      0.44316031E+05      0.51143850E-07      5.89000000
  0.17909091     -2.12551520     14.00560224      0.51138428E+05      0.59017381E-07      5.91000000
  0.17969697     -2.19167594     14.00560224      0.58108243E+05      0.67061044E-07      5.93000000
  0.18030303     -2.32963518     14.00560224      0.55966690E+05      0.64589539E-07      5.95000000
  0.18090909     -2.36914372     14.00560224      0.67619537E+05      0.78037753E-07      5.97000000
  0.18151515     -2.49823844     14.00560224      0.66470446E+05      0.76711619E-07      5.99000000
  0.18212121     -2.49270593     14.00560224      0.89086565E+05      0.10281223E-06      6.01000000
  0.18272727     -2.61218176     14.00560224      0.89533899E+05      0.10332848E-06      6.03000000
  0.18333333     -2.61948103     14.00560224      0.11650360E+06      0.13445344E-06      6.05000000
  0.18393939     -2.66605716     14.00560224      0.13848870E+06      0.15982580E-06      6.07000000
  0.18454545     -2.82213130     14.00560224      0.12793557E+06      0.14764674E-06      6.09000000
  0.18515152     -2.77754917     14.00560224      0.18759642E+06      0.21649961E-06      6.11000000
  0.18575758     -2.89897135     14.00560224      0.18769534E+06      0.21661376E-06      6.13000000
  0.18636364     -3.04791036     14.00560224      0.17626480E+06      0.20342211E-06      6.15000000
  0.18696970     -2.99239301     14.00560224      0.26505381E+06      0.30589094E-06      6.17000000
  0.18757576     -3.39033304     14.00560224      0.14029595E+06      0.16191151E-06      6.19000000
  0.18818182     -3.24420500     14.00560224      0.25991078E+06      0.29995552E-06      6.21000000
  0.18878788     -3.27638966     14.00560224      0.31936753E+06      0.36857283E-06      6.23000000
  0.18939394     -3.43609053     14.00560224      0.29257755E+06      0.33765530E-06      6.25000000
  0.19000000     -3.54523500     14.00560224      0.30112558E+06      0.34752033E-06      6.27000000
  0.19060606     -4.08930304     14.00560224      0.11384939E+06      0.13139029E-06      6.29000000
  0.19121212     -4.39033304     14.00560224      0.75327203E+05      0.86932947E-07      6.31000000
  0.19181818     -3.54523500     14.00560224      0.69775185E+06      0.80525524E-06      6.33000000
  0.19242424     -3.91321178     14.00560224      0.39570845E+06      0.45667568E-06      6.35000000
  0.19303030     -3.78827304     14.00560224      0.69817642E+06      0.80574522E-06      6.37000000
  0.19363636     -3.91321178     14.00560224      0.69291116E+06      0.79966874E-06      6.39000000
  0.19484848     -3.78827304     14.00560224      0.16177765E+07      0.18670291E-05      6.43000000
  0.19606061     -4.39033304     14.00560224      0.70820790E+06      0.81732226E-06      6.47000000
  0.19666667     -4.39033304     14.00560224      0.93715598E+06      0.10815446E-05      6.49000000
  0.20212121     -4.39033304     14.00560224      0.11659285E+08      0.13455644E-04      6.67000000
