  0.11363636     -2.30393500     23.98081535      0.16241544E-06      0.18743897E-18      3.75000000
  0.11424242     -1.49575574     23.98081535      0.16869465E-05      0.19468561E-17      3.77000000
  0.11484848     -1.19201422     23.98081535      0.54845062E-05      0.63295101E-17      3.79000000
  0.11545455     -0.86338513     23.98081535      0.18882580E-04      0.21791840E-16      3.81000000
  0.11606061     -0.58358140     23.98081535      0.58097813E-04      0.67049006E-16      3.83000000
  0.11666667     -0.42949598     23.98081535      0.13382582E-03      0.15444451E-15      3.85000000
  0.11727273     -0.29333913     23.98081535      0.29579545E-03      0.34136898E-15      3.87000000
  0.11787879     -0.15409615     23.98081535      0.65845968E-03      0.75990928E-15      3.89000000
  0.11848485     -0.04183445     23.98081535      0.13774809E-02      0.15897109E-14      3.91000000
  0.11909091      0.04728787     23.98081535      0.27321380E-02      0.31530815E-14      3.93000000
  0.11969697      0.10791062     23.98081535      0.50748137E-02      0.58566958E-14      3.95000000
  0.12030303      0.16848768     23.98081535      0.94252282E-02      0.10877383E-13      3.97000000
  0.12090909      0.21406638     23.98081535      0.16910844E-01      0.19516317E-13      3.99000000
  0.12151515      0.25274787     23.98081535      0.29863555E-01      0.34464665E-13      4.01000000
  0.12212121      0.27895927     23.98081535      0.51244542E-01      0.59139844E-13      4.03000000
  0.12272727      0.30178211     23.98081535      0.87249946E-01      0.10069264E-12      4.05000000
  0.12333333      0.31760375     23.98081535      0.14617783E+00      0.16869961E-12      4.07000000
  0.12393939      0.32432360     23.98081535      0.23982591E+00      0.27677614E-12      4.09000000
  0.12454545      0.33152851     23.98081535      0.39390883E+00      0.45459879E-12      4.11000000
  0.12515152      0.33271444     23.98081535      0.63808181E+00      0.73639177E-12      4.13000000
  0.12575758      0.32761092     23.98081535      0.10187499E+01      0.11757098E-11      4.15000000
  0.12636364      0.32080379     23.98081535      0.16201497E+01      0.18697679E-11      4.17000000
  0.12696970      0.30822283     23.98081535      0.25425465E+01      0.29342794E-11      4.19000000
  0.12757576      0.28990095     23.98081535      0.39376919E+01      0.45443764E-11      4.21000000
  0.12818182      0.26934947     23.98081535      0.60671534E+01      0.70019263E-11      4.23000000
  0.12878788      0.24518352     23.98081535      0.92707259E+01      0.10699077E-10      4.25000000
  0.12939394      0.21772077     23.98081535      0.14058717E+02      0.16224759E-10      4.27000000
  0.13000000      0.18950903     23.98081535      0.21282796E+02      0.24561859E-10      4.29000000
  0.13060606      0.14943466     23.98081535      0.31350828E+02      0.36181084E-10      4.31000000
  0.13121212      0.11995935     23.98081535      0.47322581E+02      0.54613623E-10      4.33000000
  0.13181818      0.07360839     23.98081535      0.68708772E+02      0.79294807E-10      4.35000000
  0.13242424      0.03286044     23.98081535      0.10105526E+03      0.11662496E-09      4.37000000
  0.13303030     -0.01312381     23.98081535      0.14684846E+03      0.16947357E-09      4.39000000
  0.13363636     -0.06144692     23.98081535      0.21224674E+03      0.24494782E-09      4.41000000
  0.13424242     -0.10577628     23.98081535      0.30960387E+03      0.35730487E-09      4.43000000
  0.13484848     -0.16879167     23.98081535      0.43259919E+03      0.49925022E-09      4.45000000
  0.13545455     -0.21877138     23.98081535      0.62287472E+03      0.71884171E-09      4.47000000
  0.13606061     -0.28238498     23.98081535      0.86912416E+03      0.10030311E-08      4.49000000
  0.13666667     -0.33699046     23.98081535      0.12381437E+04      0.14289058E-08      4.51000000
  0.13727273     -0.40978999     23.98081535      0.16914776E+04      0.19520854E-08      4.53000000
  0.13787879     -0.47556060     23.98081535      0.23484988E+04      0.27103346E-08      4.55000000
  0.13848485     -0.55000766     23.98081535      0.31962298E+04      0.36886764E-08      4.57000000
  0.13909091     -0.61326330     23.98081535      0.44635158E+04      0.51512146E-08      4.59000000
  0.13969697     -0.67325462     23.98081535      0.62803012E+04      0.72479141E-08      4.61000000
  0.14030303     -0.76598919     23.98081535      0.81948426E+04      0.94574309E-08      4.63000000
  0.14090909     -0.84224110     23.98081535      0.11106659E+05      0.12817874E-07      4.65000000
  0.14151515     -0.91877275     23.98081535      0.15043417E+05      0.17361173E-07      4.67000000
  0.14212121     -1.01025364     23.98081535      0.19686129E+05      0.22719192E-07      4.69000000
  0.14272727     -1.08354603     23.98081535      0.26863503E+05      0.31002392E-07      4.71000000
  0.14333333     -1.17522355     23.98081535      0.35138227E+05      0.40552011E-07      4.73000000
  0.14393939     -1.25858576     23.98081535      0.46850296E+05      0.54068572E-07      4.75000000
  0.14454545     -1.33976715     23.98081535      0.62780630E+05      0.72453310E-07      4.77000000
  0.14515152     -1.46008794     23.98081535      0.76877561E+05      0.88722170E-07      4.79000000
  0.14575758     -1.52336155     23.98081535      0.10735461E+06      0.12389485E-06      4.81000000
  0.14636364     -1.61439373     23.98081535      0.14063170E+06      0.16229898E-06      4.83000000
  0.14696970     -1.72124641     23.98081535      0.17763366E+06      0.20500187E-06      4.85000000
  0.14757576     -1.79048497     23.98081535      0.24467039E+06      0.28236703E-06      4.87000000
  0.14818182     -1.90077989     23.98081535      0.30660640E+06      0.35384559E-06      4.89000000
  0.14878788     -1.97197128     23.98081535      0.42042114E+06      0.48519588E-06      4.91000000
  0.14939394     -2.11539343     23.98081535      0.48815430E+06      0.56336476E-06      4.93000000
  0.15000000     -2.23907516     23.98081535      0.59315759E+06      0.68454603E-06      4.95000000
  0.15060606     -2.34040069     23.98081535      0.75882091E+06      0.87573327E-06      4.97000000
  0.15121212     -2.42790322     23.98081535      0.10021471E+07      0.11565490E-05      4.99000000
  0.15181818     -2.51807988     23.98081535      0.13153748E+07      0.15180361E-05      5.01000000
  0.15242424     -2.70626924     23.98081535      0.13777007E+07      0.15899645E-05      5.03000000
  0.15303030     -2.61978874     23.98081535      0.27160021E+07      0.31344595E-05      5.05000000
  0.15363636     -3.02996321     23.98081535      0.17062802E+07      0.19691686E-05      5.07000000
  0.15424242     -3.01472325     23.98081535      0.28548613E+07      0.32947129E-05      5.09000000
  0.15484848     -3.01472325     23.98081535      0.46118984E+07      0.53224586E-05      5.11000000
  0.15545455     -3.09691002     23.98081535      0.61657750E+07      0.71157427E-05      5.13000000
  0.15606061     -3.36317790     23.98081535      0.53952865E+07      0.62265442E-05      5.15000000
  0.15666667     -3.63202320     23.98081535      0.46931445E+07      0.54162224E-05      5.17000000
  0.15727273     -3.77815126     23.98081535      0.54154006E+07      0.62497573E-05      5.19000000
  0.15787879     -4.00000001     23.98081535      0.52489997E+07      0.60577188E-05      5.21000000
  0.15848485     -4.00000001     23.98081535      0.84795199E+07      0.97859688E-05      5.23000000
  0.15909091     -3.63202320     23.98081535      0.31962651E+08      0.36887171E-04      5.25000000
  0.15969697     -3.87506126     23.98081535      0.29505260E+08      0.34051168E-04      5.27000000
  0.16030303     -4.47712125     23.98081535      0.11916101E+08      0.13752028E-04      5.29000000
  0.16090909     -4.47712125     23.98081535      0.19249918E+08      0.22215774E-04      5.31000000
  0.16151515     -4.17609125     23.98081535      0.62194732E+08      0.71777142E-04      5.33000000
  0.16212121     -4.47712125     23.98081535      0.50236378E+08      0.57976351E-04      5.35000000
  0.16454545     -4.47712125     23.98081535      0.34213475E+09      0.39484782E-03      5.43000000
  0.16696970     -4.47712125     23.98081535      0.23301080E+10      0.26891102E-02      5.51000000
  0.16757576     -4.47712125     23.98081535      0.37641833E+10      0.43441351E-02      5.53000000
