  0.11545455     -3.92464468     12.50000000      0.80747272E-10      0.93188092E-22      3.81000000
  0.11606061     -3.92464468     12.50000000      0.10368155E-09      0.11965588E-21      3.83000000
  0.11666667     -3.92464468     12.50000000      0.13312974E-09      0.15364119E-21      3.85000000
  0.11727273     -3.22567470     12.50000000      0.85470984E-09      0.98639591E-21      3.87000000
  0.11787879     -3.07954665     12.50000000      0.15364568E-08      0.17731804E-20      3.89000000
  0.11848485     -2.82773465     12.50000000      0.35229460E-08      0.40657301E-20      3.91000000
  0.11909091     -2.68160665     12.50000000      0.63329726E-08      0.73087006E-20      3.93000000
  0.11969697     -2.52670466     12.50000000      0.11616712E-07      0.13406511E-19      3.95000000
  0.12030303     -2.49328091     12.50000000      0.16109445E-07      0.18591445E-19      3.97000000
  0.12090909     -2.26663330     12.50000000      0.34857948E-07      0.40228550E-19      3.99000000
  0.12151515     -2.06132183     12.50000000      0.71810329E-07      0.82874224E-19      4.01000000
  0.12212121     -2.00819072     12.50000000      0.10420574E-06      0.12026083E-18      4.03000000
  0.12272727     -1.85831874     12.50000000      0.18894580E-06      0.21805688E-18      4.05000000
  0.12333333     -1.75438297     12.50000000      0.30820994E-06      0.35569618E-18      4.07000000
  0.12393939     -1.67913200     12.50000000      0.47062091E-06      0.54312999E-18      4.09000000
  0.12454545     -1.53282776     12.50000000      0.84634822E-06      0.97674601E-18      4.11000000
  0.12515152     -1.45408720     12.50000000      0.13027565E-05      0.15034737E-17      4.13000000
  0.12575758     -1.37502844     12.50000000      0.20067610E-05      0.23159448E-17      4.15000000
  0.12636364     -1.27922241     12.50000000      0.32127379E-05      0.37077279E-17      4.17000000
  0.12696970     -1.20947732     12.50000000      0.48438870E-05      0.55901899E-17      4.19000000
  0.12757576     -1.14685547     12.50000000      0.71843830E-05      0.82912887E-17      4.21000000
  0.12818182     -1.02701759     12.50000000      0.12156288E-04      0.14029221E-16      4.23000000
  0.12878788     -0.95383307     12.50000000      0.18473922E-04      0.21320220E-16      4.25000000
  0.12939394     -0.88483413     12.50000000      0.27805562E-04      0.32089595E-16      4.27000000
  0.13000000     -0.82808225     12.50000000      0.40687142E-04      0.46955854E-16      4.29000000
  0.13060606     -0.74913285     12.50000000      0.62658530E-04      0.72312397E-16      4.31000000
  0.13121212     -0.68235178     12.50000000      0.93828526E-04      0.10828479E-15      4.33000000
  0.13181818     -0.61193853     12.50000000      0.14168431E-03      0.16351377E-15      4.35000000
  0.13242424     -0.57207629     12.50000000      0.19941491E-03      0.23013898E-15      4.37000000
  0.13303030     -0.51708381     12.50000000      0.29061881E-03      0.33539476E-15      4.39000000
  0.13363636     -0.47756420     12.50000000      0.40871159E-03      0.47168223E-15      4.41000000
  0.13424242     -0.41672136     12.50000000      0.60371701E-03      0.69673235E-15      4.43000000
  0.13484848     -0.36551640     12.50000000      0.87219179E-03      0.10065713E-14      4.45000000
  0.13545455     -0.32220483     12.50000000      0.12373632E-02      0.14280050E-14      4.47000000
  0.13606061     -0.28921122     12.50000000      0.17142115E-02      0.19783220E-14      4.49000000
  0.13666667     -0.25425967     12.50000000      0.23855558E-02      0.27531010E-14      4.51000000
  0.13727273     -0.21275314     12.50000000      0.33703091E-02      0.38895763E-14      4.53000000
  0.13787879     -0.17996061     12.50000000      0.46669794E-02      0.53860260E-14      4.55000000
  0.13848485     -0.15104106     12.50000000      0.64051464E-02      0.73919943E-14      4.57000000
  0.13909091     -0.11805775     12.50000000      0.88733167E-02      0.10240438E-13      4.59000000
  0.13969697     -0.09089215     12.50000000      0.12129006E-01      0.13997735E-13      4.61000000
  0.14030303     -0.07055128     12.50000000      0.16320734E-01      0.18835288E-13      4.63000000
  0.14090909     -0.04454598     12.50000000      0.22249416E-01      0.25677408E-13      4.65000000
  0.14151515     -0.02063279     12.50000000      0.30185991E-01      0.34836779E-13      4.67000000
  0.14212121     -0.00884926     12.50000000      0.39825623E-01      0.45961601E-13      4.69000000
  0.14272727      0.01184392     12.50000000      0.53632665E-01      0.61895908E-13      4.71000000
  0.14333333      0.02780872     12.50000000      0.71444336E-01      0.82451843E-13      4.73000000
  0.14393939      0.04215387     12.50000000      0.94817080E-01      0.10942565E-12      4.75000000
  0.14454545      0.04714127     12.50000000      0.12315373E+00      0.14212816E-12      4.77000000
  0.14515152      0.05460769     12.50000000      0.16087466E+00      0.18566079E-12      4.79000000
  0.14575758      0.06393655     12.50000000      0.21105231E+00      0.24356937E-12      4.81000000
  0.14636364      0.06662573     12.50000000      0.27267977E+00      0.31469183E-12      4.83000000
  0.14696970      0.07531190     12.50000000      0.35720103E+00      0.41223538E-12      4.85000000
  0.14757576      0.07989164     12.50000000      0.46351742E+00      0.53493206E-12      4.87000000
  0.14818182      0.07306928     12.50000000      0.58589166E+00      0.67616063E-12      4.89000000
  0.14878788      0.07304744     12.50000000      0.75226197E+00      0.86816379E-12      4.91000000
  0.14939394      0.07489909     12.50000000      0.97005057E+00      0.11195073E-11      4.93000000
  0.15000000      0.06709071     12.50000000      0.12233750E+01      0.14118618E-11      4.95000000
  0.15060606      0.06480516     12.50000000      0.15625995E+01      0.18033509E-11      4.97000000
  0.15121212      0.05929719     12.50000000      0.19811317E+01      0.22863668E-11      4.99000000
  0.15181818      0.05474431     12.50000000      0.25172948E+01      0.29051372E-11      5.01000000
  0.15242424      0.03772464     12.50000000      0.31080502E+01      0.35869109E-11      5.03000000
  0.15303030      0.03224378     12.50000000      0.39407673E+01      0.45479256E-11      5.05000000
  0.15363636      0.01971458     12.50000000      0.49161510E+01      0.56735877E-11      5.07000000
  0.15424242      0.00658430     12.50000000      0.61244706E+01      0.70680744E-11      5.09000000
  0.15484848     -0.00478242     12.50000000      0.76608234E+01      0.88411348E-11      5.11000000
  0.15545455     -0.02869755     12.50000000      0.93096625E+01      0.10744012E-10      5.13000000
  0.15606061     -0.04583574     12.50000000      0.11491305E+02      0.13261783E-10      5.15000000
  0.15666667     -0.05995564     12.50000000      0.14283120E+02      0.16483736E-10      5.17000000
  0.15727273     -0.08297243     12.50000000      0.17393217E+02      0.20073009E-10      5.19000000
  0.15787879     -0.10559455     12.50000000      0.21199783E+02      0.24466057E-10      5.21000000
  0.15848485     -0.12547650     12.50000000      0.26002978E+02      0.30009286E-10      5.23000000
  0.15909091     -0.15041976     12.50000000      0.31524881E+02      0.36381953E-10      5.25000000
  0.15969697     -0.17351962     12.50000000      0.38381965E+02      0.44295517E-10      5.27000000
  0.16030303     -0.19604744     12.50000000      0.46792151E+02      0.54001469E-10      5.29000000
  0.16090909     -0.22083760     12.50000000      0.56748773E+02      0.65492118E-10      5.31000000
  0.16151515     -0.25125509     12.50000000      0.67937976E+02      0.78405254E-10      5.33000000
  0.16212121     -0.28331934     12.50000000      0.81025548E+02      0.93509242E-10      5.35000000
  0.16272727     -0.31617212     12.50000000      0.96459013E+02      0.11132056E-09      5.37000000
  0.16333333     -0.33614887     12.50000000      0.11828773E+03      0.13651245E-09      5.39000000
  0.16393939     -0.37466106     12.50000000      0.13899562E+03      0.16041083E-09      5.41000000
  0.16454545     -0.39406083     12.50000000      0.17067699E+03      0.19697338E-09      5.43000000
  0.16515152     -0.43202396     12.50000000      0.20081006E+03      0.23174908E-09      5.45000000
  0.16575758     -0.47439556     12.50000000      0.23387698E+03      0.26991066E-09      5.47000000
  0.16636364     -0.51759386     12.50000000      0.27187094E+03      0.31375840E-09      5.49000000
  0.16696970     -0.53406282     12.50000000      0.33609918E+03      0.38788235E-09      5.51000000
  0.16757576     -0.58044895     12.50000000      0.38784210E+03      0.44759735E-09      5.53000000
  0.16818182     -0.61983113     12.50000000      0.45482716E+03      0.52490287E-09      5.55000000
  0.16878788     -0.67118551     12.50000000      0.51887845E+03      0.59882262E-09      5.57000000
  0.16939394     -0.71285691     12.50000000      0.60529606E+03      0.69855468E-09      5.59000000
  0.17000000     -0.73910251     12.50000000      0.73163735E+03      0.84436151E-09      5.61000000
  0.17060606     -0.80111968     12.50000000      0.81442729E+03      0.93990699E-09      5.63000000
  0.17121212     -0.82895240     12.50000000      0.98082883E+03      0.11319462E-08      5.65000000
  0.17181818     -0.86678848     12.50000000      0.11543321E+04      0.13321813E-08      5.67000000
  0.17242424     -0.91286285     12.50000000      0.13329996E+04      0.15383763E-08      5.69000000
  0.17303030     -0.95592831     12.50000000      0.15500231E+04      0.17888369E-08      5.71000000
  0.17363636     -1.02074115     12.50000000      0.17143479E+04      0.19784793E-08      5.73000000
  0.17424242     -1.06072730     12.50000000      0.20076427E+04      0.23169624E-08      5.75000000
  0.17484848     -1.11948379     12.50000000      0.22516639E+04      0.25985802E-08      5.77000000
  0.17545455     -1.13435950     12.50000000      0.27938396E+04      0.32242895E-08      5.79000000
  0.17606061     -1.18824820     12.50000000      0.31687384E+04      0.36569494E-08      5.81000000
  0.17666667     -1.24159765     12.50000000      0.35984093E+04      0.41528201E-08      5.83000000
  0.17727273     -1.31451705     12.50000000      0.39062926E+04      0.45081394E-08      5.85000000
  0.17787879     -1.34031345     12.50000000      0.47265254E+04      0.54547463E-08      5.87000000
  0.17848485     -1.40613073     12.50000000      0.52155287E+04      0.60190909E-08      5.89000000
  0.17909091     -1.47439557     12.50000000      0.57227809E+04      0.66044960E-08      5.91000000
  0.17969697     -1.52410670     12.50000000      0.65534442E+04      0.75631405E-08      5.93000000
  0.18030303     -1.57149812     12.50000000      0.75448708E+04      0.87073172E-08      5.95000000
  0.18090909     -1.61289081     12.50000000      0.88070961E+04      0.10164015E-07      5.97000000
  0.18151515     -1.67422466     12.50000000      0.98191186E+04      0.11331961E-07      5.99000000
  0.18212121     -1.77696836     12.50000000      0.99518181E+04      0.11485105E-07      6.01000000
  0.18272727     -1.79270538     12.50000000      0.12323641E+05      0.14222358E-07      6.03000000
  0.18333333     -1.84185930     12.50000000      0.14130539E+05      0.16307647E-07      6.05000000
  0.18393939     -1.96322358     12.50000000      0.13720441E+05      0.15834364E-07      6.07000000
  0.18454545     -1.95383306     12.50000000      0.18002475E+05      0.20776136E-07      6.09000000
  0.18515152     -2.00036540     12.50000000      0.20766987E+05      0.23966579E-07      6.11000000
  0.18575758     -2.12876467     12.50000000      0.19840282E+05      0.22897096E-07      6.13000000
  0.18636364     -2.15012771     12.50000000      0.24252607E+05      0.27989232E-07      6.15000000
  0.18696970     -2.29117622     12.50000000      0.22505234E+05      0.25972640E-07      6.17000000
  0.18757576     -2.30139539     12.50000000      0.28225262E+05      0.32573959E-07      6.19000000
  0.18818182     -2.32258471     12.50000000      0.34516145E+05      0.39834085E-07      6.21000000
  0.18878788     -2.39316574     12.50000000      0.37671670E+05      0.43475785E-07      6.23000000
  0.18939394     -2.45482266     12.50000000      0.41969285E+05      0.48435539E-07      6.25000000
  0.19000000     -2.52670466     12.50000000      0.45669178E+05      0.52705478E-07      6.27000000
  0.19060606     -2.68160665     12.50000000      0.41048267E+05      0.47372618E-07      6.29000000
  0.19121212     -2.63461005     12.50000000      0.58730682E+05      0.67779382E-07      6.31000000
  0.19181818     -2.76327668     12.50000000      0.56075356E+05      0.64714947E-07      6.33000000
  0.19242424     -2.82773465     12.50000000      0.62070849E+05      0.71634172E-07      6.35000000
  0.19303030     -2.94692107     12.50000000      0.60572415E+05      0.69904873E-07      6.37000000
  0.19363636     -2.92464470     12.50000000      0.81870017E+05      0.94483819E-07      6.39000000
  0.19424242     -3.14649343     12.50000000      0.63073912E+05      0.72791779E-07      6.41000000
  0.19484848     -3.18428198     12.50000000      0.74239466E+05      0.85677621E-07      6.43000000
  0.19545455     -3.22567470     12.50000000      0.86659413E+05      0.10001112E-06      6.45000000
  0.19606061     -3.32258469     12.50000000      0.89018316E+05      0.10273346E-06      6.47000000
  0.19666667     -3.32258469     12.50000000      0.11430178E+06      0.13191238E-06      6.49000000
  0.19727273     -3.74855342     12.50000000      0.55037397E+05      0.63517068E-07      6.51000000
  0.19787879     -3.74855342     12.50000000      0.70669416E+05      0.81557530E-07      6.53000000
  0.19848485     -3.62361468     12.50000000      0.12098844E+06      0.13962925E-06      6.55000000
  0.19909091     -3.74855342     12.50000000      0.11651417E+06      0.13446563E-06      6.57000000
  0.19969697     -3.62361468     12.50000000      0.19947621E+06      0.23020972E-06      6.59000000
  0.20030303     -4.22567467     12.50000000      0.64033130E+05      0.73898784E-07      6.61000000
  0.20090909     -3.44752342     12.50000000      0.49332100E+06      0.56932750E-06      6.63000000
  0.20151515     -4.22567467     12.50000000      0.10557278E+06      0.12183850E-06      6.65000000
  0.20212121     -4.22567467     12.50000000      0.13555814E+06      0.15644373E-06      6.67000000
  0.20272727     -4.22567467     12.50000000      0.17406009E+06      0.20087772E-06      6.69000000
  0.20333333     -3.74855342     12.50000000      0.67049275E+06      0.77379630E-06      6.71000000
  0.20454545     -3.92464468     12.50000000      0.73697044E+06      0.85051628E-06      6.75000000
  0.21181818     -4.22567467     12.50000000      0.74012235E+07      0.85415380E-05      6.99000000
