  0.12030303     -4.10086833      8.00000000      0.12987674E-09      0.14988699E-21      3.97000000
  0.12151515     -4.40189833      8.00000000      0.89428432E-10      0.10320677E-21      4.01000000
  0.12272727     -4.40189833      8.00000000      0.12315438E-09      0.14212891E-21      4.05000000
  0.12333333     -3.92477708      8.00000000      0.43356900E-09      0.50036945E-21      4.07000000
  0.12393939     -3.79983834      8.00000000      0.67839724E-09      0.78291865E-21      4.09000000
  0.12515152     -3.55680030      8.00000000      0.16349194E-08      0.18868132E-20      4.13000000
  0.12575758     -3.55680030      8.00000000      0.19185957E-08      0.22141958E-20      4.15000000
  0.12636364     -3.44765581      8.00000000      0.28947767E-08      0.33407781E-20      4.17000000
  0.12696970     -3.32271708      8.00000000      0.45294025E-08      0.52272525E-20      4.19000000
  0.12757576     -3.19777835      8.00000000      0.70870708E-08      0.81789835E-20      4.21000000
  0.12818182     -3.04017050      8.00000000      0.11955335E-07      0.13797306E-19      4.23000000
  0.12878788     -2.98692495      8.00000000      0.15859679E-07      0.18303197E-19      4.25000000
  0.12939394     -2.97053458      8.00000000      0.19327331E-07      0.22305114E-19      4.27000000
  0.13000000     -2.78911446      8.00000000      0.34441268E-07      0.39747671E-19      4.29000000
  0.13060606     -2.77864902      8.00000000      0.41402988E-07      0.47781991E-19      4.31000000
  0.13121212     -2.61656850      8.00000000      0.70566621E-07      0.81438897E-19      4.33000000
  0.13181818     -2.48808446      8.00000000      0.11131930E-06      0.12847039E-18      4.35000000
  0.13242424     -2.33371248      8.00000000      0.18639299E-06      0.21511076E-18      4.37000000
  0.13303030     -2.23163660      8.00000000      0.27668943E-06      0.31931927E-18      4.39000000
  0.13363636     -2.13238539      8.00000000      0.40806646E-06      0.47093770E-18      4.41000000
  0.13424242     -2.10304523      8.00000000      0.51233990E-06      0.59127667E-18      4.43000000
  0.13484848     -2.01450851      8.00000000      0.73719438E-06      0.85077472E-18      4.45000000
  0.13545455     -1.92333182      8.00000000      0.10672000E-05      0.12316247E-17      4.47000000
  0.13606061     -1.83369661      8.00000000      0.15394591E-05      0.17766452E-17      4.49000000
  0.13666667     -1.78805648      8.00000000      0.20067598E-05      0.23159435E-17      4.51000000
  0.13727273     -1.67111605      8.00000000      0.30826409E-05      0.35575868E-17      4.53000000
  0.13787879     -1.60810793      8.00000000      0.41823288E-05      0.48267048E-17      4.55000000
  0.13848485     -1.53798096      8.00000000      0.57680932E-05      0.66567896E-17      4.57000000
  0.13909091     -1.46287857      8.00000000      0.80467734E-05      0.92865486E-17      4.59000000
  0.13969697     -1.40016462      8.00000000      0.10909952E-04      0.12590860E-16      4.61000000
  0.14030303     -1.33781489      8.00000000      0.14779498E-04      0.17056592E-16      4.63000000
  0.14090909     -1.26612980      8.00000000      0.20456527E-04      0.23608286E-16      4.65000000
  0.14151515     -1.22034056      8.00000000      0.26675235E-04      0.30785117E-16      4.67000000
  0.14212121     -1.16184857      8.00000000      0.35816847E-04      0.41335188E-16      4.69000000
  0.14272727     -1.10108554      8.00000000      0.48343435E-04      0.55791761E-16      4.71000000
  0.14333333     -1.04472606      8.00000000      0.64592798E-04      0.74544681E-16      4.73000000
  0.14393939     -0.97996550      8.00000000      0.87989688E-04      0.10154636E-15      4.75000000
  0.14454545     -0.93399439      8.00000000      0.11478629E-03      0.13247154E-15      4.77000000
  0.14515152     -0.91222104      8.00000000      0.14162844E-03      0.16344929E-15      4.79000000
  0.14575758     -0.84330976      8.00000000      0.19478202E-03      0.22479230E-15      4.81000000
  0.14636364     -0.79951274      8.00000000      0.25283256E-03      0.29178675E-15      4.83000000
  0.14696970     -0.76340907      8.00000000      0.32242135E-03      0.37209716E-15      4.85000000
  0.14757576     -0.71108226      8.00000000      0.42681308E-03      0.49257264E-15      4.87000000
  0.14818182     -0.66878133      8.00000000      0.55211020E-03      0.63717442E-15      4.89000000
  0.14878788     -0.62972337      8.00000000      0.70887693E-03      0.81809437E-15      4.91000000
  0.14939394     -0.58891813      8.00000000      0.91382534E-03      0.10546194E-14      4.93000000
  0.15000000     -0.55593258      8.00000000      0.11570067E-02      0.13352680E-14      4.95000000
  0.15060606     -0.52154214      8.00000000      0.14696483E-02      0.16960787E-14      4.97000000
  0.15121212     -0.48350099      8.00000000      0.18825291E-02      0.21725724E-14      4.99000000
  0.15181818     -0.45628205      8.00000000      0.23520565E-02      0.27144404E-14      5.01000000
  0.15242424     -0.42531910      8.00000000      0.29641339E-02      0.34208212E-14      5.03000000
  0.15303030     -0.39530393      8.00000000      0.37273494E-02      0.43016262E-14      5.05000000
  0.15363636     -0.36411337      8.00000000      0.46997828E-02      0.54238834E-14      5.07000000
  0.15424242     -0.34116273      8.00000000      0.58145423E-02      0.67103952E-14      5.09000000
  0.15484848     -0.31742930      8.00000000      0.72066941E-02      0.83170373E-14      5.11000000
  0.15545455     -0.29611570      8.00000000      0.88825324E-02      0.10251074E-13      5.13000000
  0.15606061     -0.27353135      8.00000000      0.10980150E-01      0.12671874E-13      5.15000000
  0.15666667     -0.24765701      8.00000000      0.13676335E-01      0.15783463E-13      5.17000000
  0.15727273     -0.23281198      8.00000000      0.16607409E-01      0.19166130E-13      5.19000000
  0.15787879     -0.20384638      8.00000000      0.20833133E-01      0.24042917E-13      5.21000000
  0.15848485     -0.18753141      8.00000000      0.25383803E-01      0.29294713E-13      5.23000000
  0.15909091     -0.17568521      8.00000000      0.30611880E-01      0.35328285E-13      5.25000000
  0.15969697     -0.15201542      8.00000000      0.37935595E-01      0.43780373E-13      5.27000000
  0.16030303     -0.13828592      8.00000000      0.45947673E-01      0.53026881E-13      5.29000000
  0.16090909     -0.12709413      8.00000000      0.55327676E-01      0.63852071E-13      5.31000000
  0.16151515     -0.11970686      8.00000000      0.66041482E-01      0.76216565E-13      5.33000000
  0.16212121     -0.10442232      8.00000000      0.80276507E-01      0.92644796E-13      5.35000000
  0.16272727     -0.08433638      8.00000000      0.98664639E-01      0.11386601E-12      5.37000000
  0.16333333     -0.08046560      8.00000000      0.11682060E+00      0.13481928E-12      5.39000000
  0.16393939     -0.07343716      8.00000000      0.13932690E+00      0.16079315E-12      5.41000000
  0.16454545     -0.06676149      8.00000000      0.16603428E+00      0.19161537E-12      5.43000000
  0.16515152     -0.05623057      8.00000000      0.19962540E+00      0.23038190E-12      5.45000000
  0.16575758     -0.05658340      8.00000000      0.23407234E+00      0.27013612E-12      5.47000000
  0.16636364     -0.04436365      8.00000000      0.28252505E+00      0.32605399E-12      5.49000000
  0.16696970     -0.04623611      8.00000000      0.33011983E+00      0.38098176E-12      5.51000000
  0.16757576     -0.03777903      8.00000000      0.39501702E+00      0.45587772E-12      5.53000000
  0.16818182     -0.03424429      8.00000000      0.46734508E+00      0.53934944E-12      5.55000000
  0.16878788     -0.03862490      8.00000000      0.54293043E+00      0.62658031E-12      5.57000000
  0.16939394     -0.03361145      8.00000000      0.64453239E+00      0.74383620E-12      5.59000000
  0.17000000     -0.03603612      8.00000000      0.75215474E+00      0.86804003E-12      5.61000000
  0.17060606     -0.04236640      8.00000000      0.86988939E+00      0.10039142E-11      5.63000000
  0.17121212     -0.04227152      8.00000000      0.10210477E+01      0.11783616E-11      5.65000000
  0.17181818     -0.04884807      8.00000000      0.11802027E+01      0.13620378E-11      5.67000000
  0.17242424     -0.05087546      8.00000000      0.13785303E+01      0.15909220E-11      5.69000000
  0.17303030     -0.05070131      8.00000000      0.16183691E+01      0.18677130E-11      5.71000000
  0.17363636     -0.05860791      8.00000000      0.18649110E+01      0.21522399E-11      5.73000000
  0.17424242     -0.08102535      8.00000000      0.20783935E+01      0.23986139E-11      5.75000000
  0.17484848     -0.07595185      8.00000000      0.24676775E+01      0.28478752E-11      5.77000000
  0.17545455     -0.08841074      8.00000000      0.28139516E+01      0.32475002E-11      5.79000000
  0.17606061     -0.09003854      8.00000000      0.32898488E+01      0.37967194E-11      5.81000000
  0.17666667     -0.10840317      8.00000000      0.37008240E+01      0.42710139E-11      5.83000000
  0.17727273     -0.11941216      8.00000000      0.42342506E+01      0.48866263E-11      5.85000000
  0.17787879     -0.12757880      8.00000000      0.48763744E+01      0.56276827E-11      5.87000000
  0.17848485     -0.14173150      8.00000000      0.55390012E+01      0.63924011E-11      5.89000000
  0.17909091     -0.15821552      8.00000000      0.62579855E+01      0.72221601E-11      5.91000000
  0.17969697     -0.16422894      8.00000000      0.72428292E+01      0.83587398E-11      5.93000000
  0.18030303     -0.18032762      8.00000000      0.81902411E+01      0.94521205E-11      5.95000000
  0.18090909     -0.19461413      8.00000000      0.93003072E+01      0.10733216E-10      5.97000000
  0.18151515     -0.21581825      8.00000000      0.10393942E+02      0.11995348E-10      5.99000000
  0.18212121     -0.22760588      8.00000000      0.11870794E+02      0.13699740E-10      6.01000000
  0.18272727     -0.25135680      8.00000000      0.13189125E+02      0.15221187E-10      6.03000000
  0.18333333     -0.27618937      8.00000000      0.14617413E+02      0.16869534E-10      6.05000000
  0.18393939     -0.28227955      8.00000000      0.16914823E+02      0.19520908E-10      6.07000000
  0.18454545     -0.31107617      8.00000000      0.18576246E+02      0.21438309E-10      6.09000000
  0.18515152     -0.33241524      8.00000000      0.20754200E+02      0.23951822E-10      6.11000000
  0.18575758     -0.35221522      8.00000000      0.23269826E+02      0.26855034E-10      6.13000000
  0.18636364     -0.37401890      8.00000000      0.25970276E+02      0.29971545E-10      6.15000000
  0.18696970     -0.38982071      8.00000000      0.29387448E+02      0.33915204E-10      6.17000000
  0.18757576     -0.41922013      8.00000000      0.32229204E+02      0.37194793E-10      6.19000000
  0.18818182     -0.43986064      8.00000000      0.36065852E+02      0.41622557E-10      6.21000000
  0.18878788     -0.47746396      8.00000000      0.38813247E+02      0.44793247E-10      6.23000000
  0.18939394     -0.48083644      8.00000000      0.45195440E+02      0.52158751E-10      6.25000000
  0.19000000     -0.51648057      8.00000000      0.48858216E+02      0.56385855E-10      6.27000000
  0.19060606     -0.54257988      8.00000000      0.53991503E+02      0.62310033E-10      6.29000000
  0.19121212     -0.58038477      8.00000000      0.58077464E+02      0.67025522E-10      6.31000000
  0.19181818     -0.59551480      8.00000000      0.65821038E+02      0.75962157E-10      6.33000000
  0.19242424     -0.63023737      8.00000000      0.71306525E+02      0.82292799E-10      6.35000000
  0.19303030     -0.65784014      8.00000000      0.78526026E+02      0.90624616E-10      6.37000000
  0.19363636     -0.68000530      8.00000000      0.87566015E+02      0.10105741E-09      6.39000000
  0.19424242     -0.71930203      8.00000000      0.93869817E+02      0.10833244E-09      6.41000000
  0.19484848     -0.74627974      8.00000000      0.10352265E+03      0.11947250E-09      6.43000000
  0.19545455     -0.79347928      8.00000000      0.10897402E+03      0.12576376E-09      6.45000000
  0.19606061     -0.82177201      8.00000000      0.11981670E+03      0.13827698E-09      6.47000000
  0.19666667     -0.83487197      8.00000000      0.13642831E+03      0.15744797E-09      6.49000000
  0.19727273     -0.89095135      8.00000000      0.14070588E+03      0.16238458E-09      6.51000000
  0.19787879     -0.92826541      8.00000000      0.15152535E+03      0.17487103E-09      6.53000000
  0.19848485     -0.95879185      8.00000000      0.16574711E+03      0.19128395E-09      6.55000000
  0.19909091     -0.99552848      8.00000000      0.17872959E+03      0.20626665E-09      6.57000000
  0.19969697     -1.01736570      8.00000000      0.19945565E+03      0.23018600E-09      6.59000000
  0.20030303     -1.06925792      8.00000000      0.20770227E+03      0.23970319E-09      6.61000000
  0.20090909     -1.09397463      8.00000000      0.23025637E+03      0.26573222E-09      6.63000000
  0.20151515     -1.14614355      8.00000000      0.23962374E+03      0.27654283E-09      6.65000000
  0.20212121     -1.19534226      8.00000000      0.25108355E+03      0.28976827E-09      6.67000000
  0.20272727     -1.22005474      8.00000000      0.27835107E+03      0.32123692E-09      6.69000000
  0.20333333     -1.25453120      8.00000000      0.30171962E+03      0.34820589E-09      6.71000000
  0.20393939     -1.30568373      8.00000000      0.31473000E+03      0.36322079E-09      6.73000000
  0.20454545     -1.34920438      8.00000000      0.33412164E+03      0.38560013E-09      6.75000000
  0.20515152     -1.37048986      8.00000000      0.37334148E+03      0.43086261E-09      6.77000000
  0.20575758     -1.41512660      8.00000000      0.39532713E+03      0.45623561E-09      6.79000000
  0.20636364     -1.49234227      8.00000000      0.38835426E+03      0.44818842E-09      6.81000000
  0.20696970     -1.50372182      8.00000000      0.44395161E+03      0.51235172E-09      6.83000000
  0.20757576     -1.55370919      8.00000000      0.46433924E+03      0.53588049E-09      6.85000000
  0.20818182     -1.59571834      8.00000000      0.49466747E+03      0.57088142E-09      6.87000000
  0.20878788     -1.65760534      8.00000000      0.50340030E+03      0.58095973E-09      6.89000000
  0.20939394     -1.68008771      8.00000000      0.56094233E+03      0.64736732E-09      6.91000000
  0.21000000     -1.75844567      8.00000000      0.54960083E+03      0.63427842E-09      6.93000000
  0.21060606     -1.75943382      8.00000000      0.64349672E+03      0.74264096E-09      6.95000000
  0.21121212     -1.80640211      8.00000000      0.67774320E+03      0.78216384E-09      6.97000000
  0.21181818     -1.93950032      8.00000000      0.58540182E+03      0.67559532E-09      6.99000000
  0.21242424     -1.93800533      8.00000000      0.68934429E+03      0.79555231E-09      7.01000000
  0.21303030     -1.95629412      8.00000000      0.77559412E+03      0.89509075E-09      7.03000000
  0.21363636     -1.97701669      8.00000000      0.86775886E+03      0.10014554E-08      7.05000000
  0.21424242     -2.09226813      8.00000000      0.78097068E+03      0.90129568E-09      7.07000000
  0.21484848     -2.11634102      8.00000000      0.86705962E+03      0.10006484E-08      7.09000000
  0.21545455     -2.20599866      8.00000000      0.82771044E+03      0.95523669E-09      7.11000000
  0.21606061     -2.14904531      8.00000000      0.11074367E+04      0.12780607E-08      7.13000000
  0.21666667     -2.27156456      8.00000000      0.98013698E+03      0.11311477E-08      7.15000000
  0.21727273     -2.34120050      8.00000000      0.97980116E+03      0.11307602E-08      7.17000000
  0.21787879     -2.34499349      8.00000000      0.11398090E+04      0.13154206E-08      7.19000000
  0.21848485     -2.40626311      8.00000000      0.11615812E+04      0.13405473E-08      7.21000000
  0.21909091     -2.51540759      8.00000000      0.10602108E+04      0.12235586E-08      7.23000000
  0.21969697     -2.56304923      8.00000000      0.11149045E+04      0.12866791E-08      7.25000000
  0.22030303     -2.59571836      8.00000000      0.12135444E+04      0.14005165E-08      7.27000000
  0.22090909     -2.64602348      8.00000000      0.12683458E+04      0.14637612E-08      7.29000000
  0.22151515     -2.79983832      8.00000000      0.10445036E+04      0.12054314E-08      7.31000000
  0.22212121     -2.71170225      8.00000000      0.15015270E+04      0.17328689E-08      7.33000000
  0.22272727     -2.76842985      8.00000000      0.15462961E+04      0.17845356E-08      7.35000000
  0.22333333     -2.82211472      8.00000000      0.16035958E+04      0.18506635E-08      7.37000000
  0.22393939     -2.91053664      8.00000000      0.15351828E+04      0.17717101E-08      7.39000000
  0.22454545     -3.12314472      8.00000000      0.11041781E+04      0.12743000E-08      7.41000000
  0.22515152     -3.14662582      8.00000000      0.12275669E+04      0.14166994E-08      7.43000000
  0.22575758     -3.04017050      8.00000000      0.18407194E+04      0.21243210E-08      7.45000000
  0.22636364     -3.19777835      8.00000000      0.15026812E+04      0.17342009E-08      7.47000000
  0.22696970     -3.28795495      8.00000000      0.14327730E+04      0.16535218E-08      7.49000000
  0.22757576     -3.28795495      8.00000000      0.16813746E+04      0.19404259E-08      7.51000000
  0.22818182     -3.14662582      8.00000000      0.27320003E+04      0.31529225E-08      7.53000000
  0.22878788     -3.55680030      8.00000000      0.12467902E+04      0.14388845E-08      7.55000000
  0.22939394     -3.70292831      8.00000000      0.10450871E+04      0.12061048E-08      7.57000000
  0.23000000     -3.44765581      8.00000000      0.22075579E+04      0.25476787E-08      7.59000000
  0.23060606     -4.40189833      8.00000000      0.28784368E+03      0.33219207E-09      7.61000000
  0.23121212     -3.62374708      8.00000000      0.20267261E+04      0.23389860E-08      7.63000000
  0.23181818     -3.92477708      8.00000000      0.11891926E+04      0.13724128E-08      7.65000000
  0.23242424     -4.40189833      8.00000000      0.46517680E+03      0.53684709E-09      7.67000000
  0.23303030     -3.79983834      8.00000000      0.21835601E+04      0.25199836E-08      7.69000000
  0.23363636     -3.92477708      8.00000000      0.19218237E+04      0.22179211E-08      7.71000000
  0.23424242     -3.79983834      8.00000000      0.30070413E+04      0.34703394E-08      7.73000000
  0.23484848     -4.40189833      8.00000000      0.88219890E+03      0.10181202E-08      7.75000000
  0.23545455     -3.92477708      8.00000000      0.31058100E+04      0.35843255E-08      7.77000000
  0.23606061     -4.10086833      8.00000000      0.24298012E+04      0.28041633E-08      7.79000000
  0.23666667     -3.79983834      8.00000000      0.57027963E+04      0.65814323E-08      7.81000000
  0.23727273     -4.40189833      8.00000000      0.16730734E+04      0.19308456E-08      7.83000000
  0.23787879     -4.10086833      8.00000000      0.39267395E+04      0.45317366E-08      7.85000000
  0.24151515     -4.40189833      8.00000000      0.51277259E+04      0.59177602E-08      7.97000000
  0.24212121     -4.40189833      8.00000000      0.60174421E+04      0.69445559E-08      7.99000000
  0.24393939     -4.10086833      8.00000000      0.19449268E+05      0.22445838E-07      8.05000000
  0.24757576     -4.40189833      8.00000000      0.25397793E+05      0.29310858E-07      8.17000000
