  0.14272727     -3.62042134      3.50017501      0.18589747E-06      0.21453890E-18      4.71000000
  0.14454545     -3.62042134      3.50017501      0.22934004E-06      0.26467471E-18      4.77000000
  0.14636364     -3.44433008      3.50017501      0.42440214E-06      0.48979023E-18      4.83000000
  0.14696970     -3.92145134      3.50017501      0.15172545E-06      0.17510195E-18      4.85000000
  0.14757576     -3.44433008      3.50017501      0.48818207E-06      0.56339682E-18      4.87000000
  0.14818182     -3.62042134      3.50017501      0.34905406E-06      0.40283320E-18      4.89000000
  0.14878788     -3.14330008      3.50017501      0.11230940E-05      0.12961303E-17      4.91000000
  0.14939394     -3.44433008      3.50017501      0.60226584E-06      0.69505759E-18      4.93000000
  0.15000000     -3.07635331      3.50017501      0.15071870E-05      0.17394009E-17      4.95000000
  0.15060606     -3.07635331      3.50017501      0.16164760E-05      0.18655282E-17      4.97000000
  0.15121212     -2.92145134      3.50017501      0.24766998E-05      0.28582876E-17      4.99000000
  0.15181818     -3.01836135      3.50017501      0.21250321E-05      0.24524381E-17      5.01000000
  0.15242424     -2.66617885      3.50017501      0.51280249E-05      0.59181053E-17      5.03000000
  0.15303030     -2.84227008      3.50017501      0.36665788E-05      0.42314926E-17      5.05000000
  0.15363636     -2.55972350      3.50017501      0.75371949E-05      0.86984587E-17      5.07000000
  0.15424242     -2.49008759      3.50017501      0.94895974E-05      0.10951670E-16      5.09000000
  0.15484848     -2.49008759      3.50017501      0.10177706E-04      0.11745797E-16      5.11000000
  0.15545455     -2.54124009      3.50017501      0.97028553E-05      0.11197785E-16      5.13000000
  0.15606061     -2.37738331      3.50017501      0.15176040E-04      0.17514229E-16      5.15000000
  0.15666667     -2.44433009      3.50017501      0.13951272E-04      0.16100760E-16      5.17000000
  0.15727273     -2.36514885      3.50017501      0.17955487E-04      0.20721909E-16      5.19000000
  0.15787879     -2.13612151      3.50017501      0.32630721E-04      0.37658172E-16      5.21000000
  0.15848485     -2.08894245      3.50017501      0.39012867E-04      0.45023622E-16      5.23000000
  0.15909091     -2.13612151      3.50017501      0.37534526E-04      0.43317512E-16      5.25000000
  0.15969697     -2.04063776      3.50017501      0.50155299E-04      0.57882780E-16      5.27000000
  0.16030303     -1.93467961      3.50017501      0.68655779E-04      0.79233650E-16      5.29000000
  0.16090909     -1.91712997      3.50017501      0.76670603E-04      0.88483326E-16      5.31000000
  0.16151515     -1.88005867      3.50017501      0.89557573E-04      0.10335581E-15      5.33000000
  0.16212121     -1.77843657      3.50017501      0.12137425E-03      0.14007451E-15      5.35000000
  0.16272727     -1.82454134      3.50017501      0.11706415E-03      0.13510035E-15      5.37000000
  0.16333333     -1.69614206      3.50017501      0.16874283E-03      0.19474122E-15      5.39000000
  0.16393939     -1.64269775      3.50017501      0.20467828E-03      0.23621329E-15      5.41000000
  0.16454545     -1.62259826      3.50017501      0.22991822E-03      0.26534197E-15      5.43000000
  0.16515152     -1.55972350      3.50017501      0.28500356E-03      0.32891437E-15      5.45000000
  0.16575758     -1.46508533      3.50017501      0.38009362E-03      0.43865506E-15      5.47000000
  0.16636364     -1.47429332      3.50017501      0.39910276E-03      0.46059295E-15      5.49000000
  0.16696970     -1.38112187      3.50017501      0.53046693E-03      0.61219655E-15      5.51000000
  0.16757576     -1.33261962      3.50017501      0.63615464E-03      0.73416768E-15      5.53000000
  0.16818182     -1.28697407      3.50017501      0.75789734E-03      0.87466741E-15      5.55000000
  0.16878788     -1.22596966      3.50017501      0.93544212E-03      0.10795667E-14      5.57000000
  0.16939394     -1.21644338      3.50017501      0.10255228E-02      0.11835263E-14      5.59000000
  0.17000000     -1.18029975      3.50017501      0.11953390E-02      0.13795062E-14      5.61000000
  0.17060606     -1.12626676      3.50017501      0.14518650E-02      0.16755554E-14      5.63000000
  0.17121212     -1.07821857      3.50017501      0.17393082E-02      0.20072854E-14      5.65000000
  0.17181818     -1.05516401      3.50017501      0.19671309E-02      0.22702088E-14      5.67000000
  0.17242424     -1.00237325      3.50017501      0.23824629E-02      0.27495315E-14      5.69000000
  0.17303030     -0.96624482      3.50017501      0.27768774E-02      0.32047139E-14      5.71000000
  0.17363636     -0.93066865      3.50017501      0.32324737E-02      0.37305045E-14      5.73000000
  0.17424242     -0.90483580      3.50017501      0.36793406E-02      0.42462206E-14      5.75000000
  0.17484848     -0.87534658      3.50017501      0.42233915E-02      0.48740941E-14      5.77000000
  0.17545455     -0.82838004      3.50017501      0.50469619E-02      0.58245528E-14      5.79000000
  0.17606061     -0.80285596      3.50017501      0.57405860E-02      0.66250444E-14      5.81000000
  0.17666667     -0.75918574      3.50017501      0.68081418E-02      0.78570796E-14      5.83000000
  0.17727273     -0.73506011      3.50017501      0.77189166E-02      0.89081784E-14      5.85000000
  0.17787879     -0.70396739      3.50017501      0.88930597E-02      0.10263223E-13      5.87000000
  0.17848485     -0.68265278      3.50017501      0.10017698E-01      0.11561136E-13      5.89000000
  0.17909091     -0.63589405      3.50017501      0.11965444E-01      0.13808973E-13      5.91000000
  0.17969697     -0.62020425      3.50017501      0.13305180E-01      0.15355123E-13      5.93000000
  0.18030303     -0.60276207      3.50017501      0.14854740E-01      0.17143426E-13      5.95000000
  0.18090909     -0.56104728      3.50017501      0.17538077E-01      0.20240188E-13      5.97000000
  0.18151515     -0.54432731      3.50017501      0.19548079E-01      0.22559873E-13      5.99000000
  0.18212121     -0.51118038      3.50017501      0.22628364E-01      0.26114740E-13      6.01000000
  0.18272727     -0.49073147      3.50017501      0.25439244E-01      0.29358696E-13      6.03000000
  0.18333333     -0.48720189      3.50017501      0.27506536E-01      0.31744498E-13      6.05000000
  0.18393939     -0.43929264      3.50017501      0.32941797E-01      0.38017176E-13      6.07000000
  0.18454545     -0.42687935      3.50017501      0.36354880E-01      0.41956116E-13      6.09000000
  0.18515152     -0.39718508      3.50017501      0.41750254E-01      0.48182761E-13      6.11000000
  0.18575758     -0.37825276      3.50017501      0.46772822E-01      0.53979161E-13      6.13000000
  0.18636364     -0.38577754      3.50017501      0.49302726E-01      0.56898851E-13      6.15000000
  0.18696970     -0.35020851      3.50017501      0.57390776E-01      0.66233035E-13      6.17000000
  0.18757576     -0.32331770      3.50017501      0.65483975E-01      0.75573162E-13      6.19000000
  0.18818182     -0.29830547      3.50017501      0.74395969E-01      0.85858237E-13      6.21000000
  0.18878788     -0.30623801      3.50017501      0.78346391E-01      0.90417305E-13      6.23000000
  0.18939394     -0.26544901      3.50017501      0.92301791E-01      0.10652283E-12      6.25000000
  0.19000000     -0.27270111      3.50017501      0.97355426E-01      0.11235508E-12      6.27000000
  0.19060606     -0.25605799      3.50017501      0.10849392E+00      0.12520970E-12      6.29000000
  0.19121212     -0.25092720      3.50017501      0.11774388E+00      0.13588481E-12      6.31000000
  0.19181818     -0.22869252      3.50017501      0.13291535E+00      0.15339377E-12      6.33000000
  0.19242424     -0.22092068      3.50017501      0.14512730E+00      0.16748723E-12      6.35000000
  0.19303030     -0.21158804      3.50017501      0.15903177E+00      0.18353397E-12      6.37000000
  0.19363636     -0.19236759      3.50017501      0.17828158E+00      0.20574962E-12      6.39000000
  0.19424242     -0.19269186      3.50017501      0.19106641E+00      0.22050422E-12      6.41000000
  0.19484848     -0.17334087      3.50017501      0.21425821E+00      0.24726921E-12      6.43000000
  0.19545455     -0.18681152      3.50017501      0.22277629E+00      0.25709967E-12      6.45000000
  0.19606061     -0.16817478      3.50017501      0.24940653E+00      0.28783287E-12      6.47000000
  0.19666667     -0.15310930      3.50017501      0.27693347E+00      0.31960091E-12      6.49000000
  0.19727273     -0.15333146      3.50017501      0.29686255E+00      0.34260049E-12      6.51000000
  0.19787879     -0.14898294      3.50017501      0.32159261E+00      0.37114074E-12      6.53000000
  0.19848485     -0.15037855      3.50017501      0.34380532E+00      0.39677578E-12      6.55000000
  0.19909091     -0.14737256      3.50017501      0.37129638E+00      0.42850242E-12      6.57000000
  0.19969697     -0.14620508      3.50017501      0.39929175E+00      0.46081106E-12      6.59000000
  0.20030303     -0.14099001      3.50017501      0.43341859E+00      0.50019586E-12      6.61000000
  0.20090909     -0.12821991      3.50017501      0.47871801E+00      0.55247462E-12      6.63000000
  0.20151515     -0.12717249      3.50017501      0.51467055E+00      0.59396641E-12      6.65000000
  0.20212121     -0.12224870      3.50017501      0.55828409E+00      0.64429953E-12      6.67000000
  0.20272727     -0.13804805      3.50017501      0.57737507E+00      0.66633187E-12      6.69000000
  0.20333333     -0.13441616      3.50017501      0.62444193E+00      0.72065038E-12      6.71000000
  0.20393939     -0.13826264      3.50017501      0.66381598E+00      0.76609083E-12      6.73000000
  0.20454545     -0.13215272      3.50017501      0.72203752E+00      0.83328262E-12      6.75000000
  0.20515152     -0.14330010      3.50017501      0.75476980E+00      0.87105800E-12      6.77000000
  0.20575758     -0.13377838      3.50017501      0.82744355E+00      0.95492868E-12      6.79000000
  0.20636364     -0.14387952      3.50017501      0.86704045E+00      0.10006263E-11      6.81000000
  0.20696970     -0.14511343      3.50017501      0.92727295E+00      0.10701389E-11      6.83000000
  0.20757576     -0.14708038      3.50017501      0.99001728E+00      0.11425503E-11      6.85000000
  0.20818182     -0.15214787      3.50017501      0.10494878E+01      0.12111836E-11      6.87000000
  0.20878788     -0.16405533      3.50017501      0.10951462E+01      0.12638765E-11      6.89000000
  0.20939394     -0.16542414      3.50017501      0.11708612E+01      0.13512571E-11      6.91000000
  0.21000000     -0.17148325      3.50017501      0.12383643E+01      0.14291605E-11      6.93000000
  0.21060606     -0.19107286      3.50017501      0.12695826E+01      0.14651886E-11      6.95000000
  0.21121212     -0.20063077      3.50017501      0.13320029E+01      0.15372261E-11      6.97000000
  0.21181818     -0.19220553      3.50017501      0.14565740E+01      0.16809900E-11      6.99000000
  0.21242424     -0.21936561      3.50017501      0.14674882E+01      0.16935857E-11      7.01000000
  0.21303030     -0.22230767      3.50017501      0.15632725E+01      0.18041276E-11      7.03000000
  0.21363636     -0.22640767      3.50017501      0.16608745E+01      0.19167673E-11      7.05000000
  0.21424242     -0.23392239      3.50017501      0.17507504E+01      0.20204904E-11      7.07000000
  0.21484848     -0.25671536      3.50017501      0.17816952E+01      0.20562029E-11      7.09000000
  0.21545455     -0.27133819      3.50017501      0.18476202E+01      0.21322851E-11      7.11000000
  0.21606061     -0.25605799      3.50017501      0.20525561E+01      0.23687957E-11      7.13000000
  0.21666667     -0.29153231      3.50017501      0.20287234E+01      0.23412911E-11      7.15000000
  0.21727273     -0.29521366      3.50017501      0.21574644E+01      0.24898673E-11      7.17000000
  0.21787879     -0.31410357      3.50017501      0.22154189E+01      0.25567509E-11      7.19000000
  0.21848485     -0.32233279      3.50017501      0.23314643E+01      0.26906756E-11      7.21000000
  0.21909091     -0.34637901      3.50017501      0.23658363E+01      0.27303433E-11      7.23000000
  0.21969697     -0.37220279      3.50017501      0.23909090E+01      0.27592789E-11      7.25000000
  0.22030303     -0.36058866      3.50017501      0.26337788E+01      0.30395680E-11      7.27000000
  0.22090909     -0.40018246      3.50017501      0.25786217E+01      0.29759128E-11      7.29000000
  0.22151515     -0.41251783      3.50017501      0.26881556E+01      0.31023227E-11      7.31000000
  0.22212121     -0.41643710      3.50017501      0.28571778E+01      0.32973863E-11      7.33000000
  0.22272727     -0.42729674      3.50017501      0.29886823E+01      0.34491519E-11      7.35000000
  0.22333333     -0.45045318      3.50017501      0.30389633E+01      0.35071797E-11      7.37000000
  0.22393939     -0.47506952      3.50017501      0.30797201E+01      0.35542159E-11      7.39000000
  0.22454545     -0.48976601      3.50017501      0.31931321E+01      0.36851015E-11      7.41000000
  0.22515152     -0.51833082      3.50017501      0.32066696E+01      0.37007247E-11      7.43000000
  0.22575758     -0.52595023      3.50017501      0.33793793E+01      0.39000439E-11      7.45000000
  0.22636364     -0.54287175      3.50017501      0.34859211E+01      0.40230008E-11      7.47000000
  0.22696970     -0.55502840      3.50017501      0.36354907E+01      0.41956147E-11      7.49000000
  0.22757576     -0.58041270      3.50017501      0.36777387E+01      0.42443719E-11      7.51000000
  0.22818182     -0.59655185      3.50017501      0.38005273E+01      0.43860787E-11      7.53000000
  0.22878788     -0.63275509      3.50017501      0.37500991E+01      0.43278810E-11      7.55000000
  0.22939394     -0.66690326      3.50017501      0.37178915E+01      0.42907110E-11      7.57000000
  0.23000000     -0.66545562      3.50017501      0.40007968E+01      0.46172039E-11      7.59000000
  0.23060606     -0.68090211      3.50017501      0.41409704E+01      0.47789743E-11      7.61000000
  0.23121212     -0.70291584      3.50017501      0.42217308E+01      0.48721774E-11      7.63000000
  0.23181818     -0.74132547      3.50017501      0.41446039E+01      0.47831676E-11      7.65000000
  0.23242424     -0.75413401      3.50017501      0.43159522E+01      0.49809157E-11      7.67000000
  0.23303030     -0.78000157      3.50017501      0.43612523E+01      0.50331951E-11      7.69000000
  0.23363636     -0.81221038      3.50017501      0.43431470E+01      0.50123004E-11      7.71000000
  0.23424242     -0.82108081      3.50017501      0.45639012E+01      0.52670665E-11      7.73000000
  0.23484848     -0.86798874      3.50017501      0.43937004E+01      0.50706426E-11      7.75000000
  0.23545455     -0.89778744      3.50017501      0.43998094E+01      0.50776929E-11      7.77000000
  0.23606061     -0.88842991      3.50017501      0.48216261E+01      0.55644993E-11      7.79000000
  0.23666667     -0.91971763      3.50017501      0.48118042E+01      0.55531641E-11      7.81000000
  0.23727273     -0.94144796      3.50017501      0.49088499E+01      0.56651617E-11      7.83000000
  0.23787879     -0.96432315      3.50017501      0.49946688E+01      0.57642029E-11      7.85000000
  0.23848485     -0.98999349      3.50017501      0.50493851E+01      0.58273493E-11      7.87000000
  0.23909091     -1.03327185      3.50017501      0.49018753E+01      0.56571126E-11      7.89000000
  0.23969697     -1.04639009      3.50017501      0.51008923E+01      0.58867924E-11      7.91000000
  0.24030303     -1.07449602      3.50017501      0.51279332E+01      0.59179994E-11      7.93000000
  0.24090909     -1.12004764      3.50017501      0.49521395E+01      0.57151210E-11      7.95000000
  0.24151515     -1.13187061      3.50017501      0.51685894E+01      0.59649196E-11      7.97000000
  0.24212121     -1.17403952      3.50017501      0.50304318E+01      0.58054759E-11      7.99000000
  0.24272727     -1.17794159      3.50017501      0.53469402E+01      0.61707491E-11      8.01000000
  0.24333333     -1.21133398      3.50017501      0.53102512E+01      0.61284074E-11      8.03000000
  0.24393939     -1.26535314      3.50017501      0.50291900E+01      0.58040427E-11      8.05000000
  0.24454545     -1.33150176      3.50017501      0.46318188E+01      0.53454481E-11      8.07000000
  0.24515152     -1.29716926      3.50017501      0.53763334E+01      0.62046710E-11      8.09000000
  0.24575758     -1.36274279      3.50017501      0.49580944E+01      0.57219934E-11      8.11000000
  0.24636364     -1.38489290      3.50017501      0.50532039E+01      0.58317565E-11      8.13000000
  0.24696970     -1.43431298      3.50017501      0.48366969E+01      0.55818921E-11      8.15000000
  0.24757576     -1.42039208      3.50017501      0.53563865E+01      0.61816508E-11      8.17000000
  0.24818182     -1.40823375      3.50017501      0.59078896E+01      0.68181245E-11      8.19000000
  0.24878788     -1.53406152      3.50017501      0.47424934E+01      0.54731746E-11      8.21000000
  0.24939394     -1.55223547      3.50017501      0.48779227E+01      0.56294696E-11      8.23000000
  0.25000000     -1.57902867      3.50017501      0.49186266E+01      0.56764447E-11      8.25000000
  0.25060606     -1.60969749      3.50017501      0.49156071E+01      0.56729601E-11      8.27000000
  0.25121212     -1.61395530      3.50017501      0.52206129E+01      0.60249584E-11      8.29000000
  0.25181818     -1.64269775      3.50017501      0.52406020E+01      0.60480272E-11      8.31000000
  0.25242424     -1.69356462      3.50017501      0.49993833E+01      0.57696437E-11      8.33000000
  0.25303030     -1.72832675      3.50017501      0.49494443E+01      0.57120106E-11      8.35000000
  0.25363636     -1.78791245      3.50017501      0.46277818E+01      0.53407892E-11      8.37000000
  0.25424242     -1.79434654      3.50017501      0.48903610E+01      0.56438243E-11      8.39000000
  0.25484848     -1.84227010      3.50017501      0.46969885E+01      0.54206586E-11      8.41000000
  0.25545455     -1.89614549      3.50017501      0.44498589E+01      0.51354535E-11      8.43000000
  0.25606061     -1.88802760      3.50017501      0.48625744E+01      0.56117566E-11      8.45000000
  0.25666667     -1.89614549      3.50017501      0.51185919E+01      0.59072189E-11      8.47000000
  0.25727273     -1.96720883      3.50017501      0.46611095E+01      0.53792517E-11      8.49000000
  0.25787879     -2.03496060      3.50017501      0.42770041E+01      0.49359667E-11      8.51000000
  0.25848485     -1.89206756      3.50017501      0.63743343E+01      0.73564349E-11      8.53000000
  0.25909091     -2.13612151      3.50017501      0.38974722E+01      0.44979599E-11      8.55000000
  0.25969697     -2.22248136      3.50017501      0.34262994E+01      0.39541930E-11      8.57000000
  0.26030303     -2.15059933      3.50017501      0.43362016E+01      0.50042849E-11      8.59000000
  0.26090909     -2.23125525      3.50017501      0.38623861E+01      0.44574681E-11      8.61000000
  0.26151515     -2.14330009      3.50017501      0.50723939E+01      0.58539031E-11      8.63000000
  0.26212121     -2.40293742      3.50017501      0.29921115E+01      0.34531094E-11      8.65000000
  0.26272727     -2.22248136      3.50017501      0.48622353E+01      0.56113652E-11      8.67000000
  0.26333333     -2.37738331      3.50017501      0.36503638E+01      0.42127794E-11      8.69000000
  0.26393939     -2.33038674      3.50017501      0.43624942E+01      0.50346284E-11      8.71000000
  0.26454545     -2.36514885      3.50017501      0.43189172E+01      0.49843375E-11      8.73000000
  0.26515152     -2.29820205      3.50017501      0.54041055E+01      0.62367219E-11      8.75000000
  0.26575758     -2.44433009      3.50017501      0.41399768E+01      0.47778276E-11      8.77000000
  0.26636364     -2.50647801      3.50017501      0.38481512E+01      0.44410400E-11      8.79000000
  0.26696970     -2.62042135      3.50017501      0.31747602E+01      0.36638989E-11      8.81000000
  0.26757576     -2.44433009      3.50017501      0.51074522E+01      0.58943630E-11      8.83000000
  0.26818182     -2.57902866      3.50017501      0.40170560E+01      0.46359681E-11      8.85000000
  0.26878788     -2.59923205      3.50017501      0.41125068E+01      0.47461252E-11      8.87000000
  0.26939394     -2.74536008      3.50017501      0.31505090E+01      0.36359113E-11      8.89000000
  0.27000000     -2.69100244      3.50017501      0.38294861E+01      0.44194992E-11      8.91000000
  0.27060606     -2.66617885      3.50017501      0.43487678E+01      0.50187872E-11      8.93000000
  0.27121212     -2.88005865      3.50017501      0.28502868E+01      0.32894335E-11      8.95000000
  0.27181818     -2.77532331      3.50017501      0.38906846E+01      0.44901266E-11      8.97000000
  0.27242424     -3.31939135      3.50017501      0.11922302E+01      0.13759184E-11      8.99000000
  0.27303030     -2.80750800      3.50017501      0.41557135E+01      0.47959888E-11      9.01000000
  0.27363636     -2.96720884      3.50017501      0.30856517E+01      0.35610614E-11      9.03000000
  0.27424242     -2.96720884      3.50017501      0.33093982E+01      0.38192808E-11      9.05000000
  0.27484848     -3.14330008      3.50017501      0.23662462E+01      0.27308163E-11      9.07000000
  0.27545455     -2.92145134      3.50017501      0.42297120E+01      0.48813883E-11      9.09000000
  0.27606061     -2.77532331      3.50017501      0.63509832E+01      0.73294861E-11      9.11000000
  0.27666667     -3.44433008      3.50017501      0.14596083E+01      0.16844918E-11      9.13000000
  0.27727273     -3.62042134      3.50017501      0.10436316E+01      0.12044250E-11      9.15000000
  0.27787879     -3.01836135      3.50017501      0.44772292E+01      0.51670408E-11      9.17000000
  0.27848485     -2.92145134      3.50017501      0.60023521E+01      0.69271410E-11      9.19000000
  0.27909091     -3.62042134      3.50017501      0.12875189E+01      0.14858883E-11      9.21000000
  0.27969697     -3.44433008      3.50017501      0.20713191E+01      0.23904495E-11      9.23000000
  0.28030303     -3.44433008      3.50017501      0.22215144E+01      0.25637856E-11      9.25000000
  0.28090909     -3.92145134      3.50017501      0.79420023E+00      0.91656352E-12      9.27000000
  0.28151515     -3.92145134      3.50017501      0.85178923E+00      0.98302532E-12      9.29000000
  0.28212121     -3.62042134      3.50017501      0.18271082E+01      0.21086128E-11      9.31000000
  0.28272727     -3.62042134      3.50017501      0.19595954E+01      0.22615124E-11      9.33000000
  0.28333333     -3.22248134      3.50017501      0.52542235E+01      0.60637474E-11      9.35000000
  0.28393939     -3.62042134      3.50017501      0.22540870E+01      0.26013766E-11      9.37000000
  0.28454545     -3.44433008      3.50017501      0.36263029E+01      0.41850113E-11      9.39000000
  0.28515152     -3.44433008      3.50017501      0.38892531E+01      0.44884746E-11      9.41000000
  0.28636364     -3.44433008      3.50017501      0.44737373E+01      0.51630109E-11      9.45000000
  0.28696970     -3.92145134      3.50017501      0.15993788E+01      0.18457969E-11      9.47000000
  0.28757576     -3.92145134      3.50017501      0.17153529E+01      0.19796392E-11      9.49000000
  0.28818182     -3.92145134      3.50017501      0.18397365E+01      0.21231867E-11      9.51000000
  0.28878788     -3.92145134      3.50017501      0.19731393E+01      0.22771430E-11      9.53000000
  0.29181818     -3.92145134      3.50017501      0.28000670E+01      0.32314763E-11      9.63000000
  0.29303030     -3.92145134      3.50017501      0.32208662E+01      0.37171086E-11      9.67000000
  0.29545455     -3.44433008      3.50017501      0.12785052E+02      0.14754858E-10      9.75000000
  0.29606061     -3.62042134      3.50017501      0.91414134E+01      0.10549841E-10      9.77000000
  0.29727273     -3.92145134      3.50017501      0.52576010E+01      0.60676453E-11      9.81000000
