  0.11727273     -4.40385630     10.00000000      0.29066289E-10      0.33544564E-22      3.87000000
  0.11848485     -3.80179631     10.00000000      0.17344723E-09      0.20017043E-21      3.91000000
  0.11909091     -4.10282631     10.00000000      0.10592446E-09      0.12224436E-21      3.93000000
  0.11969697     -3.70488630     10.00000000      0.32344108E-09      0.37327400E-21      3.95000000
  0.12030303     -3.80179631     10.00000000      0.31604146E-09      0.36473431E-21      3.97000000
  0.12090909     -3.50076631     10.00000000      0.77202782E-09      0.89097499E-21      3.99000000
  0.12151515     -3.17340741     10.00000000      0.20037833E-08      0.23125084E-20      4.01000000
  0.12212121     -3.19973632     10.00000000      0.23034603E-08      0.26583570E-20      4.03000000
  0.12272727     -2.95669829     10.00000000      0.49235422E-08      0.56821177E-20      4.05000000
  0.12333333     -2.89870632     10.00000000      0.68727181E-08      0.79316052E-20      4.07000000
  0.12393939     -2.80179631     10.00000000      0.10492946E-07      0.12109606E-19      4.09000000
  0.12454545     -2.73175846     10.00000000      0.15058932E-07      0.17379078E-19      4.11000000
  0.12515152     -2.42613272     10.00000000      0.37177384E-07      0.42905344E-19      4.13000000
  0.12575758     -2.44006848     10.00000000      0.43974606E-07      0.50749821E-19      4.15000000
  0.12636364     -2.32467507     10.00000000      0.70057441E-07      0.80851267E-19      4.17000000
  0.12696970     -2.14858382     10.00000000      0.12835252E-06      0.14812794E-18      4.19000000
  0.12757576     -2.10282632     10.00000000      0.17418903E-06      0.20102652E-18      4.21000000
  0.12818182     -1.95825212     10.00000000      0.29679317E-06      0.34252042E-18      4.23000000
  0.12878788     -1.95669827     10.00000000      0.36380331E-06      0.41985488E-18      4.25000000
  0.12939394     -1.80179633     10.00000000      0.63478621E-06      0.73258842E-18      4.27000000
  0.13000000     -1.70749991     10.00000000      0.96334712E-06      0.11117711E-17      4.29000000
  0.13060606     -1.64646029     10.00000000      0.13541954E-05      0.15628377E-17      4.31000000
  0.13121212     -1.54652383     10.00000000      0.20819806E-05      0.24027536E-17      4.33000000
  0.13181818     -1.45986743     10.00000000      0.31045022E-05      0.35828162E-17      4.35000000
  0.13242424     -1.38640558     10.00000000      0.44906862E-05      0.51825712E-17      4.37000000
  0.13303030     -1.32431330     10.00000000      0.63279624E-05      0.73029185E-17      4.39000000
  0.13363636     -1.23980102     10.00000000      0.93893400E-05      0.10835966E-16      4.41000000
  0.13424242     -1.13809539     10.00000000      0.14494379E-04      0.16727543E-16      4.43000000
  0.13484848     -1.09936581     10.00000000      0.19354773E-04      0.22336784E-16      4.45000000
  0.13545455     -1.04421053     10.00000000      0.26841220E-04      0.30976676E-16      4.47000000
  0.13606061     -0.96373471     10.00000000      0.39458173E-04      0.45537536E-16      4.49000000
  0.13666667     -0.90527010     10.00000000      0.55139201E-04      0.63634557E-16      4.51000000
  0.13727273     -0.86528257     10.00000000      0.73842586E-04      0.85219593E-16      4.53000000
  0.13787879     -0.79736746     10.00000000      0.10545833E-03      0.12170641E-15      4.55000000
  0.13848485     -0.73333215     10.00000000      0.14927089E-03      0.17226922E-15      4.57000000
  0.13909091     -0.69842027     10.00000000      0.19758132E-03      0.22802289E-15      4.59000000
  0.13969697     -0.64433955     10.00000000      0.27332887E-03      0.31544094E-15      4.61000000
  0.14030303     -0.60149315     10.00000000      0.36846038E-03      0.42522948E-15      4.63000000
  0.14090909     -0.55820028     10.00000000      0.49721311E-03      0.57381927E-15      4.65000000
  0.14151515     -0.49838426     10.00000000      0.69697546E-03      0.80435922E-15      4.67000000
  0.14212121     -0.46850022     10.00000000      0.91192773E-03      0.10524294E-14      4.69000000
  0.14272727     -0.43313762     10.00000000      0.12083199E-02      0.13944870E-14      4.71000000
  0.14333333     -0.38444921     10.00000000      0.16509321E-02      0.19052930E-14      4.73000000
  0.14393939     -0.35747822     10.00000000      0.21456511E-02      0.24762339E-14      4.75000000
  0.14454545     -0.33024793     10.00000000      0.27902833E-02      0.32201853E-14      4.77000000
  0.14515152     -0.30077132     10.00000000      0.36474034E-02      0.42093629E-14      4.79000000
  0.14575758     -0.26309694     10.00000000      0.48586664E-02      0.56072464E-14      4.81000000
  0.14636364     -0.23204212     10.00000000      0.63742750E-02      0.73563665E-14      4.83000000
  0.14696970     -0.21288067     10.00000000      0.81367531E-02      0.93903915E-14      4.85000000
  0.14757576     -0.18403612     10.00000000      0.10620735E-01      0.12257083E-13      4.87000000
  0.14818182     -0.16233472     10.00000000      0.13636876E-01      0.15737924E-13      4.89000000
  0.14878788     -0.14142896     10.00000000      0.17477509E-01      0.20170288E-13      4.91000000
  0.14939394     -0.11947071     10.00000000      0.22454154E-01      0.25913689E-13      4.93000000
  0.15000000     -0.10367402     10.00000000      0.28441485E-01      0.32823495E-13      4.95000000
  0.15060606     -0.08671265     10.00000000      0.36122062E-01      0.41687428E-13      4.97000000
  0.15121212     -0.07251001     10.00000000      0.45586272E-01      0.52609799E-13      4.99000000
  0.15181818     -0.06224376     10.00000000      0.57011074E-01      0.65794832E-13      5.01000000
  0.15242424     -0.04882646     10.00000000      0.71818349E-01      0.82883480E-13      5.03000000
  0.15303030     -0.03893029     10.00000000      0.89740912E-01      0.10356739E-12      5.05000000
  0.15363636     -0.02129898     10.00000000      0.11415125E+00      0.13173866E-12      5.07000000
  0.15424242     -0.01323911     10.00000000      0.14203633E+00      0.16392003E-12      5.09000000
  0.15484848     -0.01019338     10.00000000      0.17470449E+00      0.20162141E-12      5.11000000
  0.15545455     -0.00123390     10.00000000      0.21783239E+00      0.25139407E-12      5.13000000
  0.15606061      0.00624578     10.00000000      0.27068304E+00      0.31238747E-12      5.15000000
  0.15666667      0.00825127     10.00000000      0.33214325E+00      0.38331692E-12      5.17000000
  0.15727273      0.01098340     10.00000000      0.40824083E+00      0.47113894E-12      5.19000000
  0.15787879      0.01250122     10.00000000      0.50037219E+00      0.57746508E-12      5.21000000
  0.15848485      0.01575252     10.00000000      0.61574850E+00      0.71061754E-12      5.23000000
  0.15909091      0.01485919     10.00000000      0.75053151E+00      0.86616672E-12      5.25000000
  0.15969697      0.01472669     10.00000000      0.91642162E+00      0.10576157E-11      5.27000000
  0.16030303      0.00919184     10.00000000      0.11051453E+01      0.12754162E-11      5.29000000
  0.16090909      0.00159248     10.00000000      0.13264134E+01      0.15307754E-11      5.31000000
  0.16151515     -0.00324927     10.00000000      0.16021237E+01      0.18489647E-11      5.33000000
  0.16212121     -0.01070244     10.00000000      0.19235425E+01      0.22199047E-11      5.35000000
  0.16272727     -0.01318612     10.00000000      0.23360224E+01      0.26959359E-11      5.37000000
  0.16333333     -0.02859519     10.00000000      0.27537647E+01      0.31780402E-11      5.39000000
  0.16393939     -0.03683604     10.00000000      0.33002350E+01      0.38087058E-11      5.41000000
  0.16454545     -0.04495110     10.00000000      0.39562954E+01      0.45658461E-11      5.43000000
  0.16515152     -0.05376343     10.00000000      0.47351667E+01      0.54647190E-11      5.45000000
  0.16575758     -0.06617748     10.00000000      0.56205668E+01      0.64865337E-11      5.47000000
  0.16636364     -0.08782305     10.00000000      0.65312070E+01      0.75374771E-11      5.49000000
  0.16696970     -0.09625332     10.00000000      0.78238780E+01      0.90293113E-11      5.51000000
  0.16757576     -0.10710339     10.00000000      0.93203216E+01      0.10756314E-10      5.53000000
  0.16818182     -0.13106355     10.00000000      0.10772826E+02      0.12432607E-10      5.55000000
  0.16878788     -0.14433411     10.00000000      0.12761977E+02      0.14728229E-10      5.57000000
  0.16939394     -0.16428158     10.00000000      0.14887761E+02      0.17181535E-10      5.59000000
  0.17000000     -0.18713636     10.00000000      0.17251764E+02      0.19909762E-10      5.61000000
  0.17060606     -0.19751626     10.00000000      0.20573705E+02      0.23743518E-10      5.63000000
  0.17121212     -0.22430452     10.00000000      0.23625616E+02      0.27265641E-10      5.65000000
  0.17181818     -0.23873073     10.00000000      0.27913599E+02      0.32214277E-10      5.67000000
  0.17242424     -0.27006201     10.00000000      0.31720750E+02      0.36608000E-10      5.69000000
  0.17303030     -0.29084935     10.00000000      0.36933035E+02      0.42623348E-10      5.71000000
  0.17363636     -0.31117075     10.00000000      0.43047952E+02      0.49680397E-10      5.73000000
  0.17424242     -0.33816460     10.00000000      0.49410307E+02      0.57023007E-10      5.75000000
  0.17484848     -0.36890716     10.00000000      0.56225572E+02      0.64888307E-10      5.77000000
  0.17545455     -0.38653077     10.00000000      0.65943071E+02      0.76102991E-10      5.79000000
  0.17606061     -0.42258149     10.00000000      0.74127157E+02      0.85548009E-10      5.81000000
  0.17666667     -0.44352825     10.00000000      0.86275897E+02      0.99568518E-10      5.83000000
  0.17727273     -0.47566539     10.00000000      0.97861359E+02      0.11293897E-09      5.85000000
  0.17787879     -0.50524082     10.00000000      0.11165925E+03      0.12886271E-09      5.87000000
  0.17848485     -0.52862136     10.00000000      0.12923289E+03      0.14914394E-09      5.89000000
  0.17909091     -0.57070921     10.00000000      0.14326632E+03      0.16533952E-09      5.91000000
  0.17969697     -0.60575839     10.00000000      0.16141869E+03      0.18628865E-09      5.93000000
  0.18030303     -0.64125278     10.00000000      0.18168469E+03      0.20967705E-09      5.95000000
  0.18090909     -0.66499651     10.00000000      0.21010360E+03      0.24247449E-09      5.97000000
  0.18151515     -0.70497319     10.00000000      0.23405381E+03      0.27011473E-09      5.99000000
  0.18212121     -0.73463245     10.00000000      0.26700252E+03      0.30813988E-09      6.01000000
  0.18272727     -0.77751596     10.00000000      0.29545459E+03      0.34097560E-09      6.03000000
  0.18333333     -0.81201291     10.00000000      0.33331333E+03      0.38466728E-09      6.05000000
  0.18393939     -0.84912495     10.00000000      0.37376578E+03      0.43135228E-09      6.07000000
  0.18454545     -0.88455345     10.00000000      0.42075563E+03      0.48558191E-09      6.09000000
  0.18515152     -0.92055438     10.00000000      0.47302915E+03      0.54590927E-09      6.11000000
  0.18575758     -0.97378125     10.00000000      0.51111654E+03      0.58986482E-09      6.13000000
  0.18636364     -0.99885166     10.00000000      0.58926197E+03      0.68005021E-09      6.15000000
  0.18696970     -1.03482611     10.00000000      0.66251064E+03      0.76458438E-09      6.17000000
  0.18757576     -1.08163703     10.00000000      0.72650873E+03      0.83844272E-09      6.19000000
  0.18818182     -1.12647635     10.00000000      0.80031401E+03      0.92361925E-09      6.21000000
  0.18878788     -1.16480723     10.00000000      0.89492868E+03      0.10328113E-08      6.23000000
  0.18939394     -1.22487937     10.00000000      0.95186463E+03      0.10985195E-08      6.25000000
  0.19000000     -1.27159662     10.00000000      0.10440393E+04      0.12048955E-08      6.27000000
  0.19060606     -1.29192205     10.00000000      0.12168871E+04      0.14043742E-08      6.29000000
  0.19121212     -1.34771406     10.00000000      0.13071252E+04      0.15085154E-08      6.31000000
  0.19181818     -1.37164061     10.00000000      0.15109481E+04      0.17437415E-08      6.33000000
  0.19242424     -1.44148698     10.00000000      0.15713107E+04      0.18134042E-08      6.35000000
  0.19303030     -1.48687625     10.00000000      0.17287480E+04      0.19950981E-08      6.37000000
  0.19363636     -1.52247167     10.00000000      0.19453384E+04      0.22450588E-08      6.39000000
  0.19424242     -1.58038207     10.00000000      0.20794269E+04      0.23998064E-08      6.41000000
  0.19484848     -1.63374101     10.00000000      0.22461751E+04      0.25922458E-08      6.43000000
  0.19545455     -1.68287059     10.00000000      0.24500386E+04      0.28275187E-08      6.45000000
  0.19606061     -1.73640335     10.00000000      0.26454470E+04      0.30530339E-08      6.47000000
  0.19666667     -1.77546738     10.00000000      0.29532073E+04      0.34082112E-08      6.49000000
  0.19727273     -1.82636452     10.00000000      0.32081576E+04      0.37024419E-08      6.51000000
  0.19787879     -1.89331130     10.00000000      0.33586737E+04      0.38761482E-08      6.53000000
  0.19848485     -1.90692668     10.00000000      0.39756791E+04      0.45882163E-08      6.55000000
  0.19909091     -2.02727935     10.00000000      0.36805909E+04      0.42476635E-08      6.57000000
  0.19969697     -2.08163700     10.00000000      0.39666036E+04      0.45777425E-08      6.59000000
  0.20030303     -2.10939009     10.00000000      0.45449029E+04      0.52451410E-08      6.61000000
  0.20090909     -2.20519924     10.00000000      0.44521967E+04      0.51381515E-08      6.63000000
  0.20151515     -2.25156797     10.00000000      0.48872496E+04      0.56402334E-08      6.65000000
  0.20212121     -2.28328238     10.00000000      0.55489268E+04      0.64038560E-08      6.67000000
  0.20272727     -2.35077788     10.00000000      0.58019288E+04      0.66958382E-08      6.69000000
  0.20333333     -2.33567044     10.00000000      0.73373415E+04      0.84678137E-08      6.71000000
  0.20393939     -2.43537336     10.00000000      0.71235209E+04      0.82210496E-08      6.73000000
  0.20454545     -2.51176172     10.00000000      0.72973512E+04      0.84216620E-08      6.75000000
  0.20515152     -2.57134742     10.00000000      0.77703118E+04      0.89674922E-08      6.77000000
  0.20575758     -2.73175846     10.00000000      0.65597351E+04      0.75704006E-08      6.79000000
  0.20636364     -2.66349363     10.00000000      0.93758366E+04      0.10820382E-07      6.81000000
  0.20696970     -2.67958043     10.00000000      0.11035249E+05      0.12735461E-07      6.83000000
  0.20757576     -2.81279171     10.00000000      0.99181286E+04      0.11446225E-07      6.85000000
  0.20818182     -2.83565461     10.00000000      0.11492797E+05      0.13263505E-07      6.87000000
  0.20878788     -2.84755382     10.00000000      0.13657947E+05      0.15762242E-07      6.89000000
  0.20939394     -3.00591631     10.00000000      0.11584621E+05      0.13369476E-07      6.91000000
  0.21000000     -3.00591631     10.00000000      0.14149488E+05      0.16329515E-07      6.93000000
  0.21060606     -3.10282631     10.00000000      0.13825779E+05      0.15955932E-07      6.95000000
  0.21121212     -3.06143363     10.00000000      0.18575529E+05      0.21437481E-07      6.97000000
  0.21181818     -3.40385630     10.00000000      0.10312820E+05      0.11901727E-07      6.99000000
  0.21242424     -3.50076631     10.00000000      0.10076885E+05      0.11629442E-07      7.01000000
  0.21303030     -3.14858381     10.00000000      0.27692853E+05      0.31959521E-07      7.03000000
  0.21363636     -3.70488630     10.00000000      0.93955913E+04      0.10843180E-07      7.05000000
  0.21424242     -3.22776505     10.00000000      0.34427402E+05      0.39731670E-07      7.07000000
  0.21484848     -3.50076631     10.00000000      0.22426520E+05      0.25881798E-07      7.09000000
  0.21545455     -3.92673507     10.00000000      0.10271929E+05      0.11854537E-07      7.11000000
  0.21606061     -3.44961381     10.00000000      0.37638490E+05      0.43437493E-07      7.13000000
  0.21666667     -3.92673507     10.00000000      0.15323918E+05      0.17684891E-07      7.15000000
  0.21727273     -4.10282631     10.00000000      0.12477785E+05      0.14400250E-07      7.17000000
  0.21787879     -3.92673507     10.00000000      0.22860599E+05      0.26382757E-07      7.19000000
  0.21848485     -4.40385630     10.00000000      0.93073336E+04      0.10741325E-07      7.21000000
  0.21909091     -3.92673507     10.00000000      0.34104007E+05      0.39358448E-07      7.23000000
  0.21969697     -4.40385630     10.00000000      0.13884910E+05      0.16024173E-07      7.25000000
  0.22030303     -4.10282631     10.00000000      0.33918135E+05      0.39143939E-07      7.27000000
  0.22090909     -4.40385630     10.00000000      0.20713852E+05      0.23905258E-07      7.29000000
  0.22212121     -3.92673507     10.00000000      0.92704302E+05      0.10698735E-06      7.33000000
  0.22272727     -4.40385630     10.00000000      0.37743099E+05      0.43558219E-07      7.35000000
  0.22454545     -4.40385630     10.00000000      0.68772410E+05      0.79368250E-07      7.41000000
  0.22575758     -4.40385630     10.00000000      0.10259638E+06      0.11840352E-06      7.45000000
  0.22636364     -4.40385630     10.00000000      0.12531150E+06      0.14461838E-06      7.47000000
  0.22757576     -4.40385630     10.00000000      0.18694279E+06      0.21574527E-06      7.51000000
