  0.11363636     -1.68718818     28.01120448      0.28677008E-05      0.33145952E-17      3.75000000
  0.11424242     -0.92090924     28.01120448      0.29316696E-04      0.33885326E-16      3.77000000
  0.11484848     -0.60214685     28.01120448      0.10694972E-03      0.12361646E-15      3.79000000
  0.11545455     -0.30618514     28.01120448      0.37020611E-03      0.42789797E-15      3.81000000
  0.11606061     -0.08854939     28.01120448      0.10699945E-02      0.12367394E-14      3.83000000
  0.11666667      0.04486300     28.01120448      0.25473943E-02      0.29443730E-14      3.85000000
  0.11727273      0.14728204     28.01120448      0.56469957E-02      0.65270074E-14      3.87000000
  0.11787879      0.24077384     28.01120448      0.12263416E-01      0.14174512E-13      3.89000000
  0.11848485      0.31973571     28.01120448      0.25755832E-01      0.29769548E-13      3.91000000
  0.11909091      0.36809621     28.01120448      0.50412510E-01      0.58268651E-13      3.93000000
  0.11969697      0.40222269     28.01120448      0.95492007E-01      0.11037321E-12      3.95000000
  0.12030303      0.43061112     28.01120448      0.17850800E+00      0.20632618E-12      3.97000000
  0.12090909      0.43980621     28.01120448      0.31926772E+00      0.36902149E-12      3.99000000
  0.12151515      0.44249935     28.01120448      0.56253608E+00      0.65020009E-12      4.01000000
  0.12212121      0.43749688     28.01120448      0.97375599E+00      0.11255033E-11      4.03000000
  0.12272727      0.42551386     28.01120448      0.16587057E+01      0.19171937E-11      4.05000000
  0.12333333      0.40763728     28.01120448      0.27873725E+01      0.32217486E-11      4.07000000
  0.12393939      0.38279573     28.01120448      0.46095198E+01      0.53278542E-11      4.09000000
  0.12454545      0.35308393     28.01120448      0.75378261E+01      0.87124994E-11      4.11000000
  0.12515152      0.31893421     28.01120448      0.12201090E+02      0.14102473E-10      4.13000000
  0.12575758      0.27748314     28.01120448      0.19420025E+02      0.22446386E-10      4.15000000
  0.12636364      0.23391578     28.01120448      0.30759881E+02      0.35553413E-10      4.17000000
  0.12696970      0.18598103     28.01120448      0.48233873E+02      0.55750502E-10      4.19000000
  0.12757576      0.13575264     28.01120448      0.75236048E+02      0.86960619E-10      4.21000000
  0.12818182      0.07528230     28.01120448      0.11461933E+03      0.13248128E-09      4.23000000
  0.12878788      0.01950055     28.01120448      0.17651367E+03      0.20402106E-09      4.25000000
  0.12939394     -0.04590229     28.01120448      0.26587515E+03      0.30730837E-09      4.27000000
  0.13000000     -0.10922977     28.01120448      0.40239492E+03      0.46510299E-09      4.29000000
  0.13060606     -0.18098279     28.01120448      0.59731263E+03      0.69039612E-09      4.31000000
  0.13121212     -0.25014778     28.01120448      0.89194677E+03      0.10309452E-08      4.33000000
  0.13181818     -0.32931357     28.01120448      0.13015935E+04      0.15044302E-08      4.35000000
  0.13242424     -0.40511046     28.01120448      0.19141710E+04      0.22124699E-08      4.37000000
  0.13303030     -0.49093196     28.01120448      0.27508154E+04      0.31794947E-08      4.39000000
  0.13363636     -0.57675415     28.01120448      0.39531336E+04      0.45691787E-08      4.41000000
  0.13424242     -0.66459226     28.01120448      0.56546485E+04      0.65358527E-08      4.43000000
  0.13484848     -0.75104640     28.01120448      0.81143494E+04      0.93788664E-08      4.45000000
  0.13545455     -0.83885670     28.01120448      0.11607686E+05      0.13416594E-07      4.47000000
  0.13606061     -0.94015269     28.01120448      0.16097257E+05      0.18605807E-07      4.49000000
  0.13666667     -1.02872416     28.01120448      0.22987018E+05      0.26569249E-07      4.51000000
  0.13727273     -1.13223799     28.01120448      0.31715461E+05      0.36657908E-07      4.53000000
  0.13787879     -1.23062267     28.01120448      0.44278060E+05      0.51178227E-07      4.55000000
  0.13848485     -1.33348202     28.01120448      0.61183098E+05      0.70717697E-07      4.57000000
  0.13909091     -1.46029674     28.01120448      0.80005341E+05      0.92473145E-07      4.59000000
  0.13969697     -1.55284196     28.01120448      0.11320771E+06      0.13084967E-06      4.61000000
  0.14030303     -1.66354026     28.01120448      0.15363138E+06      0.17757285E-06      4.63000000
  0.14090909     -1.78185852     28.01120448      0.20486317E+06      0.23678846E-06      4.65000000
  0.14151515     -1.90657830     28.01120448      0.26918220E+06      0.31113079E-06      4.67000000
  0.14212121     -2.05551733     28.01120448      0.33451034E+06      0.38663947E-06      4.69000000
  0.14272727     -2.20760830     28.01120448      0.41268702E+06      0.47699898E-06      4.71000000
  0.14333333     -2.26760623     28.01120448      0.62939763E+06      0.72748116E-06      4.73000000
  0.14393939     -2.35164000     28.01120448      0.90822524E+06      0.10497605E-05      4.75000000
  0.14454545     -2.50863829     28.01120448      0.11078922E+07      0.12805429E-05      4.77000000
  0.14515152     -2.66756153     28.01120448      0.13454777E+07      0.15551531E-05      4.79000000
  0.14575758     -2.72124639     28.01120448      0.20820630E+07      0.24065257E-05      4.81000000
  0.14636364     -2.84618513     28.01120448      0.27343705E+07      0.31604870E-05      4.83000000
  0.14696970     -3.12493873     28.01120448      0.25200316E+07      0.29127461E-05      4.85000000
  0.14757576     -3.25963731     28.01120448      0.32360084E+07      0.37402987E-05      4.87000000
  0.14818182     -3.30102998     28.01120448      0.51513280E+07      0.59540963E-05      4.89000000
  0.14878788     -3.37161106     28.01120448      0.76672628E+07      0.88621071E-05      4.91000000
  0.14939394     -3.56066731     28.01120448      0.86873303E+07      0.10041139E-04      4.93000000
  0.15000000     -3.82390872     28.01120448      0.82974979E+07      0.95905563E-05      4.95000000
  0.15060606     -3.82390872     28.01120448      0.14529457E+08      0.16793686E-04      4.97000000
  0.15121212     -3.90308997     28.01120448      0.21201685E+08      0.24505694E-04      4.99000000
  0.15181818     -4.30103001     28.01120448      0.14850209E+08      0.17164423E-04      5.01000000
  0.15242424     -4.30103001     28.01120448      0.26003679E+08      0.30056018E-04      5.03000000
  0.15303030     -4.00000001     28.01120448      0.91068255E+08      0.10526007E-03      5.05000000
  0.15363636     -4.60206000     28.01120448      0.39866605E+08      0.46079303E-04      5.07000000
  0.15424242     -4.60206000     28.01120448      0.69809011E+08      0.80687848E-04      5.09000000
  0.15484848     -4.60206000     28.01120448      0.12224011E+09      0.14128965E-03      5.11000000
