  0.15363636     -3.90308997      1.00000000      0.10968021E-04      0.12657875E-16      5.07000000
  0.15424242     -3.90308997      1.00000000      0.11189589E-04      0.12913581E-16      5.09000000
  0.15666667     -3.90308997      1.00000000      0.12121537E-04      0.13989116E-16      5.17000000
  0.15727273     -3.60205997      1.00000000      0.24732817E-04      0.28543429E-16      5.19000000
  0.15787879     -3.90308997      1.00000000      0.12616227E-04      0.14560022E-16      5.21000000
  0.15848485     -3.42596873      1.00000000      0.38613273E-04      0.44562461E-16      5.23000000
  0.15909091     -3.60205997      1.00000000      0.26262209E-04      0.30308456E-16      5.25000000
  0.15969697     -3.05799193      1.00000000      0.93774592E-04      0.10822255E-15      5.27000000
  0.16030303     -3.42596873      1.00000000      0.41000984E-04      0.47318050E-16      5.29000000
  0.16090909     -3.42596873      1.00000000      0.41829259E-04      0.48273938E-16      5.31000000
  0.16151515     -3.12493873      1.00000000      0.85348532E-04      0.98498273E-16      5.33000000
  0.16212121     -3.42596873      1.00000000      0.43536343E-04      0.50244035E-16      5.35000000
  0.16272727     -3.20411999      1.00000000      0.74026390E-04      0.85431717E-16      5.37000000
  0.16333333     -3.20411999      1.00000000      0.75521823E-04      0.87157552E-16      5.39000000
  0.16393939     -3.30102998      1.00000000      0.61637976E-04      0.71134606E-16      5.41000000
  0.16454545     -3.42596873      1.00000000      0.47162358E-04      0.54428713E-16      5.43000000
  0.16515152     -2.82390874      1.00000000      0.19246040E-03      0.22211298E-15      5.45000000
  0.16575758     -2.75696194      1.00000000      0.22907309E-03      0.26436663E-15      5.47000000
  0.16636364     -2.78914663      1.00000000      0.21700777E-03      0.25044239E-15      5.49000000
  0.16696970     -2.64781750      1.00000000      0.30654222E-03      0.35377151E-15      5.51000000
  0.16757576     -2.72699874      1.00000000      0.26061232E-03      0.30076515E-15      5.53000000
  0.16818182     -2.69896998      1.00000000      0.28360220E-03      0.32729709E-15      5.55000000
  0.16878788     -2.60206000      1.00000000      0.36166415E-03      0.41738614E-15      5.57000000
  0.16939394     -2.50514997      1.00000000      0.46121283E-03      0.53227239E-15      5.59000000
  0.17000000     -2.35902194      1.00000000      0.65874192E-03      0.76023500E-15      5.61000000
  0.17060606     -2.21289392      1.00000000      0.94086912E-03      0.10858298E-14      5.63000000
  0.17121212     -2.37161105      1.00000000      0.66603642E-03      0.76865337E-15      5.65000000
  0.17181818     -2.24987746      1.00000000      0.89932663E-03      0.10378869E-14      5.67000000
  0.17242424     -2.10374943      1.00000000      0.12844919E-02      0.14823950E-14      5.69000000
  0.17303030     -2.02802871      1.00000000      0.15600481E-02      0.18004064E-14      5.71000000
  0.17363636     -2.11069830      1.00000000      0.13156921E-02      0.15184022E-14      5.73000000
  0.17424242     -2.07701517      1.00000000      0.14505186E-02      0.16740016E-14      5.75000000
  0.17484848     -1.97881071      1.00000000      0.18552979E-02      0.21411457E-14      5.77000000
  0.17545455     -1.94884746      1.00000000      0.20279759E-02      0.23404283E-14      5.79000000
  0.17606061     -1.88190070      1.00000000      0.24137675E-02      0.27856593E-14      5.81000000
  0.17666667     -1.82030462      1.00000000      0.28377714E-02      0.32749899E-14      5.83000000
  0.17727273     -1.77598518      1.00000000      0.32061419E-02      0.37001157E-14      5.85000000
  0.17787879     -1.68560603      1.00000000      0.40276134E-02      0.46481522E-14      5.87000000
  0.17848485     -1.69090238      1.00000000      0.40591708E-02      0.46845716E-14      5.89000000
  0.17909091     -1.63591825      1.00000000      0.47001025E-02      0.54242525E-14      5.91000000
  0.17969697     -1.54136214      1.00000000      0.59614147E-02      0.68798963E-14      5.93000000
  0.18030303     -1.52107295      1.00000000      0.63727138E-02      0.73545648E-14      5.95000000
  0.18090909     -1.51392389      1.00000000      0.66093593E-02      0.76276705E-14      5.97000000
  0.18151515     -1.46375728      1.00000000      0.75685357E-02      0.87346282E-14      5.99000000
  0.18212121     -1.42021642      1.00000000      0.85356897E-02      0.98507927E-14      6.01000000
  0.18272727     -1.37289031      1.00000000      0.97107018E-02      0.11206840E-13      6.03000000
  0.18333333     -1.32102662      1.00000000      0.11163495E-01      0.12883467E-13      6.05000000
  0.18393939     -1.26460073      1.00000000      0.12969164E-01      0.14967337E-13      6.07000000
  0.18454545     -1.27266213      1.00000000      0.12987826E-01      0.14988875E-13      6.09000000
  0.18515152     -1.22822886      1.00000000      0.14677620E-01      0.16939016E-13      6.11000000
  0.18575758     -1.21200850      1.00000000      0.15543967E-01      0.17938843E-13      6.13000000
  0.18636364     -1.14569394      1.00000000      0.18474059E-01      0.21320377E-13      6.15000000
  0.18696970     -1.11350928      1.00000000      0.20297048E-01      0.23424236E-13      6.17000000
  0.18757576     -1.06110519      1.00000000      0.23362690E-01      0.26962206E-13      6.19000000
  0.18818182     -1.02514304      1.00000000      0.25892316E-01      0.29881573E-13      6.21000000
  0.18878788     -1.01829461      1.00000000      0.26835223E-01      0.30969755E-13      6.23000000
  0.18939394     -0.97623326      1.00000000      0.30161466E-01      0.34808476E-13      6.25000000
  0.19000000     -0.96557210      1.00000000      0.31535484E-01      0.36394191E-13      6.27000000
  0.19060606     -0.94404858      1.00000000      0.33807177E-01      0.39015886E-13      6.29000000
  0.19121212     -0.89662395      1.00000000      0.38469756E-01      0.44396833E-13      6.31000000
  0.19181818     -0.85815845      1.00000000      0.42881584E-01      0.49488396E-13      6.33000000
  0.19242424     -0.85737595      1.00000000      0.43826744E-01      0.50579178E-13      6.35000000
  0.19303030     -0.80722354      1.00000000      0.50185414E-01      0.57917535E-13      6.37000000
  0.19363636     -0.78185852      1.00000000      0.54278572E-01      0.62641331E-13      6.39000000
  0.19424242     -0.76132675      1.00000000      0.58055863E-01      0.67000593E-13      6.41000000
  0.19484848     -0.74593555      1.00000000      0.61365343E-01      0.70819968E-13      6.43000000
  0.19545455     -0.71500560      1.00000000      0.67226269E-01      0.77583893E-13      6.45000000
  0.19606061     -0.68666015      1.00000000      0.73209990E-01      0.84489533E-13      6.47000000
  0.19666667     -0.66604921      1.00000000      0.78319008E-01      0.90385703E-13      6.49000000
  0.19727273     -0.64325729      1.00000000      0.84206378E-01      0.97180147E-13      6.51000000
  0.19787879     -0.63381060      1.00000000      0.87796572E-01      0.10132349E-12      6.53000000
  0.19848485     -0.61061240      1.00000000      0.94484736E-01      0.10904210E-12      6.55000000
  0.19909091     -0.60162589      1.00000000      0.98408826E-01      0.11357078E-12      6.57000000
  0.19969697     -0.57227053      1.00000000      0.10741757E+00      0.12396751E-12      6.59000000
  0.20030303     -0.56403623      1.00000000      0.11168516E+00      0.12889262E-12      6.61000000
  0.20090909     -0.52523755      1.00000000      0.12458910E+00      0.14378468E-12      6.63000000
  0.20151515     -0.50428224      1.00000000      0.13338938E+00      0.15394083E-12      6.65000000
  0.20212121     -0.49825628      1.00000000      0.13798539E+00      0.15924495E-12      6.67000000
  0.20272727     -0.47269239      1.00000000      0.14930793E+00      0.17231197E-12      6.69000000
  0.20333333     -0.46820188      1.00000000      0.15390732E+00      0.17761999E-12      6.71000000
  0.20393939     -0.45222531      1.00000000      0.16290025E+00      0.18799847E-12      6.73000000
  0.20454545     -0.42945705      1.00000000      0.17513619E+00      0.20211962E-12      6.75000000
  0.20515152     -0.43651892      1.00000000      0.17579233E+00      0.20287685E-12      6.77000000
  0.20575758     -0.40546934      1.00000000      0.19263509E+00      0.22231458E-12      6.79000000
  0.20636364     -0.37921350      1.00000000      0.20877434E+00      0.24094043E-12      6.81000000
  0.20696970     -0.38814398      1.00000000      0.20865679E+00      0.24080477E-12      6.83000000
  0.20757576     -0.36678412      1.00000000      0.22360334E+00      0.25805415E-12      6.85000000
  0.20818182     -0.36001574      1.00000000      0.23170348E+00      0.26740228E-12      6.87000000
  0.20878788     -0.35679417      1.00000000      0.23814420E+00      0.27483534E-12      6.89000000
  0.20939394     -0.33771447      1.00000000      0.25386662E+00      0.29298012E-12      6.91000000
  0.21000000     -0.33313118      1.00000000      0.26174282E+00      0.30206982E-12      6.93000000
  0.21060606     -0.31526681      1.00000000      0.27824351E+00      0.32111279E-12      6.95000000
  0.21121212     -0.30715308      1.00000000      0.28921756E+00      0.33377762E-12      6.97000000
  0.21181818     -0.29853998      1.00000000      0.30097030E+00      0.34734113E-12      6.99000000
  0.21242424     -0.31169142      1.00000000      0.29789149E+00      0.34378795E-12      7.01000000
  0.21303030     -0.29563494      1.00000000      0.31535554E+00      0.36394271E-12      7.03000000
  0.21363636     -0.28872017      1.00000000      0.32688962E+00      0.37725385E-12      7.05000000
  0.21424242     -0.28149831      1.00000000      0.33908523E+00      0.39132846E-12      7.07000000
  0.21484848     -0.27860164      1.00000000      0.34825025E+00      0.40190555E-12      7.09000000
  0.21545455     -0.28212155      1.00000000      0.35241745E+00      0.40671480E-12      7.11000000
  0.21606061     -0.26440108      1.00000000      0.37451031E+00      0.43221152E-12      7.13000000
  0.21666667     -0.25993354      1.00000000      0.38602658E+00      0.44550211E-12      7.15000000
  0.21727273     -0.25924270      1.00000000      0.39445180E+00      0.45522541E-12      7.17000000
  0.21787879     -0.24364920      1.00000000      0.41713182E+00      0.48139978E-12      7.19000000
  0.21848485     -0.24137191      1.00000000      0.42779579E+00      0.49370675E-12      7.21000000
  0.21909091     -0.24422039      1.00000000      0.43358466E+00      0.50038752E-12      7.23000000
  0.21969697     -0.23071500      1.00000000      0.45631547E+00      0.52662049E-12      7.25000000
  0.22030303     -0.24345898      1.00000000      0.45207147E+00      0.52172261E-12      7.27000000
  0.22090909     -0.23835404      1.00000000      0.46665716E+00      0.53855554E-12      7.29000000
  0.22151515     -0.23414526      1.00000000      0.48072045E+00      0.55478557E-12      7.31000000
  0.22212121     -0.22905597      1.00000000      0.49621259E+00      0.57266461E-12      7.33000000
  0.22272727     -0.22822884      1.00000000      0.50720181E+00      0.58534695E-12      7.35000000
  0.22333333     -0.23238040      1.00000000      0.51252509E+00      0.59149039E-12      7.37000000
  0.22393939     -0.23062267      1.00000000      0.52499933E+00      0.60588654E-12      7.39000000
  0.22454545     -0.23470408      1.00000000      0.53059509E+00      0.61234445E-12      7.41000000
  0.22515152     -0.23163945      1.00000000      0.54514716E+00      0.62913857E-12      7.43000000
  0.22575758     -0.24307876      1.00000000      0.54170187E+00      0.62516246E-12      7.45000000
  0.22636364     -0.23108455      1.00000000      0.56812045E+00      0.65565139E-12      7.47000000
  0.22696970     -0.25668628      1.00000000      0.54641749E+00      0.63060462E-12      7.49000000
  0.22757576     -0.23995466      1.00000000      0.57935144E+00      0.66861275E-12      7.51000000
  0.22818182     -0.25084367      1.00000000      0.57641992E+00      0.66522956E-12      7.53000000
  0.22878788     -0.25326851      1.00000000      0.58479012E+00      0.67488937E-12      7.55000000
  0.22939394     -0.24507857      1.00000000      0.60796119E+00      0.70163043E-12      7.57000000
  0.23000000     -0.25658821      1.00000000      0.60402109E+00      0.69708327E-12      7.59000000
  0.23060606     -0.26330478      1.00000000      0.60676626E+00      0.70025140E-12      7.61000000
  0.23121212     -0.26290678      1.00000000      0.61959130E+00      0.71505240E-12      7.63000000
  0.23181818     -0.27256042      1.00000000      0.61821218E+00      0.71346081E-12      7.65000000
  0.23242424     -0.27664697      1.00000000      0.62479408E+00      0.72105679E-12      7.67000000
  0.23303030     -0.26982359      1.00000000      0.64750954E+00      0.74727204E-12      7.69000000
  0.23363636     -0.27798342      1.00000000      0.64829435E+00      0.74817776E-12      7.71000000
  0.23424242     -0.29962083      1.00000000      0.62924637E+00      0.72619504E-12      7.73000000
  0.23484848     -0.29951263      1.00000000      0.64211795E+00      0.74104976E-12      7.75000000
  0.23545455     -0.30836603      1.00000000      0.64187032E+00      0.74076397E-12      7.77000000
  0.23606061     -0.32376378      1.00000000      0.63202671E+00      0.72940375E-12      7.79000000
  0.23666667     -0.33068311      1.00000000      0.63460281E+00      0.73237675E-12      7.81000000
  0.23727273     -0.33056689      1.00000000      0.64759592E+00      0.74737172E-12      7.83000000
  0.23787879     -0.32998619      1.00000000      0.66156221E+00      0.76348982E-12      7.85000000
  0.23848485     -0.33010229      1.00000000      0.67474626E+00      0.77870515E-12      7.87000000
  0.23909091     -0.37301843      1.00000000      0.62360593E+00      0.71968557E-12      7.89000000
  0.23969697     -0.35568453      1.00000000      0.66210980E+00      0.76412178E-12      7.91000000
  0.24030303     -0.36855623      1.00000000      0.65575893E+00      0.75679242E-12      7.93000000
  0.24090909     -0.36691045      1.00000000      0.67154617E+00      0.77501202E-12      7.95000000
  0.24151515     -0.37804519      1.00000000      0.66777019E+00      0.77065427E-12      7.97000000
  0.24212121     -0.40616032      1.00000000      0.63855423E+00      0.73693697E-12      7.99000000
  0.24272727     -0.40657546      1.00000000      0.65083147E+00      0.75110578E-12      8.01000000
  0.24333333     -0.42050220      1.00000000      0.64302474E+00      0.74209627E-12      8.03000000
  0.24393939     -0.43577791      1.00000000      0.63334138E+00      0.73092098E-12      8.05000000
  0.24454545     -0.44642036      1.00000000      0.63049451E+00      0.72763548E-12      8.07000000
  0.24515152     -0.46076702      1.00000000      0.62232971E+00      0.71821272E-12      8.09000000
  0.24575758     -0.45515711      1.00000000      0.64315601E+00      0.74224776E-12      8.11000000
  0.24636364     -0.47253123      1.00000000      0.63041728E+00      0.72754635E-12      8.13000000
  0.24696970     -0.48979024      1.00000000      0.61809466E+00      0.71332517E-12      8.15000000
  0.24757576     -0.50601946      1.00000000      0.60745157E+00      0.70104229E-12      8.17000000
  0.24818182     -0.51445601      1.00000000      0.60780041E+00      0.70144489E-12      8.19000000
  0.24878788     -0.52870828      1.00000000      0.60005991E+00      0.69251179E-12      8.21000000
  0.24939394     -0.53741483      1.00000000      0.60003137E+00      0.69247886E-12      8.23000000
  0.25000000     -0.54859737      1.00000000      0.59659183E+00      0.68850939E-12      8.25000000
  0.25060606     -0.56106231      1.00000000      0.59142306E+00      0.68254426E-12      8.27000000
  0.25121212     -0.59623625      1.00000000      0.55642957E+00      0.64215928E-12      8.29000000
  0.25181818     -0.58025073      1.00000000      0.58895432E+00      0.67969516E-12      8.31000000
  0.25242424     -0.60011004      1.00000000      0.57399511E+00      0.66243117E-12      8.33000000
  0.25303030     -0.59516627      1.00000000      0.59229471E+00      0.68355020E-12      8.35000000
  0.25363636     -0.63217833      1.00000000      0.55489611E+00      0.64038955E-12      8.37000000
  0.25424242     -0.65906041      1.00000000      0.53212724E+00      0.61411266E-12      8.39000000
  0.25484848     -0.65585345      1.00000000      0.54690053E+00      0.63116209E-12      8.41000000
  0.25545455     -0.67340814      1.00000000      0.53584544E+00      0.61840374E-12      8.43000000
  0.25606061     -0.67136559      1.00000000      0.54924736E+00      0.63387050E-12      8.45000000
  0.25666667     -0.72181821      1.00000000      0.49888592E+00      0.57574982E-12      8.47000000
  0.25727273     -0.70829823      1.00000000      0.52505780E+00      0.60595403E-12      8.49000000
  0.25787879     -0.73695603      1.00000000      0.50145875E+00      0.57871904E-12      8.51000000
  0.25848485     -0.75634199      1.00000000      0.48925485E+00      0.56463488E-12      8.53000000
  0.25909091     -0.76352574      1.00000000      0.49095002E+00      0.56659122E-12      8.55000000
  0.25969697     -0.78981530      1.00000000      0.47144779E+00      0.54408427E-12      8.57000000
  0.26030303     -0.80931819      1.00000000      0.45985045E+00      0.53070010E-12      8.59000000
  0.26090909     -0.80031339      1.00000000      0.47896889E+00      0.55276414E-12      8.61000000
  0.26151515     -0.84239216      1.00000000      0.44352124E+00      0.51185504E-12      8.63000000
  0.26212121     -0.85698520      1.00000000      0.43752942E+00      0.50494006E-12      8.65000000
  0.26272727     -0.87127773      1.00000000      0.43191733E+00      0.49846330E-12      8.67000000
  0.26333333     -0.89025277      1.00000000      0.42180476E+00      0.48679267E-12      8.69000000
  0.26393939     -0.90308999      1.00000000      0.41779203E+00      0.48216170E-12      8.71000000
  0.26454545     -0.92399708      1.00000000      0.40619909E+00      0.46878262E-12      8.73000000
  0.26515152     -0.95418823      1.00000000      0.38657493E+00      0.44613495E-12      8.75000000
  0.26575758     -0.97674755      1.00000000      0.37442105E+00      0.43210851E-12      8.77000000
  0.26636364     -1.01603559      1.00000000      0.34894590E+00      0.40270838E-12      8.79000000
  0.26696970     -0.99353397      1.00000000      0.37492605E+00      0.43269131E-12      8.81000000
  0.26757576     -1.03857891      1.00000000      0.34481533E+00      0.39794140E-12      8.83000000
  0.26818182     -1.05551733      1.00000000      0.33832496E+00      0.39045105E-12      8.85000000
  0.26878788     -1.06361195      1.00000000      0.33878588E+00      0.39098299E-12      8.87000000
  0.26939394     -1.05923456      1.00000000      0.34913114E+00      0.40292215E-12      8.89000000
  0.27000000     -1.06676588      1.00000000      0.35006054E+00      0.40399474E-12      8.91000000
  0.27060606     -1.13445188      1.00000000      0.30559275E+00      0.35267576E-12      8.93000000
  0.27121212     -1.16193839      1.00000000      0.29264589E+00      0.33773416E-12      8.95000000
  0.27181818     -1.15645577      1.00000000      0.30235067E+00      0.34893417E-12      8.97000000
  0.27242424     -1.14041143      1.00000000      0.32006720E+00      0.36938030E-12      8.99000000
  0.27303030     -1.20586065      1.00000000      0.28085220E+00      0.32412341E-12      9.01000000
  0.27363636     -1.20936305      1.00000000      0.28422438E+00      0.32801513E-12      9.03000000
  0.27424242     -1.22094491      1.00000000      0.28233541E+00      0.32583514E-12      9.05000000
  0.27484848     -1.24507858      1.00000000      0.27246930E+00      0.31444894E-12      9.07000000
  0.27545455     -1.27572414      1.00000000      0.25903467E+00      0.29894443E-12      9.09000000
  0.27606061     -1.29886392      1.00000000      0.25055554E+00      0.28915890E-12      9.11000000
  0.27666667     -1.32790216      1.00000000      0.23908463E+00      0.27592066E-12      9.13000000
  0.27727273     -1.29670861      1.00000000      0.26207832E+00      0.30245702E-12      9.15000000
  0.27787879     -1.34799554      1.00000000      0.23759104E+00      0.27419695E-12      9.17000000
  0.27848485     -1.35654733      1.00000000      0.23766442E+00      0.27428163E-12      9.19000000
  0.27909091     -1.40754566      1.00000000      0.21560147E+00      0.24881942E-12      9.21000000
  0.27969697     -1.40754566      1.00000000      0.21995691E+00      0.25384591E-12      9.23000000
  0.28030303     -1.44824513      1.00000000      0.20432618E+00      0.23580694E-12      9.25000000
  0.28090909     -1.46375728      1.00000000      0.20113968E+00      0.23212949E-12      9.27000000
  0.28151515     -1.46375728      1.00000000      0.20520297E+00      0.23681882E-12      9.29000000
  0.28212121     -1.47333772      1.00000000      0.20478074E+00      0.23633153E-12      9.31000000
  0.28272727     -1.58711964      1.00000000      0.16076558E+00      0.18553491E-12      9.33000000
  0.28333333     -1.55673701      1.00000000      0.17589828E+00      0.20299912E-12      9.35000000
  0.28393939     -1.53947800      1.00000000      0.18672673E+00      0.21549592E-12      9.37000000
  0.28454545     -1.54898156      1.00000000      0.18637550E+00      0.21509058E-12      9.39000000
  0.28515152     -1.65757732      1.00000000      0.14807405E+00      0.17088798E-12      9.41000000
  0.28575758     -1.64301861      1.00000000      0.15621530E+00      0.18028356E-12      9.43000000
  0.28636364     -1.72699871      1.00000000      0.13134978E+00      0.15158698E-12      9.45000000
  0.28696970     -1.69357497      1.00000000      0.14472347E+00      0.16702117E-12      9.47000000
  0.28757576     -1.71556927      1.00000000      0.14035586E+00      0.16198065E-12      9.49000000
  0.28818182     -1.66005195      1.00000000      0.16271732E+00      0.18778735E-12      9.51000000
  0.28878788     -1.75080163      1.00000000      0.13470074E+00      0.15545423E-12      9.53000000
  0.28939394     -1.77598518      1.00000000      0.12967980E+00      0.14965970E-12      9.55000000
  0.29000000     -1.83120798      1.00000000      0.11650255E+00      0.13445222E-12      9.57000000
  0.29060606     -1.84618514      1.00000000      0.11482703E+00      0.13251856E-12      9.59000000
  0.29121212     -1.88190070      1.00000000      0.10789827E+00      0.12452227E-12      9.61000000
  0.29181818     -1.96859152      1.00000000      0.90159094E-01      0.10405000E-12      9.63000000
  0.29242424     -1.90308998      1.00000000      0.10695398E+00      0.12343250E-12      9.65000000
  0.29303030     -1.91631824      1.00000000      0.10584116E+00      0.12214822E-12      9.67000000
  0.29363636     -2.01099538      1.00000000      0.86828711E-01      0.10020650E-12      9.69000000
  0.29424242     -1.92081875      1.00000000      0.10902494E+00      0.12582253E-12      9.71000000
  0.29484848     -2.01099538      1.00000000      0.90372258E-01      0.10429601E-12      9.73000000
  0.29545455     -2.11069830      1.00000000      0.73285506E-01      0.84576684E-13      9.75000000
  0.29606061     -2.07058105      1.00000000      0.82001394E-01      0.94635438E-13      9.77000000
  0.29666667     -2.17069622      1.00000000      0.66434238E-01      0.76669834E-13      9.79000000
  0.29727273     -2.14721513      1.00000000      0.71541647E-01      0.82564146E-13      9.81000000
  0.29787879     -2.07058105      1.00000000      0.87072077E-01      0.10048737E-12      9.83000000
  0.29848485     -2.17881412      1.00000000      0.69235961E-01      0.79903220E-13      9.85000000
  0.29909091     -2.12493875      1.00000000      0.79963720E-01      0.92283817E-13      9.87000000
  0.29969697     -2.24033215      1.00000000      0.62543974E-01      0.72180192E-13      9.89000000
  0.30030303     -2.23099214      1.00000000      0.65194562E-01      0.75239159E-13      9.91000000
  0.30090909     -2.31202537      1.00000000      0.55190462E-01      0.63693717E-13      9.93000000
  0.30151515     -2.19551982      1.00000000      0.73630114E-01      0.84974386E-13      9.95000000
  0.30212121     -2.41172830      1.00000000      0.45659682E-01      0.52694519E-13      9.97000000
  0.30272727     -2.31202537      1.00000000      0.58603250E-01      0.67632316E-13      9.99000000
  0.30333333     -2.31202537      1.00000000      0.59787114E-01      0.68998580E-13     10.01000000
  0.30393939     -2.41172830      1.00000000      0.48483119E-01      0.55952966E-13     10.03000000
  0.30454545     -2.45593194      1.00000000      0.44675847E-01      0.51559104E-13     10.05000000
  0.30515152     -2.35902194      1.00000000      0.56972948E-01      0.65750832E-13     10.07000000
  0.30575758     -2.52287874      1.00000000      0.39856373E-01      0.45997088E-13     10.09000000
  0.30636364     -2.54136215      1.00000000      0.38967295E-01      0.44971029E-13     10.11000000
  0.30696970     -2.44069200      1.00000000      0.50125221E-01      0.57848068E-13     10.13000000
  0.30757576     -2.54136215      1.00000000      0.40557581E-01      0.46806331E-13     10.15000000
  0.30818182     -2.50514997      1.00000000      0.44974890E-01      0.51904220E-13     10.17000000
  0.30878788     -2.54136215      1.00000000      0.42212767E-01      0.48716534E-13     10.19000000
  0.30939394     -2.72699874      1.00000000      0.28086209E-01      0.32413482E-13     10.21000000
  0.31000000     -2.78914663      1.00000000      0.24833111E-01      0.28659175E-13     10.23000000
  0.31060606     -2.60206000      1.00000000      0.38976572E-01      0.44981735E-13     10.25000000
  0.31121212     -2.69896998      1.00000000      0.31811163E-01      0.36712343E-13     10.27000000
  0.31181818     -2.58087070      1.00000000      0.42595598E-01      0.49158348E-13     10.29000000
  0.31242424     -2.67264104      1.00000000      0.35178739E-01      0.40598765E-13     10.31000000
  0.31303030     -2.69896998      1.00000000      0.33778255E-01      0.38982508E-13     10.33000000
  0.31363636     -2.67264104      1.00000000      0.36614410E-01      0.42255632E-13     10.35000000
  0.31424242     -2.64781750      1.00000000      0.39551365E-01      0.45645087E-13     10.37000000
  0.31484848     -2.82390874      1.00000000      0.26900238E-01      0.31044787E-13     10.39000000
  0.31545455     -2.82390874      1.00000000      0.27443659E-01      0.31671934E-13     10.41000000
  0.31606061     -2.90309000      1.00000000      0.23331714E-01      0.26926457E-13     10.43000000
  0.31666667     -2.90309000      1.00000000      0.23803046E-01      0.27470407E-13     10.45000000
  0.31727273     -2.90309000      1.00000000      0.24283900E-01      0.28025346E-13     10.47000000
  0.31787879     -3.60205997      1.00000000      0.49548937E-02      0.57182996E-14     10.49000000
  0.31848485     -3.05799193      1.00000000      0.17692462E-01      0.20418359E-13     10.51000000
  0.31909091     -3.42596873      1.00000000      0.77356598E-02      0.89275014E-14     10.53000000
  0.31969697     -2.75696194      1.00000000      0.36829010E-01      0.42503296E-13     10.55000000
  0.32030303     -3.30102998      1.00000000      0.10735145E-01      0.12389120E-13     10.57000000
  0.32090909     -3.20411999      1.00000000      0.13690010E-01      0.15799245E-13     10.59000000
  0.32151515     -3.30102998      1.00000000      0.11173254E-01      0.12894730E-13     10.61000000
  0.32212121     -3.60205997      1.00000000      0.56994844E-02      0.65776102E-14     10.63000000
  0.32272727     -3.42596873      1.00000000      0.87219321E-02      0.10065730E-13     10.65000000
  0.32333333     -3.20411999      1.00000000      0.14830211E-01      0.17115118E-13     10.67000000
  0.32393939     -3.20411999      1.00000000      0.15129801E-01      0.17460866E-13     10.69000000
  0.32454545     -3.30102998      1.00000000      0.12348356E-01      0.14250880E-13     10.71000000
  0.32515152     -3.20411999      1.00000000      0.15747260E-01      0.18173457E-13     10.73000000
  0.32575758     -3.60205997      1.00000000      0.64261507E-02      0.74162348E-14     10.75000000
  0.32636364     -3.30102998      1.00000000      0.13111935E-01      0.15132105E-13     10.77000000
  0.32696970     -3.42596873      1.00000000      0.10032610E-01      0.11578345E-13     10.79000000
  0.32757576     -3.60205997      1.00000000      0.68235217E-02      0.78748291E-14     10.81000000
  0.32818182     -3.12493873      1.00000000      0.20884097E-01      0.24101733E-13     10.83000000
  0.32878788     -3.20411999      1.00000000      0.17754986E-01      0.20490516E-13     10.85000000
  0.32939394     -3.60205997      1.00000000      0.72454647E-02      0.83617813E-14     10.87000000
  0.33000000     -3.42596873      1.00000000      0.11087749E-01      0.12796050E-13     10.89000000
  0.33060606     -3.30102998      1.00000000      0.15082315E-01      0.17406064E-13     10.91000000
  0.33121212     -3.60205997      1.00000000      0.76934992E-02      0.88788450E-14     10.93000000
  0.33242424     -3.90308997      1.00000000      0.40037384E-02      0.46205988E-14     10.97000000
  0.33303030     -3.42596873      1.00000000      0.12253858E-01      0.14141823E-13     10.99000000
  0.33363636     -3.42596873      1.00000000      0.12501402E-01      0.14427506E-13     11.01000000
  0.33424242     -3.60205997      1.00000000      0.85026316E-02      0.98126413E-14     11.03000000
  0.33545455     -3.90308997      1.00000000      0.44248153E-02      0.51065514E-14     11.07000000
  0.33848485     -3.90308997      1.00000000      0.48901772E-02      0.56436121E-14     11.17000000
  0.33909091     -3.90308997      1.00000000      0.49889653E-02      0.57576206E-14     11.19000000
  0.34030303     -3.90308997      1.00000000      0.51925689E-02      0.59925936E-14     11.23000000
  0.34212121     -3.90308997      1.00000000      0.55136594E-02      0.63631549E-14     11.29000000
  0.34454545     -3.90308997      1.00000000      0.59728759E-02      0.68931234E-14     11.37000000
  0.34878788     -3.90308997      1.00000000      0.68704426E-02      0.79289792E-14     11.51000000
  0.35060606     -3.90308997      1.00000000      0.72952871E-02      0.84192799E-14     11.57000000
  0.35121212     -3.90308997      1.00000000      0.74426617E-02      0.85893607E-14     11.59000000
  0.35363636     -3.90308997      1.00000000      0.80625391E-02      0.93047433E-14     11.67000000
  0.35848485     -3.90308997      1.00000000      0.94614773E-02      0.10919217E-13     11.83000000
  0.36030303     -3.90308997      1.00000000      0.10046542E-01      0.11594424E-13     11.89000000
  0.36151515     -3.90308997      1.00000000      0.10456550E-01      0.12067602E-13     11.93000000
  0.36212121     -3.90308997      1.00000000      0.10667786E-01      0.12311383E-13     11.95000000
