  0.11363636     -3.60788944     17.98561151      0.63007919E-09      0.72715618E-21      3.75000000
  0.11424242     -2.82973822     17.98561151      0.54171067E-08      0.62517263E-20      3.77000000
  0.11484848     -2.39926898     17.98561151      0.20914991E-07      0.24137386E-19      3.79000000
  0.11545455     -2.11419910     17.98561151      0.57776148E-07      0.66677782E-19      3.81000000
  0.11606061     -1.78289633     17.98561151      0.17753026E-06      0.20488254E-18      3.83000000
  0.11666667     -1.55738081     17.98561151      0.42757170E-06      0.49344813E-18      3.85000000
  0.11727273     -1.38821764     17.98561151      0.90446789E-06      0.10438202E-17      3.87000000
  0.11787879     -1.20908172     17.98561151      0.19577179E-05      0.22593456E-17      3.89000000
  0.11848485     -1.04718596     17.98561151      0.40725546E-05      0.47000175E-17      3.91000000
  0.11909091     -0.90273875     17.98561151      0.81383274E-05      0.93922083E-17      3.93000000
  0.11969697     -0.78052020     17.98561151      0.15451646E-04      0.17832298E-16      3.95000000
  0.12030303     -0.68481823     17.98561151      0.27599280E-04      0.31851531E-16      3.97000000
  0.12090909     -0.58210587     17.98561151      0.50099241E-04      0.57818086E-16      3.99000000
  0.12151515     -0.50368697     17.98561151      0.85994581E-04      0.99243860E-16      4.01000000
  0.12212121     -0.42495198     17.98561151      0.14771585E-03      0.17047460E-15      4.03000000
  0.12272727     -0.35101142     17.98561151      0.25095087E-03      0.28961514E-15      4.05000000
  0.12333333     -0.28642914     17.98561151      0.41724585E-03      0.48153138E-15      4.07000000
  0.12393939     -0.23213444     17.98561151      0.67749761E-03      0.78188040E-15      4.09000000
  0.12454545     -0.17433295     17.98561151      0.11089968E-02      0.12798611E-14      4.11000000
  0.12515152     -0.12829017     17.98561151      0.17668273E-02      0.20390443E-14      4.13000000
  0.12575758     -0.07756166     17.98561151      0.28454021E-02      0.32837963E-14      4.15000000
  0.12636364     -0.03746327     17.98561151      0.44716013E-02      0.51605458E-14      4.17000000
  0.12696970      0.00124230     17.98561151      0.70047024E-02      0.80839245E-14      4.19000000
  0.12757576      0.03151399     17.98561151      0.10761738E-01      0.12419811E-13      4.21000000
  0.12818182      0.06136540     17.98561151      0.16517901E-01      0.19062832E-13      4.23000000
  0.12878788      0.09372170     17.98561151      0.25499531E-01      0.29428271E-13      4.25000000
  0.12939394      0.11484041     17.98561151      0.38359412E-01      0.44269489E-13      4.27000000
  0.13000000      0.13247324     17.98561151      0.57243451E-01      0.66063011E-13      4.29000000
  0.13060606      0.15055559     17.98561151      0.85512419E-01      0.98687410E-13      4.31000000
  0.13121212      0.16716242     17.98561151      0.12730840E+00      0.14692295E-12      4.33000000
  0.13181818      0.17966548     17.98561151      0.18775052E+00      0.21667745E-12      4.35000000
  0.13242424      0.18715590     17.98561151      0.27371123E+00      0.31588222E-12      4.37000000
  0.13303030      0.19479308     17.98561151      0.39916351E+00      0.46066306E-12      4.39000000
  0.13363636      0.19516913     17.98561151      0.57246366E+00      0.66066376E-12      4.41000000
  0.13424242      0.19551074     17.98561151      0.82093839E+00      0.94742126E-12      4.43000000
  0.13484848      0.19519193     17.98561151      0.11754733E+01      0.13565798E-11      4.45000000
  0.13545455      0.18279440     17.98561151      0.16369533E+01      0.18891605E-11      4.47000000
  0.13606061      0.17734543     17.98561151      0.23163723E+01      0.26732583E-11      4.49000000
  0.13666667      0.17392574     17.98561151      0.32931363E+01      0.38005134E-11      4.51000000
  0.13727273      0.15689669     17.98561151      0.45373439E+01      0.52364174E-11      4.53000000
  0.13787879      0.14645887     17.98561151      0.63472400E+01      0.73251661E-11      4.55000000
  0.13848485      0.12548170     17.98561151      0.86662016E+01      0.10001413E-10      4.57000000
  0.13909091      0.10962849     17.98561151      0.11972824E+02      0.13817490E-10      4.59000000
  0.13969697      0.08591072     17.98561151      0.16244258E+02      0.18747028E-10      4.61000000
  0.14030303      0.06079146     17.98561151      0.21968563E+02      0.25353284E-10      4.63000000
  0.14090909      0.03381596     17.98561151      0.29583339E+02      0.34141276E-10      4.65000000
  0.14151515      0.00409921     17.98561151      0.39586898E+02      0.45686094E-10      4.67000000
  0.14212121     -0.02141468     17.98561151      0.53488279E+02      0.61729276E-10      4.69000000
  0.14272727     -0.04782333     17.98561151      0.72122539E+02      0.83234537E-10      4.71000000
  0.14333333     -0.08464171     17.98561151      0.94945343E+02      0.10957367E-09      4.73000000
  0.14393939     -0.11454761     17.98561151      0.12699564E+03      0.14656199E-09      4.75000000
  0.14454545     -0.15607745     17.98561151      0.16537886E+03      0.19085896E-09      4.77000000
  0.14515152     -0.19795635     17.98561151      0.21519002E+03      0.24834459E-09      4.79000000
  0.14575758     -0.24137313     17.98561151      0.27901426E+03      0.32200229E-09      4.81000000
  0.14636364     -0.27934000     17.98561151      0.36633681E+03      0.42277872E-09      4.83000000
  0.14696970     -0.32439978     17.98561151      0.47319682E+03      0.54610277E-09      4.85000000
  0.14757576     -0.37816498     17.98561151      0.59909770E+03      0.69140133E-09      4.87000000
  0.14818182     -0.42576024     17.98561151      0.76934905E+03      0.88788350E-09      4.89000000
  0.14878788     -0.47042987     17.98561151      0.99466043E+03      0.11479088E-08      4.91000000
  0.14939394     -0.51839649     17.98561151      0.12762309E+04      0.14728612E-08      4.93000000
  0.15000000     -0.57066225     17.98561151      0.16213790E+04      0.18711866E-08      4.95000000
  0.15060606     -0.62546747     17.98561151      0.20478604E+04      0.23633764E-08      4.97000000
  0.15121212     -0.68733137     17.98561151      0.25448224E+04      0.29369059E-08      4.99000000
  0.15181818     -0.72479611     17.98561151      0.33451360E+04      0.38605247E-08      5.01000000
  0.15242424     -0.79743292     17.98561151      0.40550667E+04      0.46798352E-08      5.03000000
  0.15303030     -0.85584103     17.98561151      0.50793827E+04      0.58619687E-08      5.05000000
  0.15363636     -0.92125319     17.98561151      0.62606555E+04      0.72252415E-08      5.07000000
  0.15424242     -0.97492629     17.98561151      0.79280749E+04      0.91495620E-08      5.09000000
  0.15484848     -1.05522125     17.98561151      0.94426485E+04      0.10897488E-07      5.11000000
  0.15545455     -1.08806147     17.98561151      0.12545115E+05      0.14477954E-07      5.13000000
  0.15606061     -1.16099001     17.98561151      0.15197325E+05      0.17538793E-07      5.15000000
  0.15666667     -1.24427748     17.98561151      0.17976316E+05      0.20745947E-07      5.17000000
  0.15727273     -1.30505368     17.98561151      0.22394715E+05      0.25845093E-07      5.19000000
  0.15787879     -1.37531684     17.98561151      0.27296277E+05      0.31501844E-07      5.21000000
  0.15848485     -1.44254618     17.98561151      0.33503881E+05      0.38665860E-07      5.23000000
  0.15909091     -1.49227894     17.98561151      0.42813762E+05      0.49410125E-07      5.25000000
  0.15969697     -1.60861388     17.98561151      0.46932046E+05      0.54162917E-07      5.27000000
  0.16030303     -1.66340679     17.98561151      0.59278556E+05      0.68411668E-07      5.29000000
  0.16090909     -1.75867486     17.98561151      0.68210397E+05      0.78719647E-07      5.31000000
  0.16151515     -1.80740151     17.98561151      0.87366504E+05      0.10082716E-06      5.33000000
  0.16212121     -1.89188611     17.98561151      0.10305793E+06      0.11893617E-06      5.35000000
  0.16272727     -1.96279482     17.98561151      0.12542778E+06      0.14475257E-06      5.37000000
  0.16333333     -2.05360226     17.98561151      0.14581672E+06      0.16828286E-06      5.39000000
  0.16393939     -2.10273946     17.98561151      0.18659120E+06      0.21533951E-06      5.41000000
  0.16454545     -2.22767823     17.98561151      0.20052726E+06      0.23142272E-06      5.43000000
  0.16515152     -2.33296228     17.98561151      0.22548124E+06      0.26022138E-06      5.45000000
  0.16575758     -2.36485140     17.98561151      0.30022188E+06      0.34647739E-06      5.47000000
  0.16636364     -2.44652146     17.98561151      0.35644564E+06      0.41136361E-06      5.49000000
  0.16696970     -2.57986074     17.98561151      0.37572930E+06      0.43361832E-06      5.51000000
  0.16757576     -2.65364695     17.98561151      0.45426564E+06      0.52425484E-06      5.53000000
  0.16818182     -2.73282819     17.98561151      0.54243748E+06      0.62601141E-06      5.55000000
  0.16878788     -2.67847055     17.98561151      0.88090356E+06      0.10166253E-05      5.57000000
  0.16939394     -2.86752677     17.98561151      0.81675760E+06      0.94259633E-06      5.59000000
  0.17000000     -2.97106737     17.98561151      0.92209064E+06      0.10641582E-05      5.61000000
  0.17060606     -3.10728711     17.98561151      0.96555032E+06      0.11143137E-05      5.63000000
  0.17121212     -3.18192073     17.98561151      0.11650977E+07      0.13446055E-05      5.65000000
  0.17181818     -3.23991267     17.98561151      0.14608022E+07      0.16858696E-05      5.67000000
  0.17242424     -3.27209737     17.98561151      0.19436934E+07      0.22431604E-05      5.69000000
  0.17303030     -3.54094266     17.98561151      0.14996969E+07      0.17307569E-05      5.71000000
  0.17363636     -3.34464802     17.98561151      0.33769077E+07      0.38971915E-05      5.73000000
  0.17424242     -3.90891943     17.98561151      0.13196805E+07      0.15230051E-05      5.75000000
  0.17484848     -3.90891943     17.98561151      0.18909927E+07      0.21823400E-05      5.77000000
  0.17545455     -3.68707070     17.98561151      0.45160592E+07      0.52118533E-05      5.79000000
  0.17606061     -4.08501072     17.98561151      0.25884551E+07      0.29872612E-05      5.81000000
  0.17666667     -4.38604072     17.98561151      0.18545207E+07      0.21402487E-05      5.83000000
  0.17727273     -4.08501072     17.98561151      0.53147484E+07      0.61335974E-05      5.85000000
  0.17787879     -3.90891943     17.98561151      0.11423391E+08      0.13183405E-04      5.87000000
  0.17909091     -3.90891943     17.98561151      0.23455090E+08      0.27068841E-04      5.91000000
  0.18151515     -4.38604072     17.98561151      0.32960969E+08      0.38039301E-04      5.99000000
  0.18212121     -4.38604072     17.98561151      0.47230333E+08      0.54507162E-04      6.01000000
