  0.11363636     -2.87480922     21.97802198      0.20001263E-07      0.23082879E-19      3.75000000
  0.11424242     -1.86312346     21.97802198      0.31889069E-06      0.36802253E-18      3.77000000
  0.11484848     -1.52821919     21.97802198      0.10701503E-05      0.12350296E-17      3.79000000
  0.11545455     -1.16517958     21.97802198      0.38316257E-05      0.44219684E-17      3.81000000
  0.11606061     -0.91159395     21.97802198      0.10662704E-04      0.12305519E-16      3.83000000
  0.11666667     -0.71910523     21.97802198      0.25778329E-04      0.29750024E-16      3.85000000
  0.11727273     -0.56299119     21.97802198      0.57314892E-04      0.66145460E-16      3.87000000
  0.11787879     -0.42722837     21.97802198      0.12159871E-03      0.14033356E-15      3.89000000
  0.11848485     -0.27844541     21.97802198      0.26583405E-03      0.30679139E-15      3.91000000
  0.11909091     -0.19651160     21.97802198      0.49824516E-03      0.57501034E-15      3.93000000
  0.11969697     -0.10599178     21.97802198      0.95249254E-03      0.10992441E-14      3.95000000
  0.12030303     -0.03371531     21.97802198      0.17459698E-02      0.20149733E-14      3.97000000
  0.12090909      0.03307422     21.97802198      0.31602754E-02      0.36471825E-14      3.99000000
  0.12151515      0.07952101     21.97802198      0.54584633E-02      0.62994547E-14      4.01000000
  0.12212121      0.12364826     21.97802198      0.93776996E-02      0.10822532E-13      4.03000000
  0.12272727      0.15934506     21.97802198      0.15801263E-01      0.18235781E-13      4.05000000
  0.12333333      0.19498217     21.97802198      0.26621197E-01      0.30722754E-13      4.07000000
  0.12393939      0.22046581     21.97802198      0.43813696E-01      0.50564120E-13      4.09000000
  0.12454545      0.23987250     21.97802198      0.71107475E-01      0.82063081E-13      4.11000000
  0.12515152      0.25643021     21.97802198      0.11464936E+00      0.13231351E-12      4.13000000
  0.12575758      0.27093324     21.97802198      0.18398115E+00      0.21232733E-12      4.15000000
  0.12636364      0.27587282     21.97802198      0.28880958E+00      0.33330678E-12      4.17000000
  0.12696970      0.27967930     21.97802198      0.45218562E+00      0.52185435E-12      4.19000000
  0.12757576      0.28027827     21.97802198      0.70277190E+00      0.81104873E-12      4.21000000
  0.12818182      0.27631909     21.97802198      0.10808213E+01      0.12473446E-11      4.23000000
  0.12878788      0.26882054     21.97802198      0.16487470E+01      0.19027712E-11      4.25000000
  0.12939394      0.26184410     21.97802198      0.25181189E+01      0.29060882E-11      4.27000000
  0.13000000      0.24221083     21.97802198      0.37354390E+01      0.43109621E-11      4.29000000
  0.13060606      0.23192755     21.97802198      0.56618327E+01      0.65341574E-11      4.31000000
  0.13121212      0.21318717     21.97802198      0.84161862E+01      0.97128771E-11      4.33000000
  0.13181818      0.18790946     21.97802198      0.12323563E+02      0.14222268E-10      4.35000000
  0.13242424      0.16075392     21.97802198      0.17967160E+02      0.20735380E-10      4.37000000
  0.13303030      0.13125468     21.97802198      0.26054267E+02      0.30068477E-10      4.39000000
  0.13363636      0.09978619     21.97802198      0.37610495E+02      0.43405185E-10      4.41000000
  0.13424242      0.06287579     21.97802198      0.53616358E+02      0.61877089E-10      4.43000000
  0.13484848      0.02814915     21.97802198      0.76819123E+02      0.88654729E-10      4.45000000
  0.13545455     -0.00412162     21.97802198      0.11068716E+03      0.12774085E-09      4.47000000
  0.13606061     -0.05034811     21.97802198      0.15444343E+03      0.17823870E-09      4.49000000
  0.13666667     -0.09216290     21.97802198      0.21769744E+03      0.25123832E-09      4.51000000
  0.13727273     -0.13739970     21.97802198      0.30444945E+03      0.35135631E-09      4.53000000
  0.13787879     -0.19436382     21.97802198      0.41442863E+03      0.47828010E-09      4.55000000
  0.13848485     -0.24305810     21.97802198      0.57498186E+03      0.66356994E-09      4.57000000
  0.13909091     -0.28856298     21.97802198      0.80361480E+03      0.92742861E-09      4.59000000
  0.13969697     -0.35637504     21.97802198      0.10669266E+04      0.12313091E-08      4.61000000
  0.14030303     -0.41173105     21.97802198      0.14577304E+04      0.16823245E-08      4.63000000
  0.14090909     -0.47226125     21.97802198      0.19680933E+04      0.22713196E-08      4.65000000
  0.14151515     -0.53877422     21.97802198      0.26207849E+04      0.30245721E-08      4.67000000
  0.14212121     -0.59751263     21.97802198      0.35529709E+04      0.41003810E-08      4.69000000
  0.14272727     -0.66157329     21.97802198      0.47580572E+04      0.54911363E-08      4.71000000
  0.14333333     -0.73160509     21.97802198      0.62848734E+04      0.72531907E-08      4.73000000
  0.14393939     -0.81251219     21.97802198      0.80963284E+04      0.93437385E-08      4.75000000
  0.14454545     -0.88533246     21.97802198      0.10625919E+05      0.12263066E-07      4.77000000
  0.14515152     -0.94849797     21.97802198      0.14259348E+05      0.16456302E-07      4.79000000
  0.14575758     -1.03367738     21.97802198      0.18189424E+05      0.20991888E-07      4.81000000
  0.14636364     -1.11755128     21.97802198      0.23272536E+05      0.26858161E-07      4.83000000
  0.14696970     -1.16389731     21.97802198      0.32463576E+05      0.37465275E-07      4.85000000
  0.14757576     -1.26947153     21.97802198      0.39511254E+05      0.45598795E-07      4.87000000
  0.14818182     -1.32625231     21.97802198      0.53806991E+05      0.62097092E-07      4.89000000
  0.14878788     -1.44344547     21.97802198      0.63759399E+05      0.73582879E-07      4.91000000
  0.14939394     -1.52644535     21.97802198      0.81741577E+05      0.94335591E-07      4.93000000
  0.15000000     -1.60023157     21.97802198      0.10704231E+06      0.12353443E-06      4.95000000
  0.15060606     -1.67399186     21.97802198      0.14018252E+06      0.16178059E-06      4.97000000
  0.15121212     -1.75783940     21.97802198      0.17936801E+06      0.20700343E-06      4.99000000
  0.15181818     -1.88817317     21.97802198      0.20621007E+06      0.23798109E-06      5.01000000
  0.15242424     -1.98170345     21.97802198      0.25803480E+06      0.29779050E-06      5.03000000
  0.15303030     -2.05686344     21.97802198      0.33683480E+06      0.38873131E-06      5.05000000
  0.15363636     -2.17847932     21.97802198      0.39509338E+06      0.45596585E-06      5.07000000
  0.15424242     -2.30696333     21.97802198      0.45615707E+06      0.52643769E-06      5.09000000
  0.15484848     -2.38472301     21.97802198      0.59190692E+06      0.68310266E-06      5.11000000
  0.15545455     -2.40209708     21.97802198      0.88262865E+06      0.10186162E-05      5.13000000
  0.15606061     -2.61517192     21.97802198      0.83869073E+06      0.96790873E-06      5.15000000
  0.15666667     -2.50122856     21.97802198      0.16921696E+07      0.19528840E-05      5.17000000
  0.15727273     -2.82512144     21.97802198      0.12458039E+07      0.14377462E-05      5.19000000
  0.15787879     -2.83702064     21.97802198      0.18812614E+07      0.21711094E-05      5.21000000
  0.15848485     -2.84925512     21.97802198      0.28386598E+07      0.32760152E-05      5.23000000
  0.15909091     -3.09229316     21.97802198      0.25175261E+07      0.29054041E-05      5.25000000
  0.15969697     -3.18920319     21.97802198      0.31258103E+07      0.36074073E-05      5.27000000
  0.16030303     -3.43908064     21.97802198      0.27288763E+07      0.31493172E-05      5.29000000
  0.16090909     -3.39332315     21.97802198      0.47058708E+07      0.54309095E-05      5.31000000
  0.16151515     -3.54822513     21.97802198      0.51125397E+07      0.59002343E-05      5.33000000
  0.16212121     -3.69435315     21.97802198      0.56677065E+07      0.65409362E-05      5.35000000
  0.16272727     -3.79126318     21.97802198      0.70371367E+07      0.81213560E-05      5.37000000
  0.16333333     -3.79126318     21.97802198      0.10921811E+08      0.12604546E-04      5.39000000
  0.16393939     -3.79126318     21.97802198      0.16950922E+08      0.19562569E-04      5.41000000
  0.16454545     -3.79126318     21.97802198      0.26308253E+08      0.30361594E-04      5.43000000
  0.16515152     -4.39332318     21.97802198      0.10207766E+08      0.11780487E-04      5.45000000
  0.16575758     -3.91620191     21.97802198      0.47528120E+08      0.54850829E-04      5.47000000
  0.16636364     -4.09229318     21.97802198      0.49176547E+08      0.56753231E-04      5.49000000
  0.16696970     -4.09229318     21.97802198      0.76323224E+08      0.88082426E-04      5.51000000
  0.16939394     -4.39332318     21.97802198      0.22142232E+09      0.25553710E-03      5.59000000
