  0.12454545     -4.43804779      6.99790063      0.19301655E-09      0.22275482E-21      4.11000000
  0.12575758     -4.43804779      6.99790063      0.25536451E-09      0.29470880E-21      4.15000000
  0.12636364     -3.96092655      6.99790063      0.88118029E-09      0.10169447E-20      4.17000000
  0.12696970     -3.96092655      6.99790063      0.10135560E-08      0.11697157E-20      4.19000000
  0.12757576     -4.13701779      6.99790063      0.77721203E-09      0.89695793E-21      4.21000000
  0.12818182     -3.83598779      6.99790063      0.17879382E-08      0.20634078E-20      4.23000000
  0.12878788     -3.83598779      6.99790063      0.20565321E-08      0.23733842E-20      4.25000000
  0.12939394     -3.43804779      6.99790063      0.59136891E-08      0.68248176E-20      4.27000000
  0.13000000     -3.59294979      6.99790063      0.47614528E-08      0.54950550E-20      4.29000000
  0.13060606     -3.15929421      6.99790063      0.14865450E-07      0.17155786E-19      4.31000000
  0.13121212     -3.39665511      6.99790063      0.98992011E-08      0.11424382E-19      4.33000000
  0.13181818     -3.11582852      6.99790063      0.21737507E-07      0.25086628E-19      4.35000000
  0.13242424     -3.05783656      6.99790063      0.28574898E-07      0.32977463E-19      4.37000000
  0.13303030     -2.93289781      6.99790063      0.43823436E-07      0.50575361E-19      4.39000000
  0.13363636     -2.83598780      6.99790063      0.63008541E-07      0.72716336E-19      4.41000000
  0.13424242     -2.72204446      6.99790063      0.94216239E-07      0.10873224E-18      4.43000000
  0.13484848     -2.56881610      6.99790063      0.15421873E-06      0.17797937E-18      4.45000000
  0.13545455     -2.45577657      6.99790063      0.23012279E-06      0.26557806E-18      4.47000000
  0.13606061     -2.45127608      6.99790063      0.26745032E-06      0.30865668E-18      4.49000000
  0.13666667     -2.33424408      6.99790063      0.40277093E-06      0.46482628E-18      4.51000000
  0.13727273     -2.20000169      6.99790063      0.63107866E-06      0.72830963E-18      4.53000000
  0.13787879     -2.08586530      6.99790063      0.94406712E-06      0.10895206E-17      4.55000000
  0.13848485     -2.07821231      6.99790063      0.11051949E-05      0.12754734E-17      4.57000000
  0.13909091     -1.95804088      6.99790063      0.16764603E-05      0.19347544E-17      4.59000000
  0.13969697     -1.90402171      6.99790063      0.21837124E-05      0.25201594E-17      4.61000000
  0.14030303     -1.82952178      6.99790063      0.29817990E-05      0.34412080E-17      4.63000000
  0.14090909     -1.77718231      6.99790063      0.38690187E-05      0.44651226E-17      4.65000000
  0.14151515     -1.70165132      6.99790063      0.52955955E-05      0.61114937E-17      4.67000000
  0.14212121     -1.64565612      6.99790063      0.69293580E-05      0.79969717E-17      4.69000000
  0.14272727     -1.55438636      6.99790063      0.98343522E-05      0.11349542E-16      4.71000000
  0.14333333     -1.47331688      6.99790063      0.13633213E-04      0.15733697E-16      4.73000000
  0.14393939     -1.43761371      6.99790063      0.17024893E-04      0.19647937E-16      4.75000000
  0.14454545     -1.38612390      6.99790063      0.22047390E-04      0.25444256E-16      4.77000000
  0.14515152     -1.33905815      6.99790063      0.28262198E-04      0.32616586E-16      4.79000000
  0.14575758     -1.27608119      6.99790063      0.37580789E-04      0.43370902E-16      4.81000000
  0.14636364     -1.19724904      6.99790063      0.51829979E-04      0.59815480E-16      4.83000000
  0.14696970     -1.15226554      6.99790063      0.66122235E-04      0.76309760E-16      4.85000000
  0.14757576     -1.11458943      6.99790063      0.82948136E-04      0.95728046E-16      4.87000000
  0.14818182     -1.04394650      6.99790063      0.11226194E-03      0.12955826E-15      4.89000000
  0.14878788     -1.00268130      6.99790063      0.14199751E-03      0.16387522E-15      4.91000000
  0.14939394     -0.95631860      6.99790063      0.18172992E-03      0.20972925E-15      4.93000000
  0.15000000     -0.91080469      6.99790063      0.23212576E-03      0.26788963E-15      4.95000000
  0.15060606     -0.87527927      6.99790063      0.28975554E-03      0.33439849E-15      4.97000000
  0.15121212     -0.82220291      6.99790063      0.37660935E-03      0.43463396E-15      4.99000000
  0.15181818     -0.78214140      6.99790063      0.47504593E-03      0.54823678E-15      5.01000000
  0.15242424     -0.74177882      6.99790063      0.59962700E-03      0.69201219E-15      5.03000000
  0.15303030     -0.70783095      6.99790063      0.74578225E-03      0.86068573E-15      5.05000000
  0.15363636     -0.67484450      6.99790063      0.92551077E-03      0.10681052E-14      5.07000000
  0.15424242     -0.63877621      6.99790063      0.11567320E-02      0.13349510E-14      5.09000000
  0.15484848     -0.60720262      6.99790063      0.14308343E-02      0.16512845E-14      5.11000000
  0.15545455     -0.56834682      6.99790063      0.17998161E-02      0.20771158E-14      5.13000000
  0.15606061     -0.54656609      6.99790063      0.21766664E-02      0.25120277E-14      5.15000000
  0.15666667     -0.51604937      6.99790063      0.26859107E-02      0.30997319E-14      5.17000000
  0.15727273     -0.47223484      6.99790063      0.34173472E-02      0.39438616E-14      5.19000000
  0.15787879     -0.45361051      6.99790063      0.41029518E-02      0.47350981E-14      5.21000000
  0.15848485     -0.42189228      6.99790063      0.50768887E-02      0.58590905E-14      5.23000000
  0.15909091     -0.39053930      6.99790063      0.62767325E-02      0.72437955E-14      5.25000000
  0.15969697     -0.37205753      6.99790063      0.75335275E-02      0.86942263E-14      5.27000000
  0.16030303     -0.34683824      6.99790063      0.91833400E-02      0.10598227E-13      5.29000000
  0.16090909     -0.32534228      6.99790063      0.11098892E-01      0.12808910E-13      5.31000000
  0.16151515     -0.30658955      6.99790063      0.13329545E-01      0.15383243E-13      5.33000000
  0.16212121     -0.27679961      6.99790063      0.16420572E-01      0.18950507E-13      5.35000000
  0.16272727     -0.25052706      6.99790063      0.20065215E-01      0.23156684E-13      5.37000000
  0.16333333     -0.24217582      6.99790063      0.23527622E-01      0.27152549E-13      5.39000000
  0.16393939     -0.22299215      6.99790063      0.28284252E-01      0.32642038E-13      5.41000000
  0.16454545     -0.20373303      6.99790063      0.34008449E-01      0.39248168E-13      5.43000000
  0.16515152     -0.19223914      6.99790063      0.40166473E-01      0.46354966E-13      5.45000000
  0.16575758     -0.18417697      6.99790063      0.47066171E-01      0.54317707E-13      5.47000000
  0.16636364     -0.16227589      6.99790063      0.56936784E-01      0.65709097E-13      5.49000000
  0.16696970     -0.14650135      6.99790063      0.67912617E-01      0.78375988E-13      5.51000000
  0.16757576     -0.13782202      6.99790063      0.79691646E-01      0.91969825E-13      5.53000000
  0.16818182     -0.13042343      6.99790063      0.93238307E-01      0.10760363E-12      5.55000000
  0.16878788     -0.11500207      6.99790063      0.11112166E+00      0.12824230E-12      5.57000000
  0.16939394     -0.10722833      6.99790063      0.13012342E+00      0.15017168E-12      5.59000000
  0.17000000     -0.09756402      6.99790063      0.15303923E+00      0.17661815E-12      5.61000000
  0.17060606     -0.08766410      6.99790063      0.18008837E+00      0.20783478E-12      5.63000000
  0.17121212     -0.08756718      6.99790063      0.20718847E+00      0.23911022E-12      5.65000000
  0.17181818     -0.08047504      6.99790063      0.24223714E+00      0.27955888E-12      5.67000000
  0.17242424     -0.07291563      6.99790063      0.28351962E+00      0.32720180E-12      5.69000000
  0.17303030     -0.06473115      6.99790063      0.33231549E+00      0.38351570E-12      5.71000000
  0.17363636     -0.06649972      6.99790063      0.38068435E+00      0.43933680E-12      5.73000000
  0.17424242     -0.06522784      6.99790063      0.43915708E+00      0.50681849E-12      5.75000000
  0.17484848     -0.06054121      6.99790063      0.51061023E+00      0.58928051E-12      5.77000000
  0.17545455     -0.06436360      6.99790063      0.58217040E+00      0.67186602E-12      5.79000000
  0.17606061     -0.06377615      6.99790063      0.67053362E+00      0.77384346E-12      5.81000000
  0.17666667     -0.06271347      6.99790063      0.77315440E+00      0.89227514E-12      5.83000000
  0.17727273     -0.06611222      6.99790063      0.88236948E+00      0.10183171E-11      5.85000000
  0.17787879     -0.06401471      6.99790063      0.10198375E+01      0.11769650E-11      5.87000000
  0.17848485     -0.06820139      6.99790063      0.11617891E+01      0.13407872E-11      5.89000000
  0.17909091     -0.07756801      6.99790063      0.13078070E+01      0.15093023E-11      5.91000000
  0.17969697     -0.07475555      6.99790063      0.15140462E+01      0.17473169E-11      5.93000000
  0.18030303     -0.08156302      6.99790063      0.17144098E+01      0.19785508E-11      5.95000000
  0.18090909     -0.09077636      6.99790063      0.19305644E+01      0.22280086E-11      5.97000000
  0.18151515     -0.09780205      6.99790063      0.21849505E+01      0.25215882E-11      5.99000000
  0.18212121     -0.10670149      6.99790063      0.24622103E+01      0.28415657E-11      6.01000000
  0.18272727     -0.11560109      6.99790063      0.27746521E+01      0.32021457E-11      6.03000000
  0.18333333     -0.12310670      6.99790063      0.31367934E+01      0.36200826E-11      6.05000000
  0.18393939     -0.13517596      6.99790063      0.35091315E+01      0.40497873E-11      6.07000000
  0.18454545     -0.14725664      6.99790063      0.39255631E+01      0.45303789E-11      6.09000000
  0.18515152     -0.16151707      6.99790063      0.43694274E+01      0.50426298E-11      6.11000000
  0.18575758     -0.16895534      6.99790063      0.49404811E+01      0.57016664E-11      6.13000000
  0.18636364     -0.18592327      6.99790063      0.54649263E+01      0.63069135E-11      6.15000000
  0.18696970     -0.19605334      6.99790063      0.61409737E+01      0.70871202E-11      6.17000000
  0.18757576     -0.21137059      6.99790063      0.68187219E+01      0.78692898E-11      6.19000000
  0.18818182     -0.22500845      6.99790063      0.76006041E+01      0.87716374E-11      6.21000000
  0.18878788     -0.24046405      6.99790063      0.84367564E+01      0.97366166E-11      6.23000000
  0.18939394     -0.25984811      6.99790063      0.92805654E+01      0.10710432E-10      6.25000000
  0.19000000     -0.27357596      6.99790063      0.10342596E+02      0.11936092E-10      6.27000000
  0.19060606     -0.29735128      6.99790063      0.11262563E+02      0.12997799E-10      6.29000000
  0.19121212     -0.31367402      6.99790063      0.12476636E+02      0.14398925E-10      6.31000000
  0.19181818     -0.33209503      6.99790063      0.13754965E+02      0.15874207E-10      6.33000000
  0.19242424     -0.35118990      6.99790063      0.15140758E+02      0.17473511E-10      6.35000000
  0.19303030     -0.38228734      6.99790063      0.16211872E+02      0.18709652E-10      6.37000000
  0.19363636     -0.39776201      6.99790063      0.17994571E+02      0.20767014E-10      6.39000000
  0.19424242     -0.41586697      6.99790063      0.19852697E+02      0.22911424E-10      6.41000000
  0.19484848     -0.44412686      6.99790063      0.21396494E+02      0.24693075E-10      6.43000000
  0.19545455     -0.46266194      6.99790063      0.23582537E+02      0.27215925E-10      6.45000000
  0.19606061     -0.49169381      6.99790063      0.25371237E+02      0.29280212E-10      6.47000000
  0.19666667     -0.50359984      6.99790063      0.28393480E+02      0.32768094E-10      6.49000000
  0.19727273     -0.52705007      6.99790063      0.30942213E+02      0.35709514E-10      6.51000000
  0.19787879     -0.56362396      6.99790063      0.32716021E+02      0.37756614E-10      6.53000000
  0.19848485     -0.59232978      6.99790063      0.35223918E+02      0.40650905E-10      6.55000000
  0.19909091     -0.61177858      6.99790063      0.38741091E+02      0.44709973E-10      6.57000000
  0.19969697     -0.63788081      6.99790063      0.41961655E+02      0.48426733E-10      6.59000000
  0.20030303     -0.66771137      6.99790063      0.45061438E+02      0.52004103E-10      6.61000000
  0.20090909     -0.68707682      6.99790063      0.49570418E+02      0.57207787E-10      6.63000000
  0.20151515     -0.72046052      6.99790063      0.52798535E+02      0.60933263E-10      6.65000000
  0.20212121     -0.75141153      6.99790063      0.56552767E+02      0.65265913E-10      6.67000000
  0.20272727     -0.79607822      6.99790063      0.58690818E+02      0.67733376E-10      6.69000000
  0.20333333     -0.82399472      6.99790063      0.63304802E+02      0.73058242E-10      6.71000000
  0.20393939     -0.86715479      6.99790063      0.65926433E+02      0.76083791E-10      6.73000000
  0.20454545     -0.88830910      6.99790063      0.72225118E+02      0.83352921E-10      6.75000000
  0.20515152     -0.90073254      6.99790063      0.80732390E+02      0.93170917E-10      6.77000000
  0.20575758     -0.95147566      6.99790063      0.82620474E+02      0.95349901E-10      6.79000000
  0.20636364     -0.97684951      6.99790063      0.89638964E+02      0.10344974E-09      6.81000000
  0.20696970     -0.99934728      6.99790063      0.97899854E+02      0.11298339E-09      6.83000000
  0.20757576     -1.04870450      6.99790063      0.10050966E+03      0.11599530E-09      6.85000000
  0.20818182     -1.06183597      6.99790063      0.11216551E+03      0.12944697E-09      6.87000000
  0.20878788     -1.11624231      6.99790063      0.11382456E+03      0.13136164E-09      6.89000000
  0.20939394     -1.15316608      6.99790063      0.12025281E+03      0.13878029E-09      6.91000000
  0.21000000     -1.20505169      6.99790063      0.12274183E+03      0.14165280E-09      6.93000000
  0.21060606     -1.22506163      6.99790063      0.13482352E+03      0.15559592E-09      6.95000000
  0.21121212     -1.25392446      6.99790063      0.14510615E+03      0.16746281E-09      6.97000000
  0.21181818     -1.30259710      6.99790063      0.14920939E+03      0.17219825E-09      6.99000000
  0.21242424     -1.35311424      6.99790063      0.15277842E+03      0.17631716E-09      7.01000000
  0.21303030     -1.37848437      6.99790063      0.16575815E+03      0.19129669E-09      7.03000000
  0.21363636     -1.39468551      6.99790063      0.18367783E+03      0.21197727E-09      7.05000000
  0.21424242     -1.46770091      6.99790063      0.17857651E+03      0.20608999E-09      7.07000000
  0.21484848     -1.50153405      6.99790063      0.19000901E+03      0.21928390E-09      7.09000000
  0.21545455     -1.53225194      6.99790063      0.20362884E+03      0.23500216E-09      7.11000000
  0.21606061     -1.55723423      6.99790063      0.22112609E+03      0.25519523E-09      7.13000000
  0.21666667     -1.62114398      6.99790063      0.21953978E+03      0.25336452E-09      7.15000000
  0.21727273     -1.66572611      6.99790063      0.22788413E+03      0.26299449E-09      7.17000000
  0.21787879     -1.73561728      6.99790063      0.22315464E+03      0.25753632E-09      7.19000000
  0.21848485     -1.77528995      6.99790063      0.23426976E+03      0.27036396E-09      7.21000000
  0.21909091     -1.81583379      6.99790063      0.24544568E+03      0.28326176E-09      7.23000000
  0.21969697     -1.81583379      6.99790063      0.28231788E+03      0.32581490E-09      7.25000000
  0.22030303     -1.86517621      6.99790063      0.28985377E+03      0.33451185E-09      7.27000000
  0.22090909     -1.89771832      6.99790063      0.30932843E+03      0.35698700E-09      7.29000000
  0.22151515     -1.98016590      6.99790063      0.29427628E+03      0.33961574E-09      7.31000000
  0.22212121     -2.04010782      6.99790063      0.29484674E+03      0.34027409E-09      7.33000000
  0.22272727     -2.11998447      6.99790063      0.28216469E+03      0.32563811E-09      7.35000000
  0.22333333     -2.13919472      6.99790063      0.31050987E+03      0.35835046E-09      7.37000000
  0.22393939     -2.16388996      6.99790063      0.33741405E+03      0.38939980E-09      7.39000000
  0.22454545     -2.20251936      6.99790063      0.35507227E+03      0.40977864E-09      7.41000000
  0.22515152     -2.26195654      6.99790063      0.35617429E+03      0.41105045E-09      7.43000000
  0.22575758     -2.29191976      6.99790063      0.38236870E+03      0.44128066E-09      7.45000000
  0.22636364     -2.41685851      6.99790063      0.32985766E+03      0.38067919E-09      7.47000000
  0.22696970     -2.36250086      6.99790063      0.42999878E+03      0.49624916E-09      7.49000000
  0.22757576     -2.46956485      6.99790063      0.38653269E+03      0.44608620E-09      7.51000000
  0.22818182     -2.50862887      6.99790063      0.40635462E+03      0.46896212E-09      7.53000000
  0.22878788     -2.56881610      6.99790063      0.40691244E+03      0.46960588E-09      7.55000000
  0.22939394     -2.59294976      6.99790063      0.44274156E+03      0.51095524E-09      7.57000000
  0.23000000     -2.67461982      6.99790063      0.42195217E+03      0.48696280E-09      7.59000000
  0.23060606     -2.80457935      6.99790063      0.35982115E+03      0.41525919E-09      7.61000000
  0.23121212     -2.72204446      6.99790063      0.50050057E+03      0.57761323E-09      7.63000000
  0.23181818     -2.74785171      6.99790063      0.54247573E+03      0.62605555E-09      7.65000000
  0.23242424     -2.88174529      6.99790063      0.45842651E+03      0.52905679E-09      7.67000000
  0.23303030     -3.05783656      6.99790063      0.35152924E+03      0.40568973E-09      7.69000000
  0.23363636     -3.18277529      6.99790063      0.30325343E+03      0.34997601E-09      7.71000000
  0.23424242     -2.93289781      6.99790063      0.62010636E+03      0.71564682E-09      7.73000000
  0.23484848     -2.99088980      6.99790063      0.62410432E+03      0.72026075E-09      7.75000000
  0.23545455     -3.20759889      6.99790063      0.43584402E+03      0.50299498E-09      7.77000000
  0.23606061     -3.29191979      6.99790063      0.41285085E+03      0.47645923E-09      7.79000000
  0.23666667     -3.32410445      6.99790063      0.44095220E+03      0.50889019E-09      7.81000000
  0.23727273     -3.20759889      6.99790063      0.66325429E+03      0.76544260E-09      7.83000000
  0.23787879     -3.35886655      6.99790063      0.53851201E+03      0.62148115E-09      7.85000000
  0.23848485     -3.59294979      6.99790063      0.36132262E+03      0.41699199E-09      7.87000000
  0.23909091     -3.65989655      6.99790063      0.35623073E+03      0.41111559E-09      7.89000000
  0.23969697     -3.53495780      6.99790063      0.54632759E+03      0.63050087E-09      7.91000000
  0.24030303     -3.59294979      6.99790063      0.54984988E+03      0.63456584E-09      7.93000000
  0.24090909     -3.83598779      6.99790063      0.36140081E+03      0.41708222E-09      7.95000000
  0.24151515     -3.83598779      6.99790063      0.41569243E+03      0.47973861E-09      7.97000000
  0.24212121     -3.96092655      6.99790063      0.35860501E+03      0.41385567E-09      7.99000000
  0.24272727     -3.59294979      6.99790063      0.96244540E+03      0.11107304E-08      8.01000000
  0.24333333     -4.13701779      6.99790063      0.31629410E+03      0.36502588E-09      8.03000000
  0.24393939     -4.43804779      6.99790063      0.18190477E+03      0.20993104E-09      8.05000000
  0.24454545     -4.13701779      6.99790063      0.41846301E+03      0.48293607E-09      8.07000000
  0.24515152     -3.83598779      6.99790063      0.96265366E+03      0.11109708E-08      8.09000000
  0.24575758     -3.96092655      6.99790063      0.83045157E+03      0.95840014E-09      8.11000000
  0.24636364     -4.13701779      6.99790063      0.63680440E+03      0.73491755E-09      8.13000000
  0.24696970     -3.96092655      6.99790063      0.10987030E+04      0.12679813E-08      8.15000000
  0.24757576     -4.13701779      6.99790063      0.84250414E+03      0.97230966E-09      8.17000000
  0.24818182     -4.43804779      6.99790063      0.48453487E+03      0.55918769E-09      8.19000000
  0.24878788     -3.83598779      6.99790063      0.22292975E+04      0.25727678E-08      8.21000000
  0.24939394     -4.43804779      6.99790063      0.64104870E+03      0.73981577E-09      8.23000000
  0.25000000     -4.13701779      6.99790063      0.14747011E+04      0.17019099E-08      8.25000000
  0.25060606     -4.13701779      6.99790063      0.16962388E+04      0.19575802E-08      8.27000000
  0.25181818     -4.43804779      6.99790063      0.11220779E+04      0.12949576E-08      8.31000000
  0.25242424     -4.43804779      6.99790063      0.12906426E+04      0.14894933E-08      8.33000000
  0.25303030     -4.43804779      6.99790063      0.14845300E+04      0.17132532E-08      8.35000000
  0.25363636     -4.43804779      6.99790063      0.17075443E+04      0.19706275E-08      8.37000000
  0.25424242     -4.43804779      6.99790063      0.19640610E+04      0.22666660E-08      8.39000000
  0.25909091     -4.43804779      6.99790063      0.60175389E+04      0.69446676E-08      8.55000000
  0.26090909     -4.43804779      6.99790063      0.91573093E+04      0.10568186E-07      8.61000000
