  0.11606061     -4.21722698     11.49425287      0.39537843E-10      0.45629481E-22      3.83000000
  0.11666667     -3.74010573     11.49425287      0.14926983E-09      0.17226799E-21      3.85000000
  0.11727273     -4.21722698     11.49425287      0.62616472E-10      0.72263860E-22      3.87000000
  0.11787879     -3.43907574     11.49425287      0.47280020E-09      0.54564504E-21      3.89000000
  0.11848485     -3.74010573     11.49425287      0.29749897E-09      0.34333496E-21      3.91000000
  0.11909091     -3.43907574     11.49425287      0.74877834E-09      0.86414343E-21      3.93000000
  0.11969697     -2.96195447     11.49425287      0.28269124E-08      0.32624579E-20      3.95000000
  0.12030303     -2.78586321     11.49425287      0.53363145E-08      0.61584863E-20      3.97000000
  0.12090909     -2.69871302     11.49425287      0.82078503E-08      0.94724427E-20      3.99000000
  0.12151515     -2.58375851     11.49425287      0.13459277E-07      0.15532963E-19      4.01000000
  0.12212121     -2.41788643     11.49425287      0.24815992E-07      0.28639419E-19      4.03000000
  0.12272727     -2.27274430     11.49425287      0.43622603E-07      0.50343585E-19      4.05000000
  0.12333333     -2.20862683     11.49425287      0.63630724E-07      0.73434379E-19      4.07000000
  0.12393939     -2.03253555     11.49425287      0.12011464E-06      0.13862084E-18      4.09000000
  0.12454545     -1.92497092     11.49425287      0.19364148E-06      0.22347603E-18      4.11000000
  0.12515152     -1.81068681     11.49425287      0.31704457E-06      0.36589198E-18      4.13000000
  0.12575758     -1.74301071     11.49425287      0.46626652E-06      0.53810471E-18      4.15000000
  0.12636364     -1.63744337     11.49425287      0.74823734E-06      0.86351909E-18      4.17000000
  0.12696970     -1.50710961     11.49425287      0.12711914E-05      0.14670453E-17      4.19000000
  0.12757576     -1.47528792     11.49425287      0.17213551E-05      0.19865661E-17      4.21000000
  0.12818182     -1.37337156     11.49425287      0.27392056E-05      0.31612379E-17      4.23000000
  0.12878788     -1.27323812     11.49425287      0.43410609E-05      0.50098929E-17      4.25000000
  0.12939394     -1.21506093     11.49425287      0.62461280E-05      0.72084757E-17      4.27000000
  0.13000000     -1.14534498     11.49425287      0.92292125E-05      0.10651167E-16      4.29000000
  0.13060606     -1.04872951     11.49425287      0.14508347E-04      0.16743663E-16      4.31000000
  0.13121212     -0.97369289     11.49425287      0.21701630E-04      0.25045224E-16      4.33000000
  0.13181818     -0.92497092     11.49425287      0.30552879E-04      0.35260194E-16      4.35000000
  0.13242424     -0.83377067     11.49425287      0.47434050E-04      0.54742266E-16      4.37000000
  0.13303030     -0.79316247     11.49425287      0.65544494E-04      0.75643005E-16      4.39000000
  0.13363636     -0.74039535     11.49425287      0.93141053E-04      0.10749140E-15      4.41000000
  0.13424242     -0.65720073     11.49425287      0.14196248E-03      0.16383480E-15      4.43000000
  0.13484848     -0.63086477     11.49425287      0.18982235E-03      0.21906849E-15      4.45000000
  0.13545455     -0.57367562     11.49425287      0.27250490E-03      0.31449002E-15      4.47000000
  0.13606061     -0.51187653     11.49425287      0.39537683E-03      0.45629297E-15      4.49000000
  0.13666667     -0.47852570     11.49425287      0.53727898E-03      0.62005814E-15      4.51000000
  0.13727273     -0.41740417     11.49425287      0.77832181E-03      0.89823870E-15      4.53000000
  0.13787879     -0.38153641     11.49425287      0.10638117E-02      0.12277144E-14      4.55000000
  0.13848485     -0.34072047     11.49425287      0.14706811E-02      0.16972706E-14      4.57000000
  0.13909091     -0.30660258     11.49425287      0.20020468E-02      0.23105043E-14      4.59000000
  0.13969697     -0.27601378     11.49425287      0.27033410E-02      0.31198477E-14      4.61000000
  0.14030303     -0.24174920     11.49425287      0.36813171E-02      0.42485016E-14      4.63000000
  0.14090909     -0.19985970     11.49425287      0.51018835E-02      0.58879363E-14      4.65000000
  0.14151515     -0.17386469     11.49425287      0.68165302E-02      0.78667604E-14      4.67000000
  0.14212121     -0.14930102     11.49425287      0.90774705E-02      0.10476046E-13      4.69000000
  0.14272727     -0.12601741     11.49425287      0.12052753E-01      0.13909734E-13      4.71000000
  0.14333333     -0.09409432     11.49425287      0.16324774E-01      0.18839949E-13      4.73000000
  0.14393939     -0.07565180     11.49425287      0.21435198E-01      0.24737742E-13      4.75000000
  0.14454545     -0.05856300     11.49425287      0.28057832E-01      0.32380733E-13      4.77000000
  0.14515152     -0.03969047     11.49425287      0.36877753E-01      0.42559548E-13      4.79000000
  0.14575758     -0.02510575     11.49425287      0.47994004E-01      0.55388492E-13      4.81000000
  0.14636364     -0.00956569     11.49425287      0.62598634E-01      0.72243273E-13      4.83000000
  0.14696970      0.00470862     11.49425287      0.81409853E-01      0.93952758E-13      4.85000000
  0.14757576      0.01594690     11.49425287      0.10513639E+00      0.12133487E-12      4.87000000
  0.14818182      0.01675850     11.49425287      0.13255694E+00      0.15298013E-12      4.89000000
  0.14878788      0.03980326     11.49425287      0.17590778E+00      0.20301009E-12      4.91000000
  0.14939394      0.03703096     11.49425287      0.21996347E+00      0.25385349E-12      4.93000000
  0.15000000      0.04567480     11.49425287      0.28237888E+00      0.32588530E-12      4.95000000
  0.15060606      0.04557995     11.49425287      0.35528361E+00      0.41002255E-12      4.97000000
  0.15121212      0.05205242     11.49425287      0.45382191E+00      0.52374275E-12      4.99000000
  0.15181818      0.04761444     11.49425287      0.56530821E+00      0.65240586E-12      5.01000000
  0.15242424      0.05669980     11.49425287      0.72645458E+00      0.83838022E-12      5.03000000
  0.15303030      0.04593547     11.49425287      0.89182973E+00      0.10292349E-11      5.05000000
  0.15363636      0.04961598     11.49425287      0.11318797E+01      0.13062696E-11      5.07000000
  0.15424242      0.04155391     11.49425287      0.13982216E+01      0.16136471E-11      5.09000000
  0.15484848      0.03686169     11.49425287      0.17406907E+01      0.20088808E-11      5.11000000
  0.15545455      0.02650539     11.49425287      0.21389622E+01      0.24685145E-11      5.13000000
  0.15606061      0.01868003     11.49425287      0.26437207E+01      0.30510416E-11      5.15000000
  0.15666667      0.01327303     11.49425287      0.32858398E+01      0.37920927E-11      5.17000000
  0.15727273     -0.00174805     11.49425287      0.39945063E+01      0.46099443E-11      5.19000000
  0.15787879     -0.00830215     11.49425287      0.49516145E+01      0.57145151E-11      5.21000000
  0.15848485     -0.01626709     11.49425287      0.61181440E+01      0.70607731E-11      5.23000000
  0.15909091     -0.03750289     11.49425287      0.73319873E+01      0.84616346E-11      5.25000000
  0.15969697     -0.05451326     11.49425287      0.88725641E+01      0.10239570E-10      5.27000000
  0.16030303     -0.07615367     11.49425287      0.10622985E+02      0.12259679E-10      5.29000000
  0.16090909     -0.09090073     11.49425287      0.12922225E+02      0.14913166E-10      5.31000000
  0.16151515     -0.10950839     11.49425287      0.15580000E+02      0.17980428E-10      5.33000000
  0.16212121     -0.12146503     11.49425287      0.19074301E+02      0.22013099E-10      5.35000000
  0.16272727     -0.14124229     11.49425287      0.22935551E+02      0.26469256E-10      5.37000000
  0.16333333     -0.17127845     11.49425287      0.26934619E+02      0.31084465E-10      5.39000000
  0.16393939     -0.19057115     11.49425287      0.32423205E+02      0.37418683E-10      5.41000000
  0.16454545     -0.20866938     11.49425287      0.39137720E+02      0.45167711E-10      5.43000000
  0.16515152     -0.24414531     11.49425287      0.45389709E+02      0.52382951E-10      5.45000000
  0.16575758     -0.26725183     11.49425287      0.54161253E+02      0.62505936E-10      5.47000000
  0.16636364     -0.29626930     11.49425287      0.63754235E+02      0.73576920E-10      5.49000000
  0.16696970     -0.32081100     11.49425287      0.75823730E+02      0.87505975E-10      5.51000000
  0.16757576     -0.34881767     11.49425287      0.89461525E+02      0.10324496E-09      5.53000000
  0.16818182     -0.37881869     11.49425287      0.10506863E+03      0.12125667E-09      5.55000000
  0.16878788     -0.41064006     11.49425287      0.12288236E+03      0.14181498E-09      5.57000000
  0.16939394     -0.45230400     11.49425287      0.14049582E+03      0.16214216E-09      5.59000000
  0.17000000     -0.48499411     11.49425287      0.16398763E+03      0.18925339E-09      5.61000000
  0.17060606     -0.50373642     11.49425287      0.19765445E+03      0.22810729E-09      5.63000000
  0.17121212     -0.54227403     11.49425287      0.22761810E+03      0.26268747E-09      5.65000000
  0.17181818     -0.57923720     11.49425287      0.26307613E+03      0.30360856E-09      5.67000000
  0.17242424     -0.61668968     11.49425287      0.30371538E+03      0.35050913E-09      5.69000000
  0.17303030     -0.64832156     11.49425287      0.35536342E+03      0.41011464E-09      5.71000000
  0.17363636     -0.68142670     11.49425287      0.41438629E+03      0.47823124E-09      5.73000000
  0.17424242     -0.73235796     11.49425287      0.46377992E+03      0.53523499E-09      5.75000000
  0.17484848     -0.78313735     11.49425287      0.51924264E+03      0.59924292E-09      5.77000000
  0.17545455     -0.81017617     11.49425287      0.61400138E+03      0.70860124E-09      5.79000000
  0.17606061     -0.83719673     11.49425287      0.72608355E+03      0.83795204E-09      5.81000000
  0.17666667     -0.89048159     11.49425287      0.80823854E+03      0.93276473E-09      5.83000000
  0.17727273     -0.92144004     11.49425287      0.94715033E+03      0.10930788E-08      5.85000000
  0.17787879     -0.98805730     11.49425287      0.10224439E+04      0.11799729E-08      5.87000000
  0.17848485     -1.02188093     11.49425287      0.11902924E+04      0.13736820E-08      5.89000000
  0.17909091     -1.06310745     11.49425287      0.13622755E+04      0.15721628E-08      5.91000000
  0.17969697     -1.09764119     11.49425287      0.15833212E+04      0.18272652E-08      5.93000000
  0.18030303     -1.13516006     11.49425287      0.18276286E+04      0.21092134E-08      5.95000000
  0.18090909     -1.21290560     11.49425287      0.19230042E+04      0.22192835E-08      5.97000000
  0.18151515     -1.26105854     11.49425287      0.21660331E+04      0.24997562E-08      5.99000000
  0.18212121     -1.26153924     11.49425287      0.27228406E+04      0.31423516E-08      6.01000000
  0.18272727     -1.34917062     11.49425287      0.28004553E+04      0.32319245E-08      6.03000000
  0.18333333     -1.42134695     11.49425287      0.29846274E+04      0.34444722E-08      6.05000000
  0.18393939     -1.42343661     11.49425287      0.37379912E+04      0.43139076E-08      6.07000000
  0.18454545     -1.49213246     11.49425287      0.40158755E+04      0.46346058E-08      6.09000000
  0.18515152     -1.54328499     11.49425287      0.44922665E+04      0.51843949E-08      6.11000000
  0.18575758     -1.58986112     11.49425287      0.50784035E+04      0.58608387E-08      6.13000000
  0.18636364     -1.65612561     11.49425287      0.54865649E+04      0.63318859E-08      6.15000000
  0.18696970     -1.69348051     11.49425287      0.63355371E+04      0.73116602E-08      6.17000000
  0.18757576     -1.81239327     11.49425287      0.60632920E+04      0.69974700E-08      6.19000000
  0.18818182     -1.80392722     11.49425287      0.77805867E+04      0.89793501E-08      6.21000000
  0.18878788     -1.86892213     11.49425287      0.84305373E+04      0.97294394E-08      6.23000000
  0.18939394     -1.84615911     11.49425287      0.11180368E+05      0.12902939E-07      6.25000000
  0.19000000     -2.01582984     11.49425287      0.95196979E+04      0.10986408E-07      6.27000000
  0.19060606     -1.98934029     11.49425287      0.12733580E+05      0.14695457E-07      6.29000000
  0.19121212     -2.09665303     11.49425287      0.12516290E+05      0.14444688E-07      6.31000000
  0.19181818     -2.16800896     11.49425287      0.13364647E+05      0.15423752E-07      6.33000000
  0.19242424     -2.30874196     11.49425287      0.12163605E+05      0.14037664E-07      6.35000000
  0.19303030     -2.28780806     11.49425287      0.16063272E+05      0.18538157E-07      6.37000000
  0.19363636     -2.43907575     11.49425287      0.14269348E+05      0.16467842E-07      6.39000000
  0.19424242     -2.33641339     11.49425287      0.22745961E+05      0.26250456E-07      6.41000000
  0.19484848     -2.41788643     11.49425287      0.23728434E+05      0.27384299E-07      6.43000000
  0.19545455     -2.72586528     11.49425287      0.14693594E+05      0.16957452E-07      6.45000000
  0.19606061     -2.67315893     11.49425287      0.20877197E+05      0.24093770E-07      6.47000000
  0.19666667     -2.57377430     11.49425287      0.33028940E+05      0.38117745E-07      6.49000000
  0.19727273     -2.83701575     11.49425287      0.22672061E+05      0.26165170E-07      6.51000000
  0.19787879     -2.68574805     11.49425287      0.40420019E+05      0.46647575E-07      6.53000000
  0.19848485     -2.98677804     11.49425287      0.25433394E+05      0.29351945E-07      6.55000000
  0.19909091     -2.85549914     11.49425287      0.43303305E+05      0.49975092E-07      6.57000000
  0.19969697     -2.96195447     11.49425287      0.42648477E+05      0.49219374E-07      6.59000000
  0.20030303     -3.01310700     11.49425287      0.47707736E+05      0.55058119E-07      6.61000000
  0.20090909     -3.10328362     11.49425287      0.48780922E+05      0.56296651E-07      6.63000000
  0.20151515     -3.10328362     11.49425287      0.61388612E+05      0.70846822E-07      6.65000000
  0.20212121     -3.43907574     11.49425287      0.35656073E+05      0.41149643E-07      6.67000000
  0.20272727     -3.21722700     11.49425287      0.74785958E+05      0.86308312E-07      6.69000000
  0.20333333     -3.31413699     11.49425287      0.75291834E+05      0.86892129E-07      6.71000000
  0.20393939     -3.91619698     11.49425287      0.23687853E+05      0.27337466E-07      6.73000000
  0.20454545     -3.43907574     11.49425287      0.89430314E+05      0.10320894E-06      6.75000000
  0.20515152     -3.74010573     11.49425287      0.56272028E+05      0.64941921E-07      6.77000000
  0.20575758     -3.74010573     11.49425287      0.70815835E+05      0.81726508E-07      6.79000000
  0.20636364     -3.37212894     11.49425287      0.20794332E+06      0.23998138E-06      6.81000000
  0.20696970     -3.51825699     11.49425287      0.18691956E+06      0.21571846E-06      6.83000000
  0.20757576     -4.21722698     11.49425287      0.47045986E+05      0.54294412E-07      6.85000000
  0.20818182     -3.91619698     11.49425287      0.11841054E+06      0.13665419E-06      6.87000000
  0.20939394     -4.21722698     11.49425287      0.93763974E+05      0.10821029E-06      6.91000000
  0.21545455     -4.21722698     11.49425287      0.93414464E+06      0.10780693E-05      7.11000000
  0.22030303     -4.21722698     11.49425287      0.58764713E+07      0.67818657E-05      7.27000000
