  0.11363636     -4.08065028     16.00000000      0.88937225E-10      0.10263988E-21      3.75000000
  0.11424242     -3.34028762     16.00000000      0.67362854E-09      0.77741522E-21      3.77000000
  0.11484848     -3.20558904     16.00000000      0.12650081E-08      0.14599092E-20      3.79000000
  0.11545455     -2.77962030     16.00000000      0.46455406E-08      0.53612841E-20      3.81000000
  0.11606061     -2.39940907     16.00000000      0.15354007E-07      0.17719615E-19      3.83000000
  0.11666667     -2.19415958     16.00000000      0.33919188E-07      0.39145155E-19      3.85000000
  0.11727273     -1.94871101     16.00000000      0.82199326E-07      0.94863866E-19      3.87000000
  0.11787879     -1.74922300     16.00000000      0.17919690E-06      0.20680597E-18      3.89000000
  0.11848485     -1.56809930     16.00000000      0.37447983E-06      0.43217634E-18      3.91000000
  0.11909091     -1.41133342     16.00000000      0.73989237E-06      0.85388839E-18      3.93000000
  0.11969697     -1.28546570     16.00000000      0.13614776E-05      0.15712419E-17      3.95000000
  0.12030303     -1.17783183     16.00000000      0.24022522E-05      0.27723698E-17      3.97000000
  0.12090909     -1.06739163     16.00000000      0.42661197E-05      0.49234054E-17      3.99000000
  0.12151515     -0.96905176     16.00000000      0.73679580E-05      0.85031473E-17      4.01000000
  0.12212121     -0.85482432     16.00000000      0.13199237E-04      0.15232858E-16      4.03000000
  0.12272727     -0.77702232     16.00000000      0.21743280E-04      0.25093291E-16      4.05000000
  0.12333333     -0.68002599     16.00000000      0.37436533E-04      0.43204420E-16      4.07000000
  0.12393939     -0.60891864     16.00000000      0.60726353E-04      0.70082528E-16      4.09000000
  0.12454545     -0.53994552     16.00000000      0.98022225E-04      0.11312462E-15      4.11000000
  0.12515152     -0.46749587     16.00000000      0.15949550E-03      0.18406915E-15      4.13000000
  0.12575758     -0.41347764     16.00000000      0.24873729E-03      0.28706052E-15      4.15000000
  0.12636364     -0.35670232     16.00000000      0.39038261E-03      0.45052928E-15      4.17000000
  0.12696970     -0.29982910     16.00000000      0.61282703E-03      0.70724596E-15      4.19000000
  0.12757576     -0.24603888     16.00000000      0.95521770E-03      0.11023891E-14      4.21000000
  0.12818182     -0.19903742     16.00000000      0.14658113E-02      0.16916504E-14      4.23000000
  0.12878788     -0.15854792     16.00000000      0.22158573E-02      0.25572569E-14      4.25000000
  0.12939394     -0.11639065     16.00000000      0.33625852E-02      0.38806623E-14      4.27000000
  0.13000000     -0.07181602     16.00000000      0.51312380E-02      0.59218134E-14      4.29000000
  0.13060606     -0.04151391     16.00000000      0.75770213E-02      0.87444213E-14      4.31000000
  0.13121212     -0.00889713     16.00000000      0.11248368E-01      0.12981416E-13      4.33000000
  0.13181818      0.01932371     16.00000000      0.16530447E-01      0.19077311E-13      4.35000000
  0.13242424      0.04238422     16.00000000      0.24005974E-01      0.27704601E-13      4.37000000
  0.13303030      0.06591180     16.00000000      0.34899657E-01      0.40276685E-13      4.39000000
  0.13363636      0.08425250     16.00000000      0.50134430E-01      0.57858697E-13      4.41000000
  0.13424242      0.10129328     16.00000000      0.71804407E-01      0.82867390E-13      4.43000000
  0.13484848      0.11775932     16.00000000      0.10270495E+00      0.11852881E-12      4.45000000
  0.13545455      0.12721286     16.00000000      0.14455035E+00      0.16682138E-12      4.47000000
  0.13606061      0.14372736     16.00000000      0.20677969E+00      0.23863846E-12      4.49000000
  0.13666667      0.14679932     16.00000000      0.28678345E+00      0.33096849E-12      4.51000000
  0.13727273      0.15162138     16.00000000      0.39934695E+00      0.46087477E-12      4.53000000
  0.13787879      0.15094672     16.00000000      0.54909810E+00      0.63369824E-12      4.55000000
  0.13848485      0.15669232     16.00000000      0.76624875E+00      0.88430553E-12      4.57000000
  0.13909091      0.15176129     16.00000000      0.10433091E+01      0.12040528E-11      4.59000000
  0.13969697      0.15157051     16.00000000      0.14361389E+01      0.16574064E-11      4.61000000
  0.14030303      0.13890803     16.00000000      0.19209152E+01      0.22168727E-11      4.63000000
  0.14090909      0.13700469     16.00000000      0.26337775E+01      0.30395665E-11      4.65000000
  0.14151515      0.12573025     16.00000000      0.35341004E+01      0.40786031E-11      4.67000000
  0.14212121      0.11416920     16.00000000      0.47390585E+01      0.54692104E-11      4.69000000
  0.14272727      0.09788062     16.00000000      0.62860485E+01      0.72545468E-11      4.71000000
  0.14333333      0.08462371     16.00000000      0.83964373E+01      0.96900855E-11      4.73000000
  0.14393939      0.06473259     16.00000000      0.11045316E+02      0.12747080E-10      4.75000000
  0.14454545      0.04352774     16.00000000      0.14485969E+02      0.16717838E-10      4.77000000
  0.14515152      0.02233193     16.00000000      0.18998791E+02      0.21925956E-10      4.79000000
  0.14575758     -0.00248360     16.00000000      0.24710679E+02      0.28517880E-10      4.81000000
  0.14636364     -0.02674632     16.00000000      0.32180752E+02      0.37138876E-10      4.83000000
  0.14696970     -0.05501678     16.00000000      0.41524074E+02      0.47921733E-10      4.85000000
  0.14757576     -0.07945762     16.00000000      0.54054687E+02      0.62382951E-10      4.87000000
  0.14818182     -0.10979225     16.00000000      0.69418138E+02      0.80113466E-10      4.89000000
  0.14878788     -0.14205553     16.00000000      0.88753177E+02      0.10242748E-09      4.91000000
  0.14939394     -0.17859300     16.00000000      0.11236231E+03      0.12967410E-09      4.93000000
  0.15000000     -0.20547325     16.00000000      0.14545031E+03      0.16786000E-09      4.95000000
  0.15060606     -0.24303028     16.00000000      0.18370960E+03      0.21201394E-09      4.97000000
  0.15121212     -0.28134421     16.00000000      0.23162859E+03      0.26731586E-09      4.99000000
  0.15181818     -0.32779550     16.00000000      0.28662569E+03      0.33078642E-09      5.01000000
  0.15242424     -0.36779024     16.00000000      0.35999345E+03      0.41545804E-09      5.03000000
  0.15303030     -0.40391098     16.00000000      0.45619246E+03      0.52647853E-09      5.05000000
  0.15363636     -0.44622341     16.00000000      0.56991476E+03      0.65772215E-09      5.07000000
  0.15424242     -0.49796209     16.00000000      0.69669943E+03      0.80404067E-09      5.09000000
  0.15484848     -0.54586295     16.00000000      0.85924859E+03      0.99163396E-09      5.11000000
  0.15545455     -0.57904336     16.00000000      0.10962577E+04      0.12651593E-08      5.13000000
  0.15606061     -0.63148056     16.00000000      0.13379802E+04      0.15441243E-08      5.15000000
  0.15666667     -0.67890522     16.00000000      0.16519590E+04      0.19064781E-08      5.17000000
  0.15727273     -0.72157409     16.00000000      0.20620758E+04      0.23797821E-08      5.19000000
  0.15787879     -0.79173069     16.00000000      0.24161409E+04      0.27883984E-08      5.21000000
  0.15848485     -0.83108508     16.00000000      0.30390798E+04      0.35073142E-08      5.23000000
  0.15909091     -0.88405963     16.00000000      0.37046040E+04      0.42753764E-08      5.25000000
  0.15969697     -0.94440550     16.00000000      0.44398690E+04      0.51239245E-08      5.27000000
  0.16030303     -0.99750616     16.00000000      0.54105788E+04      0.62441926E-08      5.29000000
  0.16090909     -1.07141193     16.00000000      0.62851001E+04      0.72534523E-08      5.31000000
  0.16151515     -1.12858470     16.00000000      0.75877612E+04      0.87568159E-08      5.33000000
  0.16212121     -1.18550413     16.00000000      0.91657596E+04      0.10577938E-07      5.35000000
  0.16272727     -1.24180121     16.00000000      0.11087806E+05      0.12796116E-07      5.37000000
  0.16333333     -1.29283573     16.00000000      0.13576422E+05      0.15668156E-07      5.39000000
  0.16393939     -1.37865082     16.00000000      0.15344208E+05      0.17708307E-07      5.41000000
  0.16454545     -1.42263890     16.00000000      0.19095482E+05      0.22037544E-07      5.43000000
  0.16515152     -1.50835968     16.00000000      0.21586592E+05      0.24912462E-07      5.45000000
  0.16575758     -1.57617943     16.00000000      0.25429544E+05      0.29347501E-07      5.47000000
  0.16636364     -1.66234899     16.00000000      0.28717276E+05      0.33141778E-07      5.49000000
  0.16696970     -1.66818975     16.00000000      0.39019052E+05      0.45030760E-07      5.51000000
  0.16757576     -1.73429733     16.00000000      0.46146990E+05      0.53256906E-07      5.53000000
  0.16818182     -1.79173067     16.00000000      0.55678082E+05      0.64256464E-07      5.55000000
  0.16878788     -1.88336975     16.00000000      0.62089680E+05      0.71655905E-07      5.57000000
  0.16939394     -1.95679867     16.00000000      0.72204579E+05      0.83329217E-07      5.59000000
  0.17000000     -2.04722655     16.00000000      0.80744154E+05      0.93184494E-07      5.61000000
  0.17060606     -2.09612300     16.00000000      0.99354804E+05      0.11466251E-06      5.63000000
  0.17121212     -2.22031230     16.00000000      0.10279543E+06      0.11863323E-06      5.65000000
  0.17181818     -2.28477027     16.00000000      0.12203659E+06      0.14083890E-06      5.67000000
  0.17242424     -2.32098247     16.00000000      0.15461517E+06      0.17843690E-06      5.69000000
  0.17303030     -2.47319527     16.00000000      0.14997316E+06      0.17307969E-06      5.71000000
  0.17363636     -2.55560548     16.00000000      0.17083528E+06      0.19715606E-06      5.73000000
  0.17424242     -2.53042195     16.00000000      0.24930749E+06      0.28771857E-06      5.75000000
  0.17484848     -2.67411013     16.00000000      0.24661608E+06      0.28461249E-06      5.77000000
  0.17545455     -2.72846777     16.00000000      0.29966635E+06      0.34583627E-06      5.79000000
  0.17606061     -2.87653030     16.00000000      0.29346052E+06      0.33867430E-06      5.81000000
  0.17666667     -2.89031861     16.00000000      0.39150346E+06      0.45182282E-06      5.83000000
  0.17727273     -2.90455904     16.00000000      0.52175835E+06      0.60214623E-06      5.85000000
  0.17787879     -3.01995245     16.00000000      0.55087141E+06      0.63574476E-06      5.87000000
  0.17848485     -3.30249906     16.00000000      0.39580189E+06      0.45678351E-06      5.89000000
  0.17909091     -3.05946099     16.00000000      0.95387214E+06      0.11008363E-05      5.91000000
  0.17969697     -3.20558904     16.00000000      0.93828841E+06      0.10828515E-05      5.93000000
  0.18030303     -3.47859029     16.00000000      0.68914297E+06      0.79531997E-06      5.95000000
  0.18090909     -3.34028762     16.00000000      0.13049271E+07      0.15059786E-05      5.97000000
  0.18151515     -3.53658227     16.00000000      0.11435781E+07      0.13197704E-05      5.99000000
  0.18212121     -3.53658227     16.00000000      0.15748531E+07      0.18174924E-05      6.01000000
  0.18272727     -3.38168029     16.00000000      0.30982486E+07      0.35755991E-05      6.03000000
  0.18333333     -4.38168028     16.00000000      0.42666843E+06      0.49240570E-06      6.05000000
  0.18393939     -4.08065028     16.00000000      0.11751539E+07      0.13562111E-05      6.07000000
  0.18454545     -4.38168028     16.00000000      0.80916852E+06      0.93383800E-06      6.09000000
  0.18515152     -4.38168028     16.00000000      0.11143284E+07      0.12860142E-05      6.11000000
  0.18575758     -3.90455905     16.00000000      0.46037176E+07      0.53130174E-05      6.13000000
  0.18636364     -4.38168028     16.00000000      0.21133026E+07      0.24389014E-05      6.15000000
  0.18696970     -4.38168028     16.00000000      0.29102877E+07      0.33586788E-05      6.17000000
  0.18757576     -4.38168028     16.00000000      0.40078379E+07      0.46253299E-05      6.19000000
  0.19242424     -4.38168028     16.00000000      0.51844659E+08      0.59832422E-04      6.35000000
