  0.12318182     -3.90308997     12.50000000    5.76482872E-0014    8.79167618E-0044      8.13000000
  0.12348485     -3.60205997     12.50000000    1.48043732E-0013    2.25774713E-0043      8.15000000
  0.12378788     -3.42596873     12.50000000    2.85137861E-0013    4.34850689E-0043      8.17000000
  0.12409091     -3.90308997     12.50000000    1.22041425E-0013    1.86119786E-0043      8.19000000
  0.12439394     -3.90308997     12.50000000    1.56704292E-0013    2.38982536E-0043      8.21000000
  0.12469697     -3.60205997     12.50000000    4.02424587E-0013    6.13719301E-0043      8.23000000
  0.12500000     -3.42596873     12.50000000    7.75085066E-0013    1.18204673E-0042      8.25000000
  0.12530303     -3.05799193     12.50000000    2.32220088E-0012    3.54148217E-0042      8.27000000
  0.12560606     -3.42596873     12.50000000    1.27789924E-0012    1.94886558E-0042      8.29000000
  0.12590909     -3.05799193     12.50000000    3.82866198E-0012    5.83891698E-0042      8.31000000
  0.12621212     -2.99999998     12.50000000    5.61839929E-0012    8.56836336E-0042      8.33000000
  0.12651515     -2.82390874     12.50000000    1.08212508E-0011    1.65029939E-0041      8.35000000
  0.12681818     -2.78914663     12.50000000    1.50526580E-0011    2.29561191E-0041      8.37000000
  0.12712121     -2.58087070     12.50000000    3.12221455E-0011    4.76154637E-0041      8.39000000
  0.12742424     -2.56066731     12.50000000    4.19990777E-0011    6.40508693E-0041      8.41000000
  0.12772727     -2.67264104     12.50000000    4.16715486E-0011    6.35513697E-0041      8.43000000
  0.12803030     -2.33488826     12.50000000    1.16457120E-0010    1.77603418E-0040      8.45000000
  0.12833333     -2.35902194     12.50000000    1.41450987E-0010    2.15720420E-0040      8.47000000
  0.12863636     -2.21289392     12.50000000    2.54277320E-0010    3.87786691E-0040      8.49000000
  0.12893939     -2.16272730     12.50000000    3.66477963E-0010    5.58898751E-0040      8.51000000
  0.12924242     -2.10374943     12.50000000    5.39013142E-0010    8.22024249E-0040      8.53000000
  0.12954545     -1.97367106     12.50000000    9.33794579E-0010    1.42408733E-0039      8.55000000
  0.12984848     -1.92081875     12.50000000    1.35418274E-0009    2.06520206E-0039      8.57000000
  0.13015152     -1.96859152     12.50000000    1.55767957E-0009    2.37554576E-0039      8.59000000
  0.13045455     -1.80966831     12.50000000    2.88386521E-0009    4.39805071E-0039      8.61000000
  0.13075758     -1.76321091     12.50000000    4.12103189E-0009    6.28479694E-0039      8.63000000
  0.13106061     -1.65757732     12.50000000    6.74859220E-0009    1.02919688E-0038      8.65000000
  0.13136364     -1.64063890     12.50000000    9.01000904E-0009    1.37407520E-0038      8.67000000
  0.13166667     -1.49147030     12.50000000    1.63105064E-0008    2.48744060E-0038      8.69000000
  0.13196970     -1.53947800     12.50000000    1.87513860E-0008    2.85968797E-0038      8.71000000
  0.13227273     -1.51215487     12.50000000    2.56407144E-0008    3.91034789E-0038      8.73000000
  0.13257576     -1.39523412     12.50000000    4.30947624E-0008    6.57218478E-0038      8.75000000
  0.13287879     -1.34678747     12.50000000    6.18649635E-0008    9.43474217E-0038      8.77000000
  0.13318182     -1.25865138     12.50000000    9.73093267E-0008    1.48401996E-0037      8.79000000
  0.13348485     -1.18625224     12.50000000    1.47613892E-0007    2.25119184E-0037      8.81000000
  0.13378788     -1.16510267     12.50000000    1.98998785E-0007    3.03483930E-0037      8.83000000
  0.13409091     -1.10720997     12.50000000    2.91955555E-0007    4.45248041E-0037      8.85000000
  0.13439394     -1.06487076     12.50000000    4.13265902E-0007    6.30252895E-0037      8.87000000
  0.13469697     -1.03327178     12.50000000    5.70692509E-0007    8.70337001E-0037      8.89000000
  0.13500000     -0.96909681     12.50000000    8.49475317E-0007    1.29549589E-0036      8.91000000
  0.13530303     -0.91721463     12.50000000    1.22915475E-0006    1.87452759E-0036      8.93000000
  0.13560606     -0.90352449     12.50000000    1.62880960E-0006    2.48402291E-0036      8.95000000
  0.13590909     -0.84732954     12.50000000    2.38033948E-0006    3.63014669E-0036      8.97000000
  0.13621212     -0.81247928     12.50000000    3.31178987E-0006    5.05065901E-0036      8.99000000
  0.13651515     -0.75634199     12.50000000    4.83920129E-0006    7.38004419E-0036      9.01000000
  0.13681818     -0.74202160     12.50000000    6.42196147E-0006    9.79383922E-0036      9.03000000
  0.13712121     -0.69437997     12.50000000    9.20201518E-0006    1.40335718E-0035      9.05000000
  0.13742424     -0.65955589     12.50000000    1.28020832E-0005    1.95238706E-0035      9.07000000
  0.13772727     -0.63874447     12.50000000    1.72450990E-0005    2.62997104E-0035      9.09000000
  0.13803030     -0.58859077     12.50000000    2.48538122E-0005    3.79034103E-0035      9.11000000
  0.13833333     -0.57409915     12.50000000    3.29957684E-0005    5.03203347E-0035      9.13000000
  0.13863636     -0.52396583     12.50000000    4.75516059E-0005    7.25187756E-0035      9.15000000
  0.13893939     -0.48694894     12.50000000    6.64899035E-0005    1.01400706E-0034      9.17000000
  0.13924242     -0.46836145     12.50000000    8.91080230E-0005    1.35894563E-0034      9.19000000
  0.13954545     -0.43681565     12.50000000    1.23037142E-0004    1.87638308E-0034      9.21000000
  0.13984848     -0.40230482     12.50000000    1.71049057E-0004    2.60859081E-0034      9.23000000
  0.14015152     -0.39726196     12.50000000    2.22196472E-0004    3.38861659E-0034      9.25000000
  0.14045455     -0.36176042     12.50000000    3.09608107E-0004    4.72169139E-0034      9.27000000
  0.14075758     -0.35042178     12.50000000    4.08060525E-0004    6.22314412E-0034      9.29000000
  0.14106061     -0.33266380     12.50000000    5.45828472E-0004    8.32417997E-0034      9.31000000
  0.14136364     -0.29649370     12.50000000    7.61727976E-0004    1.16167644E-0033      9.33000000
  0.14166667     -0.27490546     12.50000000    1.02792578E-0003    1.56764252E-0033      9.35000000
  0.14196970     -0.26670240     12.50000000    1.34505004E-0003    2.05127420E-0033      9.37000000
  0.14227273     -0.24108811     12.50000000    1.83200375E-0003    2.79390499E-0033      9.39000000
  0.14257576     -0.24023777     12.50000000    2.35694971E-0003    3.59447602E-0033      9.41000000
  0.14287879     -0.20813399     12.50000000    3.25857500E-0003    4.96950344E-0033      9.43000000
  0.14318182     -0.18078520     12.50000000    4.45605075E-0003    6.79571885E-0033      9.45000000
  0.14348485     -0.16893048     12.50000000    5.88001546E-0003    8.96734219E-0033      9.47000000
  0.14378788     -0.16091496     12.50000000    7.69073071E-0003    1.17287811E-0032      9.49000000
  0.14409091     -0.15739077     12.50000000    9.95555360E-0003    1.51827587E-0032      9.51000000
  0.14439394     -0.14874166     12.50000000    1.30403169E-0002    1.98871898E-0032      9.53000000
  0.14469697     -0.13245887     12.50000000    1.73837936E-0002    2.65112273E-0032      9.55000000
  0.14500000     -0.11697770     12.50000000    2.31312632E-0002    3.52764298E-0032      9.57000000
  0.14530303     -0.11168008     12.50000000    3.00656494E-0002    4.58517446E-0032      9.59000000
  0.14560606     -0.10846255     12.50000000    3.88921309E-0002    5.93126071E-0032      9.61000000
  0.14590909     -0.09711365     12.50000000    5.12606682E-0002    7.81752967E-0032      9.63000000
  0.14621212     -0.08446826     12.50000000    6.77646607E-0002    1.03344780E-0031      9.65000000
  0.14651515     -0.09386705     12.50000000    8.51487149E-0002    1.29856404E-0031      9.67000000
  0.14681818     -0.06518603     12.50000000    1.16797284E-0001    1.78122187E-0031      9.69000000
  0.14712121     -0.07559147     12.50000000    1.46420175E-0001    2.23298701E-0031      9.71000000
  0.14742424     -0.07942017     12.50000000    1.86357058E-0001    2.84204612E-0031      9.73000000
  0.14772727     -0.08545851     12.50000000    2.35983219E-0001    3.59887196E-0031      9.75000000
  0.14803030     -0.07449454     12.50000000    3.10755421E-0001    4.73918856E-0031      9.77000000
  0.14833333     -0.06625970     12.50000000    4.06655992E-0001    6.20172423E-0031      9.79000000
  0.14863636     -0.07359325     12.50000000    5.13413452E-0001    7.82983335E-0031      9.81000000
  0.14893939     -0.07443011     12.50000000    6.57966845E-0001    1.00343509E-0030      9.83000000
  0.14924242     -0.08578911     12.50000000    8.23035611E-0001    1.25517390E-0030      9.85000000
  0.14954545     -0.08256015     12.50000000    1.06468517E+0000    1.62370257E-0030      9.87000000
  0.14984848     -0.08671610     12.50000000    1.35406303E+0000    2.06501950E-0030      9.89000000
  0.15015152     -0.09064458     12.50000000    1.72299499E+0000    2.62766073E-0030      9.91000000
  0.15045455     -0.09353029     12.50000000    2.19771784E+0000    3.35163879E-0030      9.93000000
  0.15075758     -0.10388734     12.50000000    2.75542439E+0000    4.20217150E-0030      9.95000000
  0.15106061     -0.09711365     12.50000000    3.59365028E+0000    5.48051141E-0030      9.97000000
  0.15136364     -0.10630757     12.50000000    4.51768041E+0000    6.88970742E-0030      9.99000000
  0.15166667     -0.12806240     12.50000000    5.51739779E+0000    8.41433060E-0030     10.01000000
  0.15196970     -0.12791659     12.50000000    7.08685793E+0000    1.08078424E-0029     10.03000000
  0.15227273     -0.13883912     12.50000000    8.87370158E+0000    1.35328757E-0029     10.05000000
  0.15257576     -0.15065736     12.50000000    1.10881783E+0001    1.69100727E-0029     10.07000000
  0.15287879     -0.16067910     12.50000000    1.39127210E+0001    2.12176535E-0029     10.09000000
  0.15318182     -0.17489858     12.50000000    1.72888544E+0001    2.63664398E-0029     10.11000000
  0.15348485     -0.18136178     12.50000000    2.18714028E+0001    3.33550744E-0029     10.13000000
  0.15378788     -0.18492060     12.50000000    2.78542486E+0001    4.24792385E-0029     10.15000000
  0.15409091     -0.20014274     12.50000000    3.45336850E+0001    5.26657409E-0029     10.17000000
  0.15439394     -0.20542481     12.50000000    4.38060880E+0001    6.68066579E-0029     10.19000000
  0.15469697     -0.22942411     12.50000000    5.32241574E+0001    8.11697240E-0029     10.21000000
  0.15500000     -0.24785549     12.50000000    6.55014684E+0001    9.98932887E-0029     10.23000000
  0.15530303     -0.26460074     12.50000000    8.09243847E+0001    1.23414072E-0028     10.25000000
  0.15560606     -0.28129078     12.50000000    9.99914784E+0001    1.52492423E-0028     10.27000000
  0.15590909     -0.29189792     12.50000000    1.25293766E+0002    1.91079783E-0028     10.29000000
  0.15621212     -0.30770402     12.50000000    1.55130427E+0002    2.36582308E-0028     10.31000000
  0.15651515     -0.32674864     12.50000000    1.90645250E+0002    2.90744336E-0028     10.33000000
  0.15681818     -0.34127333     12.50000000    2.36741783E+0002    3.61044047E-0028     10.35000000
  0.15712121     -0.36213519     12.50000000    2.89725472E+0002    4.41847043E-0028     10.37000000
  0.15742424     -0.37314658     12.50000000    3.62701127E+0002    5.53138872E-0028     10.39000000
  0.15772727     -0.41102838     12.50000000    4.26816037E+0002    6.50917585E-0028     10.41000000
  0.15803030     -0.42524549     12.50000000    5.30392331E+0002    8.08877045E-0028     10.43000000
  0.15833333     -0.43696412     12.50000000    6.62906422E+0002    1.01096821E-0027     10.45000000
  0.15863636     -0.47722986     12.50000000    7.75818463E+0002    1.18316520E-0027     10.47000000
  0.15893939     -0.50863830     12.50000000    9.26670395E+0002    1.41322257E-0027     10.49000000
  0.15924242     -0.52161389     12.50000000    1.15484401E+0003    1.76119969E-0027     10.51000000
  0.15954545     -0.53891436     12.50000000    1.42493965E+0003    2.17311018E-0027     10.53000000
  0.15984848     -0.57819051     12.50000000    1.67145214E+0003    2.54905508E-0027     10.55000000
  0.16015152     -0.58544443     12.50000000    2.11063747E+0003    3.21883651E-0027     10.57000000
  0.16045455     -0.61730771     12.50000000    2.51839576E+0003    3.84068999E-0027     10.59000000
  0.16075758     -0.64230333     12.50000000    3.05282553E+0003    4.65572435E-0027     10.61000000
  0.16106061     -0.68011354     12.50000000    3.59306769E+0003    5.47962292E-0027     10.63000000
  0.16136364     -0.69464862     12.50000000    4.46173672E+0003    6.80439026E-0027     10.65000000
  0.16166667     -0.74927514     12.50000000    5.05185688E+0003    7.70435548E-0027     10.67000000
  0.16196970     -0.77436769     12.50000000    6.12254665E+0003    9.33721540E-0027     10.69000000
  0.16227273     -0.77243465     12.50000000    7.89657497E+0003    1.20427047E-0026     10.71000000
  0.16257576     -0.81389160     12.50000000    9.21627516E+0003    1.40553190E-0026     10.73000000
  0.16287879     -0.86526525     12.50000000    1.05136958E+0004    1.60339557E-0026     10.75000000
  0.16318182     -0.87168150     12.50000000    1.33018723E+0004    2.02860761E-0026     10.77000000
  0.16348485     -0.89109687     12.50000000    1.63331904E+0004    2.49090004E-0026     10.79000000
  0.16378788     -0.93135041     12.50000000    1.91157399E+0004    2.91525391E-0026     10.81000000
  0.16409091     -0.95663772     12.50000000    2.31567400E+0004    3.53152832E-0026     10.83000000
  0.16439394     -0.98348898     12.50000000    2.79511565E+0004    4.26270282E-0026     10.85000000
  0.16469697     -1.03327178     12.50000000    3.20029932E+0004    4.88062988E-0026     10.87000000
  0.16500000     -1.07831354     12.50000000    3.70443915E+0004    5.64947043E-0026     10.89000000
  0.16530303     -1.14569394     12.50000000    4.07301194E+0004    6.21156391E-0026     10.91000000
  0.16560606     -1.13223799     12.50000000    5.39442609E+0004    8.22679209E-0026     10.93000000
  0.16590909     -1.16272729     12.50000000    6.45698198E+0004    9.84724740E-0026     10.95000000
  0.16621212     -1.19722626     12.50000000    7.65780357E+0004    1.16785654E-0025     10.97000000
  0.16651515     -1.27063270     12.50000000    8.30369518E+0004    1.26635851E-0025     10.99000000
  0.16681818     -1.30980393     12.50000000    9.74257577E+0004    1.48579560E-0025     11.01000000
  0.16712121     -1.33254704     12.50000000    1.18714647E+0005    1.81046270E-0025     11.03000000
  0.16742424     -1.36026455     12.50000000    1.43008026E+0005    2.18094989E-0025     11.05000000
  0.16772727     -1.37417329     12.50000000    1.77838300E+0005    2.71213044E-0025     11.07000000
  0.16803030     -1.41736857     12.50000000    2.06730063E+0005    3.15274548E-0025     11.09000000
  0.16833333     -1.45438369     12.50000000    2.43759831E+0005    3.71746951E-0025     11.11000000
  0.16863636     -1.53202213     12.50000000    2.61756407E+0005    3.99192704E-0025     11.13000000
  0.16893939     -1.55673701     12.50000000    3.17509014E+0005    4.84218452E-0025     11.15000000
  0.16924242     -1.55284196     12.50000000    4.11362532E+0005    6.27350151E-0025     11.17000000
  0.16954545     -1.62205662     12.50000000    4.50384761E+0005    6.86861165E-0025     11.19000000
  0.16984848     -1.68560603     12.50000000    4.99583289E+0005    7.61891586E-0025     11.21000000
  0.17015152     -1.76955106     12.50000000    5.28733093E+0005    8.06346618E-0025     11.23000000
  0.17045455     -1.75080163     12.50000000    7.08858483E+0005    1.08104760E-0024     11.25000000
  0.17075758     -1.77598518     12.50000000    8.58913862E+0005    1.30989018E-0024     11.27000000
  0.17106061     -1.84618514     12.50000000    9.38260158E+0005    1.43089758E-0024     11.29000000
  0.17136364     -1.93460703     12.50000000    9.82822301E+0005    1.49885727E-0024     11.31000000
  0.17166667     -1.96357075     12.50000000    1.18055141E+0006    1.80040487E-0024     11.33000000
  0.17196970     -2.00546288     12.50000000    1.37646888E+0006    2.09918962E-0024     11.35000000
  0.17227273     -2.00546288     12.50000000    1.76742102E+0006    2.69541283E-0024     11.37000000
  0.17257576     -2.11069830     12.50000000    1.78105860E+0006    2.71621087E-0024     11.39000000
  0.17287879     -1.99460497     12.50000000    2.98775627E+0006    4.55649021E-0024     11.41000000
  0.17318182     -2.17069622     12.50000000    2.55757005E+0006    3.90043291E-0024     11.43000000
  0.17348485     -2.17069622     12.50000000    3.28398495E+0006    5.00825500E-0024     11.45000000
  0.17378788     -2.26962152     12.50000000    3.35775866E+0006    5.12076390E-0024     11.47000000
  0.17409091     -2.29030612     12.50000000    4.11091500E+0006    6.26936813E-0024     11.49000000
  0.17439394     -2.27984070     12.50000000    5.40726349E+0006    8.24636983E-0024     11.51000000
  0.17469697     -2.39793999     12.50000000    5.28995366E+0006    8.06746598E-0024     11.53000000
  0.17500000     -2.44069200     12.50000000    6.15564371E+0006    9.38769021E-0024     11.55000000
  0.17530303     -2.60206000     12.50000000    5.45103657E+0006    8.31312615E-0024     11.57000000
  0.17560606     -2.56066731     12.50000000    7.69919659E+0006    1.17416920E-0023     11.59000000
  0.17590909     -2.50514997     12.50000000    1.12340504E+0007    1.71325355E-0023     11.61000000
  0.17621212     -2.47172621     12.50000000    1.55787908E+0007    2.37585002E-0023     11.63000000
  0.17651515     -2.60206000     12.50000000    1.48174537E+0007    2.25974197E-0023     11.65000000
  0.17681818     -2.82390874     12.50000000    1.14155926E+0007    1.74093973E-0023     11.67000000
  0.17712121     -2.67264104     12.50000000    2.07653750E+0007    3.16683220E-0023     11.69000000
  0.17742424     -2.72699874     12.50000000    2.35264122E+0007    3.58790535E-0023     11.71000000
  0.17772727     -2.90309000     12.50000000    2.01390075E+0007    3.07130777E-0023     11.73000000
  0.17803030     -2.82390874     12.50000000    3.10307980E+0007    4.73236484E-0023     11.75000000
  0.17833333     -3.20411999     12.50000000    1.66018050E+0007    2.53186523E-0023     11.77000000
  0.17863636     -3.42596873     12.50000000    1.27902842E+0007    1.95058764E-0023     11.79000000
  0.17893939     -3.20411999     12.50000000    2.73717491E+0007    4.17434005E-0023     11.81000000
  0.17924242     -3.12493873     12.50000000    4.21752271E+0007    6.43195067E-0023     11.83000000
  0.17954545     -3.30102998     12.50000000    3.61027105E+0007    5.50585898E-0023     11.85000000
  0.17984848     -3.90308997     12.50000000    1.15891995E+0007    1.76741572E-0023     11.87000000
  0.18015152     -2.99999998     12.50000000    1.19046613E+0008    1.81552536E-0022     11.89000000
  0.18045455     -2.99999998     12.50000000    1.52858877E+0008    2.33118071E-0022     11.91000000
  0.18075758     -3.30102998     12.50000000    9.81373418E+0007    1.49664764E-0022     11.93000000
  0.18106061     -3.42596873     12.50000000    9.45081273E+0007    1.44130015E-0022     11.95000000
  0.18136364     -3.60205997     12.50000000    8.09005615E+0007    1.23377740E-0022     11.97000000
  0.18166667     -3.90308997     12.50000000    5.19391886E+0007    7.92100770E-0023     11.99000000
  0.18227273     -3.42596873     12.50000000    2.56899725E+0008    3.91786001E-0022     12.03000000
  0.18257576     -3.60205997     12.50000000    2.19910526E+0008    3.35375469E-0022     12.05000000
  0.18287879     -3.90308997     12.50000000    1.41185352E+0008    2.15315313E-0022     12.07000000
  0.18318182     -3.42596873     12.50000000    5.43856722E+0008    8.29410971E-0022     12.09000000
  0.18378788     -3.42596873     12.50000000    8.96668146E+0008    1.36746751E-0021     12.13000000
  0.18439394     -3.90308997     12.50000000    4.92785301E+0008    7.51524286E-0022     12.17000000
  0.18712121     -3.90308997     12.50000000    4.67541676E+0009    7.13026390E-0021     12.35000000
  0.18742424     -3.90308997     12.50000000    6.00335395E+0009    9.15544008E-0021     12.37000000
  0.19166667     -3.90308997     12.50000000    1.98803779E+0011    3.03186536E-0019     12.65000000
