  0.17075758     -3.80679165      0.50000000    2.51662560E-0005    3.83799041E-0035     11.27000000
  0.17136364     -3.80679165      0.50000000    2.56746481E-0005    3.91552296E-0035     11.31000000
  0.17287879     -3.80679165      0.50000000    2.69910155E-0005    4.11627611E-0035     11.41000000
  0.17378788     -3.80679165      0.50000000    2.78130143E-0005    4.24163539E-0035     11.47000000
  0.17409091     -3.80679165      0.50000000    2.80925397E-0005    4.28426453E-0035     11.49000000
  0.17469697     -3.80679165      0.50000000    2.86600467E-0005    4.37081241E-0035     11.53000000
  0.17500000     -3.80679165      0.50000000    2.89480849E-0005    4.41473981E-0035     11.55000000
  0.17560606     -3.50576165      0.50000000    5.90657500E-0005    9.00784694E-0035     11.59000000
  0.17621212     -3.50576165      0.50000000    6.02589573E-0005    9.18981752E-0035     11.63000000
  0.17651515     -3.50576165      0.50000000    6.08645699E-0005    9.28217672E-0035     11.65000000
  0.17681818     -3.80679165      0.50000000    3.07381345E-0005    4.68773207E-0035     11.67000000
  0.17712121     -3.50576165      0.50000000    6.20941158E-0005    9.46968913E-0035     11.69000000
  0.17742424     -3.50576165      0.50000000    6.27181720E-0005    9.56486108E-0035     11.71000000
  0.17772727     -3.20473166      0.50000000    1.26697000E-0004    1.93219791E-0034     11.73000000
  0.17803030     -3.80679165      0.50000000    3.19925816E-0005    4.87904205E-0035     11.75000000
  0.17833333     -3.10782163      0.50000000    1.61570568E-0004    2.46403871E-0034     11.77000000
  0.17863636     -3.32967036      0.50000000    9.79166299E-0005    1.49328166E-0034     11.79000000
  0.17893939     -3.80679165      0.50000000    3.29669007E-0005    5.02763100E-0035     11.81000000
  0.17924242     -2.90370166      0.50000000    2.66385789E-0004    4.06252762E-0034     11.83000000
  0.17954545     -2.76539895      0.50000000    3.69961646E-0004    5.64211557E-0034     11.85000000
  0.17984848     -2.96169360      0.50000000    2.37796253E-0004    3.62652171E-0034     11.87000000
  0.18015152     -2.76539895      0.50000000    3.77435367E-0004    5.75609386E-0034     11.89000000
  0.18045455     -2.72761037      0.50000000    4.15885824E-0004    6.34248418E-0034     11.91000000
  0.18075758     -3.02864037      0.50000000    2.10032773E-0004    3.20311360E-0034     11.93000000
  0.18106061     -2.85254911      0.50000000    3.18215457E-0004    4.85295814E-0034     11.95000000
  0.18136364     -2.76539895      0.50000000    3.92838796E-0004    5.99100451E-0034     11.97000000
  0.18166667     -2.85254911      0.50000000    3.24643835E-0004    4.95099440E-0034     11.99000000
  0.18196970     -2.85254911      0.50000000    3.27906560E-0004    5.00075272E-0034     12.01000000
  0.18227273     -2.42658038      0.50000000    8.83205535E-0004    1.34693630E-0033     12.03000000
  0.18257576     -2.55151911      0.50000000    6.69061424E-0004    1.02035493E-0033     12.05000000
  0.18287879     -2.42658038      0.50000000    9.01047471E-0004    1.37414622E-0033     12.07000000
  0.18318182     -2.48457234      0.50000000    7.96340226E-0004    1.21446200E-0033     12.09000000
  0.18348485     -2.44506378      0.50000000    8.80947770E-0004    1.34349308E-0033     12.11000000
  0.18378788     -2.31542995      0.50000000    1.19929752E-0003    1.82899370E-0033     12.13000000
  0.18409091     -2.44506378      0.50000000    8.98744095E-0004    1.37063345E-0033     12.15000000
  0.18439394     -2.40885162      0.50000000    9.86713701E-0004    1.50479186E-0033     12.17000000
  0.18469697     -2.26272357      0.50000000    1.39528250E-0003    2.12788141E-0033     12.19000000
  0.18500000     -2.27531270      0.50000000    1.36903946E-0003    2.08785937E-0033     12.21000000
  0.18530303     -2.25048912      0.50000000    1.46413961E-0003    2.23289224E-0033     12.23000000
  0.18560606     -2.16333896      0.50000000    1.80748870E-0003    2.75651821E-0033     12.25000000
  0.18590909     -2.13469376      0.50000000    1.95013079E-0003    2.97405512E-0033     12.27000000
  0.18621212     -2.10782162      0.50000000    2.09545734E-0003    3.19568599E-0033     12.29000000
  0.18651515     -2.08251576      0.50000000    2.24350803E-0003    3.42147131E-0033     12.31000000
  0.18681818     -2.06642894      0.50000000    2.35156717E-0003    3.58626736E-0033     12.33000000
  0.18712121     -2.03593963      0.50000000    2.54794265E-0003    3.88575061E-0033     12.35000000
  0.18742424     -2.02146181      0.50000000    2.66078886E-0003    4.05784720E-0033     12.37000000
  0.18772727     -2.01439995      0.50000000    2.73158810E-0003    4.16581987E-0033     12.39000000
  0.18803030     -1.93755990      0.50000000    3.29304912E-0003    5.02207835E-0033     12.41000000
  0.18833333     -1.96169358      0.50000000    3.14635325E-0003    4.79835919E-0033     12.43000000
  0.18863636     -1.86230897      0.50000000    3.99516789E-0003    6.09284751E-0033     12.45000000
  0.18893939     -1.90370164      0.50000000    3.66847279E-0003    5.59461979E-0033     12.47000000
  0.18924242     -1.86230897      0.50000000    4.07587563E-0003    6.21593120E-0033     12.49000000
  0.18954545     -1.84775025      0.50000000    4.25718561E-0003    6.49243874E-0033     12.51000000
  0.18984848     -1.80247025      0.50000000    4.77249552E-0003    7.27831427E-0033     12.53000000
  0.19015152     -1.70642110      0.50000000    6.01364276E-0003    9.17113107E-0033     12.55000000
  0.19045455     -1.72761040      0.50000000    5.78483898E-0003    8.82219291E-0033     12.57000000
  0.19075758     -1.74233365      0.50000000    5.64821170E-0003    8.61382890E-0033     12.59000000
  0.19106061     -1.66691253      0.50000000    6.78695596E-0003    1.03504756E-0032     12.61000000
  0.19136364     -1.67007105      0.50000000    6.80549090E-0003    1.03787424E-0032     12.63000000
  0.19166667     -1.60539451      0.50000000    7.97772284E-0003    1.21664596E-0032     12.65000000
  0.19196970     -1.66066358      0.50000000    7.09500676E-0003    1.08202698E-0032     12.67000000
  0.19227273     -1.58668355      0.50000000    8.49719908E-0003    1.29586890E-0032     12.69000000
  0.19257576     -1.56874553      0.50000000    8.94451402E-0003    1.36408686E-0032     12.71000000
  0.19287879     -1.50793855      0.50000000    1.03921805E-0002    1.58486384E-0032     12.73000000
  0.19318182     -1.49929559      0.50000000    1.07076110E-0002    1.63296870E-0032     12.75000000
  0.19348485     -1.46634752      0.50000000    1.16676556E-0002    1.77938070E-0032     12.77000000
  0.19378788     -1.39855168      0.50000000    1.37759761E-0002    2.10091101E-0032     12.79000000
  0.19409091     -1.40195793      0.50000000    1.38057206E-0002    2.10544719E-0032     12.81000000
  0.19439394     -1.38190997      0.50000000    1.46032654E-0002    2.22707711E-0032     12.83000000
  0.19469697     -1.34140877      0.50000000    1.61917626E-0002    2.46933154E-0032     12.85000000
  0.19500000     -1.38028035      0.50000000    1.49542795E-0002    2.28060865E-0032     12.87000000
  0.19530303     -1.34739913      0.50000000    1.62925722E-0002    2.48470555E-0032     12.89000000
  0.19560606     -1.32678468      0.50000000    1.72562749E-0002    2.63167543E-0032     12.91000000
  0.19590909     -1.31683315      0.50000000    1.78337030E-0002    2.71973634E-0032     12.93000000
  0.19621212     -1.24212555      0.50000000    2.13940039E-0002    3.26270153E-0032     12.95000000
  0.19651515     -1.23392001      0.50000000    2.20211782E-0002    3.35834901E-0032     12.97000000
  0.19681818     -1.22815241      0.50000000    2.25398542E-0002    3.43744991E-0032     12.99000000
  0.19712121     -1.20581873      0.50000000    2.39677755E-0002    3.65521564E-0032     13.01000000
  0.19742424     -1.15261509      0.50000000    2.73636677E-0002    4.17310759E-0032     13.03000000
  0.19772727     -1.11748278      0.50000000    2.99674343E-0002    4.57019612E-0032     13.05000000
  0.19803030     -1.14592616      0.50000000    2.83497434E-0002    4.32348948E-0032     13.07000000
  0.19833333     -1.15551362      0.50000000    2.80094522E-0002    4.27159323E-0032     13.09000000
  0.19863636     -1.07520285      0.50000000    3.40375532E-0002    5.19091130E-0032     13.11000000
  0.19893939     -1.06171682      0.50000000    3.54639659E-0002    5.40844697E-0032     13.13000000
  0.19924242     -1.06801106      0.50000000    3.53049836E-0002    5.38420131E-0032     13.15000000
  0.19954545     -1.05628322      0.50000000    3.66358939E-0002    5.58717234E-0032     13.17000000
  0.19984848     -1.03593961      0.50000000    3.87787092E-0002    5.91396328E-0032     13.19000000
  0.20015152     -1.00883198      0.50000000    4.16911543E-0002    6.35812694E-0032     13.21000000
  0.20045455     -0.98593364      0.50000000    4.43900061E-0002    6.76971647E-0032     13.23000000
  0.20075758     -0.98006911      0.50000000    4.54456877E-0002    6.93071362E-0032     13.25000000
  0.20106061     -0.94825444      0.50000000    4.93912816E-0002    7.53243807E-0032     13.27000000
  0.20136364     -0.95675838      0.50000000    4.89203214E-0002    7.46061410E-0032     13.29000000
  0.20166667     -0.94406411      0.50000000    5.08775880E-0002    7.75910787E-0032     13.31000000
  0.20196970     -0.88406617      0.50000000    5.90020910E-0002    8.99813859E-0032     13.33000000
  0.20227273     -0.87635204      0.50000000    6.06630836E-0002    9.25144897E-0032     13.35000000
  0.20257576     -0.87482552      0.50000000    6.14885069E-0002    9.37733048E-0032     13.37000000
  0.20287879     -0.84966344      0.50000000    6.58110727E-0002    1.00365452E-0031     13.39000000
  0.20318182     -0.86280276      0.50000000    6.44915173E-0002    9.83530584E-0032     13.41000000
  0.20348485     -0.84489616      0.50000000    6.78816100E-0002    1.03523133E-0031     13.43000000
  0.20378788     -0.82497303      0.50000000    7.17824386E-0002    1.09472109E-0031     13.45000000
  0.20409091     -0.81203470      0.50000000    7.46963684E-0002    1.13916009E-0031     13.47000000
  0.20439394     -0.81115645      0.50000000    7.55998063E-0002    1.15293801E-0031     13.49000000
  0.20469697     -0.78436324      0.50000000    8.12188505E-0002    1.23863148E-0031     13.51000000
  0.20500000     -0.76896686      0.50000000    8.49955441E-0002    1.29622810E-0031     13.53000000
  0.20530303     -0.78560231      0.50000000    8.26235130E-0002    1.26005334E-0031     13.55000000
  0.20560606     -0.75409768      0.50000000    8.97328033E-0002    1.36847387E-0031     13.57000000
  0.20590909     -0.74009307      0.50000000    9.36049435E-0002    1.42752611E-0031     13.59000000
  0.20621212     -0.73527782      0.50000000    9.55998000E-0002    1.45794875E-0031     13.61000000
  0.20651515     -0.70780199      0.50000000    1.02866925E-0001    1.56877634E-0031     13.63000000
  0.20681818     -0.70060073      0.50000000    1.05637948E-0001    1.61103595E-0031     13.65000000
  0.20712121     -0.68786588      0.50000000    1.09874713E-0001    1.67564892E-0031     13.67000000
  0.20742424     -0.67007107      0.50000000    1.15620678E-0001    1.76327799E-0031     13.69000000
  0.20772727     -0.67774658      0.50000000    1.14736857E-0001    1.74979924E-0031     13.71000000
  0.20803030     -0.64363027      0.50000000    1.25360929E-0001    1.91182210E-0031     13.73000000
  0.20833333     -0.65603520      0.50000000    1.23055269E-0001    1.87665953E-0031     13.75000000
  0.20863636     -0.63477281      0.50000000    1.30528562E-0001    1.99063130E-0031     13.77000000
  0.20893939     -0.62153285      0.50000000    1.35921591E-0001    2.07287792E-0031     13.79000000
  0.20924242     -0.62380665      0.50000000    1.36570719E-0001    2.08277747E-0031     13.81000000
  0.20954545     -0.59888809      0.50000000    1.46089533E-0001    2.22794453E-0031     13.83000000
  0.20984848     -0.59808163      0.50000000    1.47832019E-0001    2.25451839E-0031     13.85000000
  0.21015152     -0.60951106      0.50000000    1.45439382E-0001    2.21802938E-0031     13.87000000
  0.21045455     -0.56425020      0.50000000    1.63036868E-0001    2.48640058E-0031     13.89000000
  0.21075758     -0.57252748      0.50000000    1.61566565E-0001    2.46397766E-0031     13.91000000
  0.21106061     -0.57328787      0.50000000    1.62904862E-0001    2.48438743E-0031     13.93000000
  0.21136364     -0.56799305      0.50000000    1.66560424E-0001    2.54013672E-0031     13.95000000
  0.21166667     -0.53891620      0.50000000    1.79883617E-0001    2.74332263E-0031     13.97000000
  0.21196970     -0.52803804      0.50000000    1.86299939E-0001    2.84117502E-0031     13.99000000
  0.21227273     -0.54481545      0.50000000    1.81041547E-0001    2.76098169E-0031     14.01000000
  0.21257576     -0.52621327      0.50000000    1.90863715E-0001    2.91077507E-0031     14.03000000
  0.21287879     -0.52190991      0.50000000    1.94701672E-0001    2.96930600E-0031     14.05000000
  0.21318182     -0.50446072      0.50000000    2.04720727E-0001    3.12210202E-0031     14.07000000
  0.21348485     -0.50881240      0.50000000    2.04716608E-0001    3.12203920E-0031     14.09000000
  0.21378788     -0.51232542      0.50000000    2.05108191E-0001    3.12801105E-0031     14.11000000
  0.21409091     -0.47881999      0.50000000    2.23785209E-0001    3.41284570E-0031     14.13000000
  0.21439394     -0.50165531      0.50000000    2.14456397E-0001    3.27057626E-0031     14.15000000
  0.21469697     -0.48189213      0.50000000    2.26696661E-0001    3.45724692E-0031     14.17000000
  0.21500000     -0.46535711      0.50000000    2.37860919E-0001    3.62750790E-0031     14.19000000
  0.21530303     -0.46773790      0.50000000    2.38938013E-0001    3.64393418E-0031     14.21000000
  0.21560606     -0.46853440      0.50000000    2.40897164E-0001    3.67381229E-0031     14.23000000
  0.21590909     -0.46953207      0.50000000    2.42759907E-0001    3.70222012E-0031     14.25000000
  0.21621212     -0.45268318      0.50000000    2.54899393E-0001    3.88735387E-0031     14.27000000
  0.21651515     -0.45000116      0.50000000    2.59056066E-0001    3.95074539E-0031     14.29000000
  0.21681818     -0.46298930      0.50000000    2.53950206E-0001    3.87287824E-0031     14.31000000
  0.21712121     -0.44130364      0.50000000    2.69635567E-0001    4.11208851E-0031     14.33000000
  0.21742424     -0.45326008      0.50000000    2.64949853E-0001    4.04062882E-0031     14.35000000
  0.21772727     -0.44280379      0.50000000    2.74134007E-0001    4.18069215E-0031     14.37000000
  0.21803030     -0.43369565      0.50000000    2.82757411E-0001    4.31220373E-0031     14.39000000
  0.21833333     -0.41780286      0.50000000    2.96244118E-0001    4.51788332E-0031     14.41000000
  0.21863636     -0.43240992      0.50000000    2.89324768E-0001    4.41235949E-0031     14.43000000
  0.21893939     -0.41851278      0.50000000    3.01735010E-0001    4.60162240E-0031     14.45000000
  0.21924242     -0.41216488      0.50000000    3.09254871E-0001    4.71630435E-0031     14.47000000
  0.21954545     -0.42821206      0.50000000    3.01031753E-0001    4.59089736E-0031     14.49000000
  0.21984848     -0.43516971      0.50000000    2.99224814E-0001    4.56334055E-0031     14.51000000
  0.22015152     -0.42857549      0.50000000    3.06856107E-0001    4.67972191E-0031     14.53000000
  0.22045455     -0.40815730      0.50000000    3.24859748E-0001    4.95428719E-0031     14.55000000
  0.22075758     -0.40504655      0.50000000    3.30483366E-0001    5.04005041E-0031     14.57000000
  0.22106061     -0.40867795      0.50000000    3.31025267E-0001    5.04831469E-0031     14.59000000
  0.22136364     -0.41321644      0.50000000    3.30876255E-0001    5.04604218E-0031     14.61000000
  0.22166667     -0.40677199      0.50000000    3.39197774E-0001    5.17294985E-0031     14.63000000
  0.22196970     -0.41094125      0.50000000    3.39333456E-0001    5.17501907E-0031     14.65000000
  0.22227273     -0.39618309      0.50000000    3.54591065E-0001    5.40770588E-0031     14.67000000
  0.22257576     -0.38683588      0.50000000    3.65946785E-0001    5.58088677E-0031     14.69000000
  0.22287879     -0.39906089      0.50000000    3.59365085E-0001    5.48051227E-0031     14.71000000
  0.22318182     -0.39736575      0.50000000    3.64396305E-0001    5.55724111E-0031     14.73000000
  0.22348485     -0.40556344      0.50000000    3.61176272E-0001    5.50813385E-0031     14.75000000
  0.22378788     -0.40418637      0.50000000    3.65964728E-0001    5.58116040E-0031     14.77000000
  0.22409091     -0.40008116      0.50000000    3.73153389E-0001    5.69079138E-0031     14.79000000
  0.22439394     -0.40556344      0.50000000    3.72175727E-0001    5.67588150E-0031     14.81000000
  0.22469697     -0.39787361      0.50000000    3.82631592E-0001    5.83533912E-0031     14.83000000
  0.22500000     -0.39838204      0.50000000    3.86024922E-0001    5.88708923E-0031     14.85000000
  0.22530303     -0.40972109      0.50000000    3.79856209E-0001    5.79301302E-0031     14.87000000
  0.22560606     -0.39872133      0.50000000    3.93515589E-0001    6.00132596E-0031     14.89000000
  0.22590909     -0.39889109      0.50000000    3.97315149E-0001    6.05927131E-0031     14.91000000
  0.22621212     -0.42875730      0.50000000    3.74638027E-0001    5.71343292E-0031     14.93000000
  0.22651515     -0.41744833      0.50000000    3.88386184E-0001    5.92309975E-0031     14.95000000
  0.22681818     -0.41886818      0.50000000    3.91009107E-0001    5.96310076E-0031     14.97000000
  0.22712121     -0.40539109      0.50000000    4.07386755E-0001    6.21286877E-0031     14.99000000
  0.22742424     -0.40798388      0.50000000    4.09031784E-0001    6.23795635E-0031     15.01000000
  0.22772727     -0.42351499      0.50000000    3.98629001E-0001    6.07930827E-0031     15.03000000
  0.22803030     -0.43443206      0.50000000    3.92640208E-0001    5.98797592E-0031     15.05000000
  0.22833333     -0.42676139      0.50000000    4.03653181E-0001    6.15592974E-0031     15.07000000
  0.22863636     -0.44866635      0.50000000    3.87655871E-0001    5.91196209E-0031     15.09000000
  0.22893939     -0.44280379      0.50000000    3.96873291E-0001    6.05253273E-0031     15.11000000
  0.22924242     -0.44961936      0.50000000    3.94620140E-0001    6.01817097E-0031     15.13000000
  0.22954545     -0.44393232      0.50000000    4.03839909E-0001    6.15877744E-0031     15.15000000
  0.22984848     -0.43794711      0.50000000    4.13558910E-0001    6.30699748E-0031     15.17000000
  0.23015152     -0.45191520      0.50000000    4.04494151E-0001    6.16875499E-0031     15.19000000
  0.23045455     -0.43553901      0.50000000    4.24259305E-0001    6.47018429E-0031     15.21000000
  0.23075758     -0.46279255      0.50000000    4.02458204E-0001    6.13770570E-0031     15.23000000
  0.23106061     -0.45985217      0.50000000    4.09264527E-0001    6.24150581E-0031     15.25000000
  0.23136364     -0.46436893      0.50000000    4.09100761E-0001    6.23900828E-0031     15.27000000
  0.23166667     -0.45460910      0.50000000    4.22603478E-0001    6.44493203E-0031     15.29000000
  0.23196970     -0.47053208      0.50000000    4.11484073E-0001    6.27535509E-0031     15.31000000
  0.23227273     -0.45422323      0.50000000    4.31523870E-0001    6.58097285E-0031     15.33000000
  0.23257576     -0.48789393      0.50000000    4.03345361E-0001    6.15123532E-0031     15.35000000
  0.23287879     -0.45809743      0.50000000    4.36331452E-0001    6.65429107E-0031     15.37000000
  0.23318182     -0.49313528      0.50000000    4.06557156E-0001    6.20021693E-0031     15.39000000
  0.23348485     -0.50230112      0.50000000    4.02067266E-0001    6.13174368E-0031     15.41000000
  0.23378788     -0.50208573      0.50000000    4.06309571E-0001    6.19644112E-0031     15.43000000
  0.23409091     -0.51453557      0.50000000    3.98795411E-0001    6.08184612E-0031     15.45000000
  0.23439394     -0.50187048      0.50000000    4.14723061E-0001    6.32475141E-0031     15.47000000
  0.23469697     -0.51542279      0.50000000    4.06021304E-0001    6.19204489E-0031     15.49000000
  0.23500000     -0.54386617      0.50000000    3.84103612E-0001    5.85778821E-0031     15.51000000
  0.23530303     -0.53797971      0.50000000    3.93258204E-0001    5.99740070E-0031     15.53000000
  0.23560606     -0.51542279      0.50000000    4.18386493E-0001    6.38062073E-0031     15.55000000
  0.23590909     -0.53868191      0.50000000    4.00554380E-0001    6.10867134E-0031     15.57000000
  0.23621212     -0.54410327      0.50000000    3.99560978E-0001    6.09352143E-0031     15.59000000
  0.23651515     -0.55007389      0.50000000    3.98066282E-0001    6.07072651E-0031     15.61000000
  0.23681818     -0.55980093      0.50000000    3.93161780E-0001    5.99593019E-0031     15.63000000
  0.23712121     -0.55783802      0.50000000    3.98912049E-0001    6.08362490E-0031     15.65000000
  0.23742424     -0.57328787      0.50000000    3.88839384E-0001    5.93001131E-0031     15.67000000
  0.23772727     -0.56899661      0.50000000    3.96647250E-0001    6.04908549E-0031     15.69000000
  0.23803030     -0.59808163      0.50000000    3.74681609E-0001    5.71409756E-0031     15.71000000
  0.23833333     -0.57354160      0.50000000    4.00447286E-0001    6.10703810E-0031     15.73000000
  0.23863636     -0.59996575      0.50000000    3.80595937E-0001    5.80429427E-0031     15.75000000
  0.23893939     -0.62466240      0.50000000    3.63170394E-0001    5.53854529E-0031     15.77000000
  0.23924242     -0.61534061      0.50000000    3.74778941E-0001    5.71558193E-0031     15.79000000
  0.23954545     -0.61394551      0.50000000    3.79763503E-0001    5.79159920E-0031     15.81000000
  0.23984848     -0.64722445      0.50000000    3.55285291E-0001    5.41829320E-0031     15.83000000
  0.24015152     -0.62040040      0.50000000    3.81719386E-0001    5.82142748E-0031     15.85000000
  0.24045455     -0.65450330      0.50000000    3.56438223E-0001    5.43587604E-0031     15.87000000
  0.24075758     -0.65726463      0.50000000    3.57738667E-0001    5.45570852E-0031     15.89000000
  0.24106061     -0.64692379      0.50000000    3.70040842E-0001    5.64332335E-0031     15.91000000
  0.24136364     -0.66975418      0.50000000    3.54619177E-0001    5.40813461E-0031     15.93000000
  0.24166667     -0.66035350      0.50000000    3.66020863E-0001    5.58201650E-0031     15.95000000
  0.24196970     -0.69485736      0.50000000    3.41464009E-0001    5.20751116E-0031     15.97000000
  0.24227273     -0.71794706      0.50000000    3.27037964E-0001    4.98750617E-0031     15.99000000
  0.24257576     -0.70230452      0.50000000    3.42439347E-0001    5.22238560E-0031     16.01000000
  0.24287879     -0.72114434      0.50000000    3.31197299E-0001    5.05093828E-0031     16.03000000
  0.24318182     -0.73527782      0.50000000    3.23814470E-0001    4.93834613E-0031     16.05000000
  0.24348485     -0.73380688      0.50000000    3.28178508E-0001    5.00490007E-0031     16.07000000
  0.24378788     -0.74270818      0.50000000    3.24751955E-0001    4.95264328E-0031     16.09000000
  0.24409091     -0.74647159      0.50000000    3.25185605E-0001    4.95925668E-0031     16.11000000
  0.24439394     -0.75602531      0.50000000    3.21307263E-0001    4.90010986E-0031     16.13000000
  0.24469697     -0.78725992      0.50000000    3.02015247E-0001    4.60589617E-0031     16.15000000
  0.24500000     -0.76698106      0.50000000    3.19632313E-0001    4.87456597E-0031     16.17000000
  0.24530303     -0.77659683      0.50000000    3.15775082E-0001    4.81574111E-0031     16.19000000
  0.24560606     -0.78230594      0.50000000    3.14783301E-0001    4.80061591E-0031     16.21000000
  0.24590909     -0.81027997      0.50000000    2.98112784E-0001    4.54638149E-0031     16.23000000
  0.24621212     -0.80635757      0.50000000    3.03840701E-0001    4.63373533E-0031     16.25000000
  0.24651515     -0.81468016      0.50000000    3.01069185E-0001    4.59146820E-0031     16.27000000
  0.24681818     -0.83181965      0.50000000    2.92327560E-0001    4.45815369E-0031     16.29000000
  0.24712121     -0.82998330      0.50000000    2.96516625E-0001    4.52203921E-0031     16.31000000
  0.24742424     -0.86379204      0.50000000    2.77066014E-0001    4.22540684E-0031     16.33000000
  0.24772727     -0.85886801      0.50000000    2.83041571E-0001    4.31653734E-0031     16.35000000
  0.24803030     -0.86727238      0.50000000    2.80406971E-0001    4.27635825E-0031     16.37000000
  0.24833333     -0.87330434      0.50000000    2.79318556E-0001    4.25975933E-0031     16.39000000
  0.24863636     -0.90261726      0.50000000    2.63711956E-0001    4.02175022E-0031     16.41000000
  0.24893939     -0.91302986      0.50000000    2.60051978E-0001    3.96593357E-0031     16.43000000
  0.24924242     -0.90207608      0.50000000    2.69374751E-0001    4.10811092E-0031     16.45000000
  0.24954545     -0.94466026      0.50000000    2.46669610E-0001    3.76184521E-0031     16.47000000
  0.24984848     -0.92999664      0.50000000    2.57704625E-0001    3.93013518E-0031     16.49000000
  0.25015152     -0.95309343      0.50000000    2.46813193E-0001    3.76403494E-0031     16.51000000
  0.25045455     -0.97684494      0.50000000    2.36025977E-0001    3.59952405E-0031     16.53000000
  0.25075758     -1.01370003      0.50000000    2.19001789E-0001    3.33989595E-0031     16.55000000
  0.25106061     -1.01230358      0.50000000    2.21915201E-0001    3.38432707E-0031     16.57000000
  0.25136364     -1.00401790      0.50000000    2.28462894E-0001    3.48418294E-0031     16.59000000
  0.25166667     -0.99858066      0.50000000    2.33666184E-0001    3.56353592E-0031     16.61000000
  0.25196970     -1.03963576      0.50000000    2.14725545E-0001    3.27468091E-0031     16.63000000
  0.25227273     -1.03009044      0.50000000    2.21703206E-0001    3.38109403E-0031     16.65000000
  0.25257576     -1.06564002      0.50000000    2.06331408E-0001    3.14666578E-0031     16.67000000
  0.25287879     -1.05397519      0.50000000    2.14078531E-0001    3.26481360E-0031     16.69000000
  0.25318182     -1.06880429      0.50000000    2.08971452E-0001    3.18692788E-0031     16.71000000
  0.25348485     -1.08995392      0.50000000    2.01038978E-0001    3.06595335E-0031     16.73000000
  0.25378788     -1.16730514      0.50000000    1.69930758E-0001    2.59153614E-0031     16.75000000
  0.25409091     -1.09330110      0.50000000    2.03525569E-0001    3.10387521E-0031     16.77000000
  0.25439394     -1.14878024      0.50000000    1.80918420E-0001    2.75910394E-0031     16.79000000
  0.25469697     -1.16235304      0.50000000    1.77114015E-0001    2.70108470E-0031     16.81000000
  0.25500000     -1.12918469      0.50000000    1.93091977E-0001    2.94475728E-0031     16.83000000
  0.25530303     -1.15843162      0.50000000    1.82330884E-0001    2.78064478E-0031     16.85000000
  0.25560606     -1.18147918      0.50000000    1.74644787E-0001    2.66342764E-0031     16.87000000
  0.25590909     -1.15357912      0.50000000    1.88104259E-0001    2.86869188E-0031     16.89000000
  0.25621212     -1.24688502      0.50000000    1.53262420E-0001    2.33733495E-0031     16.91000000
  0.25651515     -1.25169719      0.50000000    1.53096918E-0001    2.33481096E-0031     16.93000000
  0.25681818     -1.22586664      0.50000000    1.64111850E-0001    2.50279465E-0031     16.95000000
  0.25712121     -1.28434740      0.50000000    1.44877896E-0001    2.20946642E-0031     16.97000000
  0.25742424     -1.29357403      0.50000000    1.43257855E-0001    2.18475991E-0031     16.99000000
  0.25772727     -1.27531272      0.50000000    1.50911627E-0001    2.30148408E-0031     17.01000000
  0.25803030     -1.24928444      0.50000000    1.61843002E-0001    2.46819348E-0031     17.03000000
  0.25833333     -1.30848108      0.50000000    1.42639640E-0001    2.17533180E-0031     17.05000000
  0.25863636     -1.26272359      0.50000000    1.60081321E-0001    2.44132689E-0031     17.07000000
  0.25893939     -1.34739913      0.50000000    1.33047913E-0001    2.02905277E-0031     17.09000000
  0.25924242     -1.36904105      0.50000000    1.27852461E-0001    1.94981931E-0031     17.11000000
  0.25954545     -1.36904105      0.50000000    1.29137400E-0001    1.96941532E-0031     17.13000000
  0.25984848     -1.33257536      0.50000000    1.41860235E-0001    2.16344545E-0031     17.15000000
  0.26015152     -1.35042559      0.50000000    1.37516051E-0001    2.09719430E-0031     17.17000000
  0.26045455     -1.43572378      0.50000000    1.14129561E-0001    1.74053765E-0031     17.19000000
  0.26075758     -1.41409469      0.50000000    1.21163045E-0001    1.84780208E-0031     17.21000000
  0.26106061     -1.49716146      0.50000000    1.01075606E-0001    1.54145776E-0031     17.23000000
  0.26136364     -1.47841203      0.50000000    1.06595466E-0001    1.62563861E-0031     17.25000000
  0.26166667     -1.52123431      0.50000000    9.75572145E-0002    1.48780038E-0031     17.27000000
  0.26196970     -1.45848677      0.50000000    1.13854415E-0001    1.73634152E-0031     17.29000000
  0.26227273     -1.49082128      0.50000000    1.06747647E-0001    1.62795946E-0031     17.31000000
  0.26257576     -1.53495001      0.50000000    9.74030434E-0002    1.48544919E-0031     17.33000000
  0.26287879     -1.48872829      0.50000000    1.09430199E-0001    1.66886983E-0031     17.35000000
  0.26318182     -1.55393861      0.50000000    9.51195566E-0002    1.45062478E-0031     17.37000000
  0.26348485     -1.57126319      0.50000000    9.23183814E-0002    1.40790534E-0031     17.39000000
  0.26378788     -1.53961989      0.50000000    1.00293879E-0001    1.52953600E-0031     17.41000000
  0.26409091     -1.59194778      0.50000000    8.98027170E-0002    1.36954010E-0031     17.43000000
  0.26439394     -1.59996576      0.50000000    8.90460073E-0002    1.35799986E-0031     17.45000000
  0.26469697     -1.63360535      0.50000000    8.32372639E-0002    1.26941338E-0031     17.47000000
  0.26500000     -1.61645993      0.50000000    8.74593341E-0002    1.33380224E-0031     17.49000000
  0.26530303     -1.73124468      0.50000000    6.78210269E-0002    1.03430741E-0031     17.51000000
  0.26560606     -1.60267165      0.50000000    9.21043915E-0002    1.40464188E-0031     17.53000000
  0.26590909     -1.68621768      0.50000000    7.67497998E-0002    1.17047604E-0031     17.55000000
  0.26621212     -1.70988163      0.50000000    7.34101723E-0002    1.11954491E-0031     17.57000000
  0.26651515     -1.76539895      0.50000000    6.52502037E-0002    9.95100963E-0032     17.59000000
  0.26681818     -1.71688653      0.50000000    7.36948659E-0002    1.12388664E-0031     17.61000000
  0.26712121     -1.77336788      0.50000000    6.53580119E-0002    9.96745097E-0032     17.63000000
  0.26742424     -1.69284830      0.50000000    7.94623416E-0002    1.21184377E-0031     17.65000000
  0.26772727     -1.74988679      0.50000000    7.03826823E-0002    1.07337404E-0031     17.67000000
  0.26803030     -1.86230897      0.50000000    5.48765218E-0002    8.36896693E-0032     17.69000000
  0.26833333     -1.80247025      0.50000000    6.36162753E-0002    9.70182669E-0032     17.71000000
  0.26863636     -1.79395440      0.50000000    6.55280179E-0002    9.99337780E-0032     17.73000000
  0.26893939     -1.78560233      0.50000000    6.74717615E-0002    1.02898092E-0031     17.75000000
  0.26924242     -1.91469703      0.50000000    5.06256134E-0002    7.72068036E-0032     17.77000000
  0.26954545     -1.82906801      0.50000000    6.22790895E-0002    9.49789862E-0032     17.79000000
  0.26984848     -1.87229319      0.50000000    5.69455808E-0002    8.68450964E-0032     17.81000000
  0.27015152     -1.88771354      0.50000000    5.55114557E-0002    8.46579779E-0032     17.83000000
  0.27045455     -1.84300379      0.50000000    6.21491674E-0002    9.47808479E-0032     17.85000000
  0.27075758     -1.84300379      0.50000000    6.27737769E-0002    9.57334113E-0032     17.87000000
  0.27106061     -1.97428270      0.50000000    4.68643169E-0002    7.14706228E-0032     17.89000000
  0.27136364     -2.04336364      0.50000000    4.03742337E-0002    6.15728941E-0032     17.91000000
  0.27166667     -1.99387829      0.50000000    4.57017248E-0002    6.96976067E-0032     17.93000000
  0.27196970     -1.93755990      0.50000000    5.25525657E-0002    8.01455103E-0032     17.95000000
  0.27227273     -2.02146181      0.50000000    4.37557330E-0002    6.67298638E-0032     17.97000000
  0.27257576     -1.98724767      0.50000000    4.78180698E-0002    7.29251476E-0032     17.99000000
  0.27287879     -2.06642894      0.50000000    4.02488723E-0002    6.13817113E-0032     18.01000000
  0.27318182     -2.12555038      0.50000000    3.54793148E-0002    5.41078775E-0032     18.03000000
  0.27348485     -2.00745110      0.50000000    4.70346000E-0002    7.17303136E-0032     18.05000000
  0.27378788     -2.11659554      0.50000000    3.69501286E-0002    5.63509482E-0032     18.07000000
  0.27409091     -2.09922145      0.50000000    3.88448090E-0002    5.92404386E-0032     18.09000000
  0.27439394     -2.11659554      0.50000000    3.76965707E-0002    5.74893129E-0032     18.11000000
  0.27469697     -2.22700803      0.50000000    2.95278823E-0002    4.50316205E-0032     18.13000000
  0.27500000     -2.09922145      0.50000000    4.00278096E-0002    6.10445786E-0032     18.15000000
  0.27530303     -2.20473164      0.50000000    3.17098787E-0002    4.83592832E-0032     18.17000000
  0.27560606     -2.19400778      0.50000000    3.28292823E-0002    5.00664344E-0032     18.19000000
  0.27590909     -2.27531270      0.50000000    2.74978927E-0002    4.19357764E-0032     18.21000000
  0.27621212     -2.19400778      0.50000000    3.34924778E-0002    5.10778435E-0032     18.23000000
  0.27651515     -2.15357913      0.50000000    3.71294804E-0002    5.66244695E-0032     18.25000000
  0.27681818     -2.28827767      0.50000000    2.75019364E-0002    4.19419433E-0032     18.27000000
  0.27712121     -2.22700803      0.50000000    3.19871730E-0002    4.87821722E-0032     18.29000000
  0.27742424     -2.34439364      0.50000000    2.46566002E-0002    3.76026513E-0032     18.31000000
  0.27772727     -2.40885162      0.50000000    2.14693138E-0002    3.27418668E-0032     18.33000000
  0.27803030     -2.39181828      0.50000000    2.25524871E-0002    3.43937649E-0032     18.35000000
  0.27833333     -2.32967039      0.50000000    2.62836261E-0002    4.00839541E-0032     18.37000000
  0.27863636     -2.52803802      0.50000000    1.68135952E-0002    2.56416438E-0032     18.39000000
  0.27893939     -2.30164167      0.50000000    2.86022296E-0002    4.36199501E-0032     18.41000000
  0.27924242     -2.48457234      0.50000000    1.89588575E-0002    2.89132850E-0032     18.43000000
  0.27954545     -2.35963360      0.50000000    2.55325296E-0002    3.89384911E-0032     18.45000000
  0.27984848     -2.32967039      0.50000000    2.76312165E-0002    4.21391024E-0032     18.47000000
  0.28015152     -2.66066360      0.50000000    1.30241604E-0002    1.98625504E-0032     18.49000000
  0.28045455     -2.52803802      0.50000000    1.78532899E-0002    2.72272345E-0032     18.51000000
  0.28075758     -2.55151911      0.50000000    1.70836282E-0002    2.60534588E-0032     18.53000000
  0.28106061     -2.63070038      0.50000000    1.43794339E-0002    2.19294159E-0032     18.55000000
  0.28136364     -2.52803802      0.50000000    1.83970035E-0002    2.80564272E-0032     18.57000000
  0.28166667     -2.90370166      0.50000000    7.82395603E-0003    1.19319569E-0032     18.59000000
  0.28196970     -2.50576163      0.50000000    1.97564710E-0002    3.01296888E-0032     18.61000000
  0.28227273     -2.66066360      0.50000000    1.39685186E-0002    2.13027478E-0032     18.63000000
  0.28257576     -2.52803802      0.50000000    1.91477995E-0002    2.92014318E-0032     18.65000000
  0.28287879     -2.69284828      0.50000000    1.32327944E-0002    2.01807285E-0032     18.67000000
  0.28318182     -2.63070038      0.50000000    1.54220605E-0002    2.35194779E-0032     18.69000000
  0.28348485     -2.66066360      0.50000000    1.45385847E-0002    2.21721294E-0032     18.71000000
  0.28378788     -2.76539895      0.50000000    1.15379784E-0002    1.75960422E-0032     18.73000000
  0.28409091     -2.63070038      0.50000000    1.58917322E-0002    2.42357527E-0032     18.75000000
  0.28439394     -2.72761037      0.50000000    1.28411580E-0002    1.95834618E-0032     18.77000000
  0.28469697     -2.57634269      0.50000000    1.83744698E-0002    2.80220621E-0032     18.79000000
  0.28500000     -2.72761037      0.50000000    1.31005666E-0002    1.99790740E-0032     18.81000000
  0.28530303     -2.76539895      0.50000000    1.21295432E-0002    1.84982106E-0032     18.83000000
  0.28560606     -3.32967036      0.50000000    3.34130391E-0003    5.09566951E-0033     18.85000000
  0.28590909     -2.72761037      0.50000000    1.34995383E-0002    2.05875274E-0032     18.87000000
  0.28621212     -3.02864037      0.50000000    6.81760545E-0003    1.03972177E-0032     18.89000000
  0.28651515     -2.85254911      0.50000000    1.03291853E-0002    1.57525673E-0032     18.91000000
  0.28681818     -3.20473166      0.50000000    4.63688652E-0003    7.07150320E-0033     18.93000000
  0.28712121     -3.02864037      0.50000000    7.02523244E-0003    1.07138601E-0032     18.95000000
  0.28742424     -2.96169360      0.50000000    8.27847644E-0003    1.26251252E-0032     18.97000000
  0.28772727     -2.85254911      0.50000000    1.07507273E-0002    1.63954417E-0032     18.99000000
  0.28803030     -3.80679165      0.50000000    1.20653036E-0003    1.84002418E-0033     19.01000000
  0.28833333     -3.02864037      0.50000000    7.31193762E-0003    1.11511011E-0032     19.03000000
  0.28863636     -3.02864037      0.50000000    7.38542381E-0003    1.12631715E-0032     19.05000000
  0.28893939     -3.02864037      0.50000000    7.45964856E-0003    1.13763683E-0032     19.07000000
  0.28924242     -2.96169360      0.50000000    8.79038884E-0003    1.34058193E-0032     19.09000000
  0.28954545     -3.10782163      0.50000000    6.34195272E-0003    9.67182155E-0033     19.11000000
  0.28984848     -2.85254911      0.50000000    1.15302430E-0002    1.75842454E-0032     19.13000000
  0.29015152     -3.32967036      0.50000000    3.88204129E-0003    5.92032333E-0033     19.15000000
  0.29045455     -2.85254911      0.50000000    1.17631694E-0002    1.79394707E-0032     19.17000000
  0.29075758     -3.20473166      0.50000000    5.28061798E-0003    8.05322856E-0033     19.19000000
  0.29106061     -2.96169360      0.50000000    9.33395612E-0003    1.42347889E-0032     19.21000000
  0.29136364     -2.96169360      0.50000000    9.42776394E-0003    1.43778509E-0032     19.23000000
  0.29166667     -3.50576165      0.50000000    2.72071837E-0003    4.14924294E-0033     19.25000000
  0.29196970     -3.32967036      0.50000000    4.12209332E-0003    6.28641568E-0033     19.27000000
  0.29227273     -3.50576165      0.50000000    2.77568053E-0003    4.23306321E-0033     19.29000000
  0.29257576     -2.96169360      0.50000000    9.81251829E-0003    1.49646221E-0032     19.31000000
  0.29287879     -3.32967036      0.50000000    4.24762975E-0003    6.47786554E-0033     19.33000000
  0.29318182     -3.20473166      0.50000000    5.72042517E-0003    8.72395835E-0033     19.35000000
  0.29378788     -3.80679165      0.50000000    1.45899635E-0003    2.22504850E-0033     19.39000000
  0.29409091     -3.50576165      0.50000000    2.94731902E-0003    4.49482122E-0033     19.41000000
  0.29439394     -3.32967036      0.50000000    4.46541039E-0003    6.80999281E-0033     19.43000000
  0.29469697     -3.10782163      0.50000000    7.51714733E-0003    1.14640570E-0032     19.45000000
  0.29500000     -3.50576165      0.50000000    3.03707825E-0003    4.63170890E-0033     19.47000000
  0.29530303     -3.80679165      0.50000000    1.53380070E-0003    2.33912918E-0033     19.49000000
  0.29590909     -3.80679165      0.50000000    1.56478553E-0003    2.38638272E-0033     19.53000000
  0.29621212     -3.80679165      0.50000000    1.58051188E-0003    2.41036626E-0033     19.55000000
  0.29651515     -3.80679165      0.50000000    1.59639629E-0003    2.43459085E-0033     19.57000000
  0.29712121     -3.32967036      0.50000000    4.88593721E-0003    7.45131900E-0033     19.61000000
  0.29742424     -3.50576165      0.50000000    3.29002759E-0003    5.01747036E-0033     19.63000000
  0.29772727     -3.10782163      0.50000000    8.30773261E-0003    1.26697424E-0032     19.65000000
  0.29803030     -3.80679165      0.50000000    1.67824528E-0003    2.55941499E-0033     19.67000000
  0.29833333     -3.50576165      0.50000000    3.39022385E-0003    5.17027508E-0033     19.69000000
  0.29863636     -3.50576165      0.50000000    3.42429617E-0003    5.22223721E-0033     19.71000000
  0.29954545     -3.80679165      0.50000000    1.76429076E-0003    2.69063900E-0033     19.77000000
  0.30015152     -3.50576165      0.50000000    3.59986359E-0003    5.48998703E-0033     19.81000000
  0.30045455     -3.80679165      0.50000000    1.81802141E-0003    2.77258116E-0033     19.83000000
  0.30075758     -3.80679165      0.50000000    1.83629283E-0003    2.80044606E-0033     19.85000000
  0.30106061     -3.80679165      0.50000000    1.85474788E-0003    2.82859101E-0033     19.87000000
  0.30196970     -3.50576165      0.50000000    3.82246672E-0003    5.82946887E-0033     19.93000000
  0.30227273     -3.80679165      0.50000000    1.93044157E-0003    2.94402800E-0033     19.95000000
  0.30257576     -3.80679165      0.50000000    1.94984283E-0003    2.97361598E-0033     19.97000000
  0.30348485     -3.80679165      0.50000000    2.00922439E-0003    3.06417607E-0033     20.03000000
  0.30500000     -3.80679165      0.50000000    2.11223953E-0003    3.22127973E-0033     20.13000000
  0.30651515     -3.80679165      0.50000000    2.22053636E-0003    3.38643828E-0033     20.23000000
  0.30863636     -3.80679165      0.50000000    2.38154342E-0003    3.63198276E-0033     20.37000000
  0.31772727     -3.80679165      0.50000000    3.21474735E-0003    4.90266391E-0033     20.97000000
