  0.11015152     -4.47712125     23.98081535    2.24043399E-0016    3.41678323E-0046      7.27000000
  0.11045455     -4.47712125     23.98081535    3.61931904E-0016    5.51965766E-0046      7.29000000
  0.11075758     -4.47712125     23.98081535    5.84684503E-0016    8.91675549E-0046      7.31000000
  0.11106061     -4.47712125     23.98081535    9.44531179E-0016    1.44046123E-0045      7.33000000
  0.11136364     -3.77815126     23.98081535    7.62923529E-0015    1.16349972E-0044      7.35000000
  0.11166667     -4.47712125     23.98081535    2.46493647E-0015    3.75916168E-0045      7.37000000
  0.11196970     -3.63202320     23.98081535    2.78739484E-0014    4.25092817E-0044      7.39000000
  0.11227273     -3.24667234     23.98081535    1.09356366E-0013    1.66774383E-0043      7.41000000
  0.11257576     -3.36317790     23.98081535    1.35093118E-0013    2.06024325E-0043      7.43000000
  0.11287879     -3.07918124     23.98081535    4.19686120E-0013    6.40044074E-0043      7.45000000
  0.11318182     -2.68472955     23.98081535    1.68139985E-0012    2.56422588E-0042      7.47000000
  0.11348485     -2.57949415     23.98081535    3.46099624E-0012    5.27820680E-0042      7.49000000
  0.11378788     -2.40523925     23.98081535    8.35123568E-0012    1.27360869E-0041      7.51000000
  0.11409091     -2.28960055     23.98081535    1.76069510E-0011    2.68515543E-0041      7.53000000
  0.11439394     -2.07744753     23.98081535    4.63587684E-0011    7.06996339E-0041      7.55000000
  0.11469697     -1.96791874     23.98081535    9.63730029E-0011    1.46974051E-0040      7.57000000
  0.11500000     -1.85387195     23.98081535    2.02440266E-0010    3.08732376E-0040      7.59000000
  0.11530303     -1.70260428     23.98081535    4.63296786E-0010    7.06552703E-0040      7.61000000
  0.11560606     -1.57566292     23.98081535    1.00252535E-0009    1.52890548E-0039      7.63000000
  0.11590909     -1.49349497     23.98081535    1.95685219E-0009    2.98430563E-0039      7.65000000
  0.11621212     -1.34518195     23.98081535    4.44801007E-0009    6.78345638E-0039      7.67000000
  0.11651515     -1.24336388     23.98081535    9.08402979E-0009    1.38536377E-0038      7.69000000
  0.11681818     -1.14126234     23.98081535    1.85641387E-0008    2.83113175E-0038      7.71000000
  0.11712121     -1.02795152     23.98081535    3.89296356E-0008    5.93698037E-0038      7.73000000
  0.11742424     -0.95926585     23.98081535    7.36649207E-0008    1.12342996E-0037      7.75000000
  0.11772727     -0.86550415     23.98081535    1.47678454E-0007    2.25217645E-0037      7.77000000
  0.11803030     -0.78032815     23.98081535    2.90260441E-0007    4.42662902E-0037      7.79000000
  0.11833333     -0.69774125     23.98081535    5.67112831E-0007    8.64877797E-0037      7.81000000
  0.11863636     -0.62506844     23.98081535    1.08302131E-0006    1.65166618E-0036      7.83000000
  0.11893939     -0.55621564     23.98081535    2.05014471E-0006    3.12658177E-0036      7.85000000
  0.11924242     -0.49290908     23.98081535    3.83164957E-0006    5.84347322E-0036      7.87000000
  0.11954545     -0.43293440     23.98081535    7.10649056E-0006    1.08377832E-0035      7.89000000
  0.11984848     -0.36424827     23.98081535    1.34473291E-0005    2.05079055E-0035      7.91000000
  0.12015152     -0.31461658     23.98081535    2.43535587E-0005    3.71404966E-0035      7.93000000
  0.12045455     -0.25866451     23.98081535    4.47516669E-0005    6.82487169E-0035      7.95000000
  0.12075758     -0.21133677     23.98081535    8.06179356E-0005    1.22946720E-0034      7.97000000
  0.12106061     -0.16872760     23.98081535    1.43659900E-0004    2.19089132E-0034      7.99000000
  0.12136364     -0.12355122     23.98081535    2.57517444E-0004    3.92728056E-0034      8.01000000
  0.12166667     -0.08153279     23.98081535    4.58268288E-0004    6.98883972E-0034      8.03000000
  0.12196970     -0.04783744     23.98081535    8.00036630E-0004    1.22009921E-0033      8.05000000
  0.12227273     -0.01050567     23.98081535    1.40843351E-0003    2.14793742E-0033      8.07000000
  0.12257576      0.01401621     23.98081535    2.40742603E-0003    3.67145514E-0033      8.09000000
  0.12287879      0.04609175     23.98081535    4.18719514E-0003    6.38569948E-0033      8.11000000
  0.12318182      0.06528086     23.98081535    7.06979843E-0003    1.07818257E-0032      8.13000000
  0.12348485      0.08943407     23.98081535    1.20741053E-0002    1.84136649E-0032      8.15000000
  0.12378788      0.11097108     23.98081535    2.04968290E-0002    3.12587749E-0032      8.17000000
  0.12409091      0.12768778     23.98081535    3.44110636E-0002    5.24787366E-0032      8.19000000
  0.12439394      0.13688961     23.98081535    5.67799021E-0002    8.65924274E-0032      8.21000000
  0.12469697      0.14688221     23.98081535    9.38603039E-0002    1.43142049E-0031      8.23000000
  0.12500000      0.15702336     23.98081535    1.55209331E-0001    2.36702641E-0031      8.25000000
  0.12530303      0.16066857     23.98081535    2.52846966E-0001    3.85605324E-0031      8.27000000
  0.12560606      0.16757331     23.98081535    4.15008703E-0001    6.32910760E-0031      8.29000000
  0.12590909      0.16737640     23.98081535    6.70123752E-0001    1.02197503E-0030      8.31000000
  0.12621212      0.16885092     23.98081535    1.08623614E+0000    1.65656897E-0030      8.33000000
  0.12651515      0.16341979     23.98081535    1.73295719E+0000    2.64285362E-0030      8.35000000
  0.12681818      0.15671065     23.98081535    2.75659782E+0000    4.20396104E-0030      8.37000000
  0.12712121      0.14522748     23.98081535    4.33695540E+0000    6.61409199E-0030      8.39000000
  0.12742424      0.13630828     23.98081535    6.86373431E+0000    1.04675667E-0029      8.41000000
  0.12772727      0.12618554     23.98081535    1.08325935E+0001    1.65202920E-0029      8.43000000
  0.12803030      0.11211325     23.98081535    1.69416174E+0001    2.58368845E-0029      8.45000000
  0.12833333      0.08911583     23.98081535    2.59568604E+0001    3.95856186E-0029      8.47000000
  0.12863636      0.07148927     23.98081535    4.02643150E+0001    6.14052622E-0029      8.49000000
  0.12893939      0.05243742     23.98081535    6.22534153E+0001    9.49398317E-0029      8.51000000
  0.12924242      0.02615178     23.98081535    9.46612560E+0001    1.44363545E-0028      8.53000000
  0.12954545      0.00646604     23.98081535    1.46144082E+0002    2.22877644E-0028      8.55000000
  0.12984848     -0.02213928     23.98081535    2.21039878E+0002    3.37097791E-0028      8.57000000
  0.13015152     -0.04931070     23.98081535    3.35423844E+0002    5.11539538E-0028      8.59000000
  0.13045455     -0.08053835     23.98081535    5.04267517E+0002    7.69035288E-0028      8.61000000
  0.13075758     -0.11060490     23.98081535    7.60132254E+0002    1.15924288E-0027      8.63000000
  0.13106061     -0.14216512     23.98081535    1.14188838E+0003    1.74144165E-0027      8.65000000
  0.13136364     -0.17988615     23.98081535    1.69120925E+0003    2.57918574E-0027      8.67000000
  0.13166667     -0.21391143     23.98081535    2.52619447E+0003    3.85258345E-0027      8.69000000
  0.13196970     -0.26254232     23.98081535    3.64863654E+0003    5.56436844E-0027      8.71000000
  0.13227273     -0.29892153     23.98081535    5.42058431E+0003    8.26668480E-0027      8.73000000
  0.13257576     -0.34182955     23.98081535    7.93291503E+0003    1.20981253E-0026      8.75000000
  0.13287879     -0.38317454     23.98081535    1.16515183E+0004    1.77691968E-0026      8.77000000
  0.13318182     -0.42871829     23.98081535    1.69485867E+0004    2.58475131E-0026      8.79000000
  0.13348485     -0.47846965     23.98081535    2.44161312E+0004    3.72359231E-0026      8.81000000
  0.13378788     -0.53397314     23.98081535    3.47110756E+0004    5.29362711E-0026      8.83000000
  0.13409091     -0.57653569     23.98081535    5.08393796E+0004    7.75328087E-0026      8.85000000
  0.13439394     -0.63978538     23.98081535    7.09978617E+0004    1.08275586E-0025      8.87000000
  0.13469697     -0.68536044     23.98081535    1.03267800E+0005    1.57488990E-0025      8.89000000
  0.13500000     -0.73142203     23.98081535    1.50036886E+0005    2.28814382E-0025      8.91000000
  0.13530303     -0.78304278     23.98081535    2.15214737E+0005    3.28214136E-0025      8.93000000
  0.13560606     -0.84801760     23.98081535    2.99358719E+0005    4.56538268E-0025      8.95000000
  0.13590909     -0.90622822     23.98081535    4.22937314E+0005    6.45002322E-0025      8.97000000
  0.13621212     -0.96483718     23.98081535    5.96982716E+0005    9.10430991E-0025      8.99000000
  0.13651515     -1.00966114     23.98081535    8.69826261E+0005    1.32653218E-0024      9.01000000
  0.13681818     -1.09474396     23.98081535    1.15516602E+0006    1.76169077E-0024      9.03000000
  0.13712121     -1.15968474     23.98081535    1.60693511E+0006    2.45066312E-0024      9.05000000
  0.13742424     -1.20807553     23.98081535    2.32221415E+0006    3.54150241E-0024      9.07000000
  0.13772727     -1.26466729     23.98081535    3.29310231E+0006    5.02215947E-0024      9.09000000
  0.13803030     -1.35720586     23.98081535    4.29893990E+0006    6.55611629E-0024      9.11000000
  0.13833333     -1.42212540     23.98081535    5.98048700E+0006    9.12056673E-0024      9.13000000
  0.13863636     -1.47929819     23.98081535    8.46951370E+0006    1.29164673E-0023      9.15000000
  0.13893939     -1.57132538     23.98081535    1.10694489E+0007    1.68815094E-0023      9.17000000
  0.13924242     -1.62039237     23.98081535    1.59717948E+0007    2.43578526E-0023      9.19000000
  0.13954545     -1.70479953     23.98081535    2.12442437E+0007    3.23986228E-0023      9.21000000
  0.13984848     -1.77641753     23.98081535    2.91016753E+0007    4.43816318E-0023      9.23000000
  0.14015152     -1.87073990     23.98081535    3.78347043E+0007    5.76999742E-0023      9.25000000
  0.14045455     -1.93804517     23.98081535    5.23455524E+0007    7.98298038E-0023      9.27000000
  0.14075758     -2.02533480     23.98081535    6.91647597E+0007    1.05480006E-0022      9.29000000
  0.14106061     -2.07572073     23.98081535    9.94932592E+0007    1.51732611E-0022      9.31000000
  0.14136364     -2.11350928     23.98081535    1.47332930E+0008    2.24690702E-0022      9.33000000
  0.14166667     -2.24923456     23.98081535    1.74128260E+0008    2.65555032E-0022      9.35000000
  0.14196970     -2.34678750     23.98081535    2.24704117E+0008    3.42685954E-0022      9.37000000
  0.14227273     -2.41266326     23.98081535    3.11910494E+0008    4.75680405E-0022      9.39000000
  0.14257576     -2.50399341     23.98081535    4.08314269E+0008    6.22701386E-0022      9.41000000
  0.14287879     -2.57949415     23.98081535    5.54355722E+0008    8.45422514E-0022      9.43000000
  0.14318182     -2.67094128     23.98081535    7.25497834E+0008    1.10642351E-0021      9.45000000
  0.14348485     -2.72893322     23.98081535    1.02550763E+0009    1.56395470E-0021      9.47000000
  0.14378788     -2.85387198     23.98081535    1.24249556E+0009    1.89487306E-0021      9.49000000
  0.14409091     -3.13469856     23.98081535    1.05138791E+0009    1.60342353E-0021      9.51000000
  0.14439394     -2.89733765     23.98081535    2.93371963E+0009    4.47408141E-0021      9.53000000
  0.14469697     -3.13469856     23.98081535    2.74379973E+0009    4.18444326E-0021      9.55000000
  0.14500000     -3.17609126     23.98081535    4.02953030E+0009    6.14525205E-0021      9.57000000
  0.14530303     -3.24667234     23.98081535    5.53309418E+0009    8.43826844E-0021      9.59000000
  0.14560606     -3.39794002     23.98081535    6.30950227E+0009    9.62233285E-0021      9.61000000
  0.14590909     -3.57403126     23.98081535    6.79514257E+0009    1.03629606E-0020      9.63000000
  0.14621212     -3.47712126     23.98081535    1.37215538E+0010    2.09261130E-0020      9.65000000
  0.14651515     -3.39794002     23.98081535    2.65998537E+0010    4.05662182E-0020      9.67000000
  0.14681818     -3.69897002     23.98081535    2.14854259E+0010    3.27664387E-0020      9.69000000
  0.14712121     -3.87506126     23.98081535    2.31391520E+0010    3.52884607E-0020      9.71000000
  0.14742424     -4.47712125     23.98081535    9.34506150E+0009    1.42517252E-0020      9.73000000
  0.14803030     -4.00000001     23.98081535    7.31632238E+0010    1.11577881E-0019      9.77000000
  0.14833333     -4.17609125     23.98081535    7.87945729E+0010    1.20165993E-0019      9.79000000
  0.14863636     -4.17609125     23.98081535    1.27289043E+0011    1.94122688E-0019      9.81000000
  0.14893939     -4.47712125     23.98081535    1.02814825E+0011    1.56798180E-0019      9.83000000
  0.14924242     -4.47712125     23.98081535    1.66092666E+0011    2.53300316E-0019      9.85000000
  0.14984848     -4.47712125     23.98081535    4.33450879E+0011    6.61036078E-0019      9.89000000
  0.15075758     -4.47712125     23.98081535    1.82735967E+0012    2.78682251E-0018      9.95000000
  0.15166667     -4.47712125     23.98081535    7.70385644E+0012    1.17487985E-0017     10.01000000
