  0.11833333     -3.90308997     14.99250375    1.03202185E-0014    1.57388925E-0044      7.81000000
  0.11863636     -3.90308997     14.99250375    1.39287494E-0014    2.12420977E-0044      7.83000000
  0.11924242     -3.90308997     14.99250375    2.53722272E-0014    3.86940214E-0044      7.87000000
  0.11984848     -3.60205997     14.99250375    9.24347038E-0014    1.40967932E-0043      7.91000000
  0.12015152     -3.90308997     14.99250375    6.23775469E-0014    9.51291390E-0044      7.93000000
  0.12075758     -3.20411999     14.99250375    5.68126086E-0013    8.66423067E-0043      7.97000000
  0.12106061     -2.99999998     14.99250375    1.22684014E-0012    1.87099769E-0042      7.99000000
  0.12136364     -3.12493873     14.99250375    1.24185948E-0012    1.89390300E-0042      8.01000000
  0.12166667     -2.75696194     14.99250375    3.91086193E-0012    5.96427637E-0042      8.03000000
  0.12196970     -2.99999998     14.99250375    3.01618292E-0012    4.59984238E-0042      8.05000000
  0.12227273     -2.62433640     14.99250375    9.66817467E-0012    1.47444903E-0041      8.07000000
  0.12257576     -2.72699874     14.99250375    1.03016166E-0011    1.57105236E-0041      8.09000000
  0.12287879     -2.44069200     14.99250375    2.68803768E-0011    4.09940312E-0041      8.11000000
  0.12318182     -2.50514997     14.99250375    3.12752374E-0011    4.76964318E-0041      8.13000000
  0.12348485     -2.35902194     14.99250375    5.90951554E-0011    9.01233142E-0041      8.15000000
  0.12378788     -2.34678750     14.99250375    8.20369580E-0011    1.25110806E-0040      8.17000000
  0.12409091     -2.11069830     14.99250375    1.90687393E-0010    2.90808607E-0040      8.19000000
  0.12439394     -2.09017665     14.99250375    2.69815486E-0010    4.11483237E-0040      8.21000000
  0.12469697     -2.01659926     14.99250375    4.31387431E-0010    6.57889208E-0040      8.23000000
  0.12500000     -1.89025276     14.99250375    7.78820228E-0010    1.18774305E-0039      8.25000000
  0.12530303     -1.92996215     14.99250375    9.59292545E-0010    1.46297311E-0039      8.27000000
  0.12560606     -1.74775393     14.99250375    1.96962034E-0009    3.00377775E-0039      8.29000000
  0.12590909     -1.65266998     14.99250375    3.30894620E-0009    5.04632226E-0039      8.31000000
  0.12621212     -1.61528824     14.99250375    4.86737349E-0009    7.42300832E-0039      8.33000000
  0.12651515     -1.53573407     14.99250375    7.88991047E-0009    1.20325410E-0038      8.35000000
  0.12681818     -1.48313422     14.99250375    1.20197425E-0008    1.83307586E-0038      8.37000000
  0.12712121     -1.42452349     14.99250375    1.85664607E-0008    2.83148586E-0038      8.39000000
  0.12742424     -1.28713995     14.99250375    3.43823772E-0008    5.24349882E-0038      8.41000000
  0.12772727     -1.29242983     14.99250375    4.58426009E-0008    6.99124504E-0038      8.43000000
  0.12803030     -1.20673359     14.99250375    7.53683007E-0008    1.14940743E-0037      8.45000000
  0.12833333     -1.13891388     14.99250375    1.18913639E-0007    1.81349743E-0037      8.47000000
  0.12863636     -1.04878396     14.99250375    1.97508058E-0007    3.01210491E-0037      8.49000000
  0.12893939     -1.00877394     14.99250375    2.92292773E-0007    4.45762317E-0037      8.51000000
  0.12924242     -0.94740224     14.99250375    4.54373514E-0007    6.92944230E-0037      8.53000000
  0.12954545     -0.87168150     14.99250375    7.30057346E-0007    1.11337701E-0036      8.55000000
  0.12984848     -0.83788388     14.99250375    1.06506921E-0006    1.62428826E-0036      8.57000000
  0.13015152     -0.79621943     14.99250375    1.58221507E-0006    2.41296372E-0036      8.59000000
  0.13045455     -0.75448733     14.99250375    2.35082794E-0006    3.58513999E-0036      8.61000000
  0.13075758     -0.71052254     14.99250375    3.51082246E-0006    5.35419450E-0036      8.63000000
  0.13106061     -0.65807111     14.99250375    5.34667187E-0006    8.15396431E-0036      8.65000000
  0.13136364     -0.61573622     14.99250375    7.95502693E-0006    1.21318471E-0035      8.67000000
  0.13166667     -0.57471036     14.99250375    1.18002375E-0005    1.79960017E-0035      8.69000000
  0.13196970     -0.55575999     14.99250375    1.66365915E-0005    2.53717035E-0035      8.71000000
  0.13227273     -0.50065664     14.99250375    2.54912386E-0005    3.88755202E-0035      8.73000000
  0.13257576     -0.45982698     14.99250375    3.77958245E-0005    5.76406804E-0035      8.75000000
  0.13287879     -0.45176419     14.99250375    5.19672635E-0005    7.92528927E-0035      8.77000000
  0.13318182     -0.39456028     14.99250375    8.00123440E-0005    1.22023160E-0034      8.79000000
  0.13348485     -0.36188530     14.99250375    1.16427403E-0004    1.77558099E-0034      8.81000000
  0.13378788     -0.33348203     14.99250375    1.67757408E-0004    2.55839138E-0034      8.83000000
  0.13409091     -0.30814526     14.99250375    2.40016842E-0004    3.66038689E-0034      8.85000000
  0.13439394     -0.28056514     14.99250375    3.45179555E-0004    5.26417526E-0034      8.87000000
  0.13469697     -0.26082337     14.99250375    4.87539797E-0004    7.43524609E-0034      8.89000000
  0.13500000     -0.23750899     14.99250375    6.94300834E-0004    1.05884639E-0033      8.91000000
  0.13530303     -0.20255932     14.99250375    1.01559507E-0003    1.54883752E-0033      8.93000000
  0.13560606     -0.17947017     14.99250375    1.44554951E-0003    2.20454134E-0033      8.95000000
  0.13590909     -0.16973218     14.99250375    1.99523561E-0003    3.04284241E-0033      8.97000000
  0.13621212     -0.15560049     14.99250375    2.78194869E-0003    4.24262250E-0033      8.99000000
  0.13651515     -0.13062159     14.99250375    3.97696023E-0003    6.06507985E-0033      9.01000000
  0.13681818     -0.12061737     14.99250375    5.49260924E-0003    8.37652671E-0033      9.03000000
  0.13712121     -0.09312648     14.99250375    7.89755806E-0003    1.20442040E-0032      9.05000000
  0.13742424     -0.08427046     14.99250375    1.08785765E-0002    1.65904187E-0032      9.07000000
  0.13772727     -0.07295060     14.99250375    1.50700665E-0002    2.29826681E-0032      9.09000000
  0.13803030     -0.06405212     14.99250375    2.07604556E-0002    3.16608198E-0032      9.11000000
  0.13833333     -0.05354773     14.99250375    2.87054594E-0002    4.37773810E-0032      9.13000000
  0.13863636     -0.04251242     14.99250375    3.97395590E-0002    6.06049808E-0032      9.15000000
  0.13893939     -0.04383158     14.99250375    5.34720856E-0002    8.15478280E-0032      9.17000000
  0.13924242     -0.03064234     14.99250375    7.43942877E-0002    1.13455320E-0031      9.19000000
  0.13954545     -0.01863449     14.99250375    1.03221622E-0001    1.57418566E-0031      9.21000000
  0.13984848     -0.01564149     14.99250375    1.40277143E-0001    2.13930245E-0031      9.23000000
  0.14015152     -0.01823800     14.99250375    1.88197404E-0001    2.87011239E-0031      9.25000000
  0.14045455     -0.01294853     14.99250375    2.57114359E-0001    3.92113329E-0031      9.27000000
  0.14075758     -0.00833099     14.99250375    3.50725311E-0001    5.34875103E-0031      9.29000000
  0.14106061     -0.00728083     14.99250375    4.74504680E-0001    7.23645349E-0031      9.31000000
  0.14136364     -0.00866315     14.99250375    6.38383150E-0001    9.73568896E-0031      9.33000000
  0.14166667     -0.01144105     14.99250375    8.56104429E-0001    1.30560564E-0030      9.35000000
  0.14196970     -0.01767221     14.99250375    1.13898714E+0000    1.73701711E-0030      9.37000000
  0.14227273     -0.01138530     14.99250375    1.55965652E+0000    2.37856070E-0030      9.39000000
  0.14257576     -0.02382203     14.99250375    2.04557526E+0000    3.11961312E-0030      9.41000000
  0.14287879     -0.03544574     14.99250375    2.68791162E+0000    4.09921087E-0030      9.43000000
  0.14318182     -0.03099202     14.99250375    3.66515160E+0000    5.58955479E-0030      9.45000000
  0.14348485     -0.03851957     14.99250375    4.86169400E+0000    7.41434679E-0030      9.47000000
  0.14378788     -0.05625824     14.99250375    6.29900838E+0000    9.60632910E-0030      9.49000000
  0.14409091     -0.05700042     14.99250375    8.48698123E+0000    1.29431063E-0029      9.51000000
  0.14439394     -0.08506214     14.99250375    1.07377863E+0001    1.63757060E-0029      9.53000000
  0.14469697     -0.08598757     14.99250375    1.44614739E+0001    2.20545313E-0029      9.55000000
  0.14500000     -0.09400187     14.99250375    1.91611466E+0001    2.92217868E-0029      9.57000000
  0.14530303     -0.11570035     14.99250375    2.46006306E+0001    3.75172947E-0029      9.59000000
  0.14560606     -0.12342137     14.99250375    3.26173339E+0001    4.97432016E-0029      9.61000000
  0.14590909     -0.14470806     14.99250375    4.19164987E+0001    6.39249318E-0029      9.63000000
  0.14621212     -0.16518207     14.99250375    5.39677382E+0001    8.23037251E-0029      9.65000000
  0.14651515     -0.17061581     14.99250375    7.19322619E+0001    1.09700597E-0028      9.67000000
  0.14681818     -0.19876786     14.99250375    9.09902575E+0001    1.38765073E-0028      9.69000000
  0.14712121     -0.21245096     14.99250375    1.18996732E+0002    1.81476464E-0028      9.71000000
  0.14742424     -0.23145437     14.99250375    1.53728663E+0002    2.34444540E-0028      9.73000000
  0.14772727     -0.24699176     14.99250375    2.00189222E+0002    3.05299411E-0028      9.75000000
  0.14803030     -0.26530016     14.99250375    2.59033256E+0002    3.95039752E-0028      9.77000000
  0.14833333     -0.29499202     14.99250375    3.26502797E+0002    4.97934458E-0028      9.79000000
  0.14863636     -0.30936099     14.99250375    4.26325362E+0002    6.50169278E-0028      9.81000000
  0.14893939     -0.32686384     14.99250375    5.52664469E+0002    8.42843263E-0028      9.83000000
  0.14924242     -0.36527089     14.99250375    6.82775195E+0002    1.04126917E-0027      9.85000000
  0.14954545     -0.38748102     14.99250375    8.75569917E+0002    1.33529157E-0027      9.87000000
  0.14984848     -0.40052632     14.99250375    1.14675005E+0003    1.74885597E-0027      9.89000000
  0.15015152     -0.43121179     14.99250375    1.44213704E+0003    2.19933712E-0027      9.91000000
  0.15045455     -0.44702776     14.99250375    1.87678186E+0003    2.86219403E-0027      9.93000000
  0.15075758     -0.49231275     14.99250375    2.28219127E+0003    3.48046536E-0027      9.95000000
  0.15106061     -0.50916398     14.99250375    2.96294806E+0003    4.51865634E-0027      9.97000000
  0.15136364     -0.54744696     14.99250375    3.66154430E+0003    5.58405347E-0027      9.99000000
  0.15166667     -0.58045728     14.99250375    4.58012372E+0003    6.98493685E-0027     10.01000000
  0.15196970     -0.59431221     14.99250375    5.98749974E+0003    9.13126154E-0027     10.03000000
  0.15227273     -0.63544901     14.99250375    7.35075496E+0003    1.12102996E-0026     10.05000000
  0.15257576     -0.69897000     14.99250375    8.57105310E+0003    1.30713204E-0026     10.07000000
  0.15287879     -0.70415813     14.99250375    1.14306069E+0004    1.74322950E-0026     10.09000000
  0.15318182     -0.73903470     14.99250375    1.42369170E+0004    2.17120698E-0026     10.11000000
  0.15348485     -0.76541944     14.99250375    1.80823321E+0004    2.75765363E-0026     10.13000000
  0.15378788     -0.80410033     14.99250375    2.23252732E+0004    3.40472514E-0026     10.15000000
  0.15409091     -0.82608566     14.99250375    2.86440676E+0004    4.36837552E-0026     10.17000000
  0.15439394     -0.84239216     14.99250375    3.72350058E+0004    5.67854015E-0026     10.19000000
  0.15469697     -0.90570359     14.99250375    4.34373397E+0004    6.62442968E-0026     10.21000000
  0.15500000     -0.96357073     14.99250375    5.13120440E+0004    7.82536476E-0026     10.23000000
  0.15530303     -1.00163167     14.99250375    6.34426930E+0004    9.67535446E-0026     10.25000000
  0.15560606     -1.01099540     14.99250375    8.37994393E+0004    1.27798686E-0025     10.27000000
  0.15590909     -1.05799195     14.99250375    1.01500409E+0005    1.54793624E-0025     10.29000000
  0.15621212     -1.09151498     14.99250375    1.26814233E+0005    1.93398577E-0025     10.31000000
  0.15651515     -1.14266752     14.99250375    1.52138346E+0005    2.32019221E-0025     10.33000000
  0.15681818     -1.14950695     14.99250375    2.02126146E+0005    3.08253325E-0025     10.35000000
  0.15712121     -1.19466911     14.99250375    2.45857563E+0005    3.74946105E-0025     10.37000000
  0.15742424     -1.24317380     14.99250375    2.96757779E+0005    4.52571693E-0025     10.39000000
  0.15772727     -1.28191369     14.99250375    3.66340937E+0005    5.58689780E-0025     10.41000000
  0.15803030     -1.33371609     14.99250375    4.38840084E+0005    6.69254908E-0025     10.43000000
  0.15833333     -1.38326199     14.99250375    5.28425317E+0005    8.05877242E-0025     10.45000000
  0.15863636     -1.41879014     14.99250375    6.57171476E+0005    1.00222211E-0024     10.47000000
  0.15893939     -1.40616032     14.99250375    9.13128192E+0005    1.39256997E-0024     10.49000000
  0.15924242     -1.44520809     14.99250375    1.12643781E+0006    1.71787870E-0024     10.51000000
  0.15954545     -1.55869771     14.99250375    1.17068709E+0006    1.78536125E-0024     10.53000000
  0.15984848     -1.60423691     14.99250375    1.42273779E+0006    2.16975222E-0024     10.55000000
  0.16015152     -1.69357497     14.99250375    1.56318377E+0006    2.38393995E-0024     10.57000000
  0.16045455     -1.74472751     14.99250375    1.87534307E+0006    2.85999979E-0024     10.59000000
  0.16075758     -1.72990371     14.99250375    2.61895337E+0006    3.99404580E-0024     10.61000000
  0.16106061     -1.79250030     14.99250375    3.06023238E+0006    4.66702021E-0024     10.63000000
  0.16136364     -1.86966622     14.99250375    3.45789434E+0006    5.27347624E-0024     10.65000000
  0.16166667     -1.96357075     14.99250375    3.75950291E+0006    5.73344565E-0024     10.67000000
  0.16196970     -1.92996215     14.99250375    5.48229318E+0006    8.36079417E-0024     10.69000000
  0.16227273     -2.01099538     14.99250375    6.13977227E+0006    9.36348540E-0024     10.71000000
  0.16257576     -2.09017665     14.99250375    6.90548561E+0006    1.05312397E-0023     10.73000000
  0.16287879     -2.13966201     14.99250375    8.31633735E+0006    1.26828651E-0023     10.75000000
  0.16318182     -2.13223797     14.99250375    1.14177194E+0007    1.74126407E-0023     10.77000000
  0.16348485     -2.20411998     14.99250375    1.30593209E+0007    1.99161720E-0023     10.79000000
  0.16378788     -2.33488826     14.99250375    1.30429415E+0007    1.98911925E-0023     10.81000000
  0.16409091     -2.31202537     14.99250375    1.85550302E+0007    2.82974264E-0023     10.83000000
  0.16439394     -2.41172830     14.99250375    1.99059069E+0007    3.03575867E-0023     10.85000000
  0.16469697     -2.52287874     14.99250375    2.07995893E+0007    3.17205008E-0023     10.87000000
  0.16500000     -2.34678750     14.99250375    4.21084475E+0007    6.42176642E-0023     10.89000000
  0.16530303     -2.60206000     14.99250375    3.15732993E+0007    4.81509923E-0023     10.91000000
  0.16560606     -2.62433640     14.99250375    4.04824512E+0007    6.17379316E-0023     10.93000000
  0.16590909     -2.62433640     14.99250375    5.46374011E+0007    8.33249973E-0023     10.95000000
  0.16621212     -2.58087070     14.99250375    8.15040085E+0007    1.24298029E-0022     10.97000000
  0.16651515     -2.86169730     14.99250375    5.76203106E+0007    8.78740960E-0023     10.99000000
  0.16681818     -2.99999998     14.99250375    5.65582747E+0007    8.62544337E-0023     11.01000000
  0.16712121     -2.94884750     14.99250375    8.58760122E+0007    1.30965572E-0022     11.03000000
  0.16742424     -3.30102998     14.99250375    5.15124995E+0007    7.85593530E-0023     11.05000000
  0.16772727     -3.05799193     14.99250375    1.21667308E+0008    1.85549237E-0022     11.07000000
  0.16803030     -3.12493873     14.99250375    1.40750625E+0008    2.14652330E-0022     11.09000000
  0.16833333     -2.94884750     14.99250375    2.84947467E+0008    4.34560328E-0022     11.11000000
  0.16863636     -3.30102998     14.99250375    1.70924987E+0008    2.60669867E-0022     11.13000000
  0.16893939     -3.42596873     14.99250375    1.73017501E+0008    2.63861064E-0022     11.15000000
  0.16924242     -3.30102998     14.99250375    3.11352259E+0008    4.74829066E-0022     11.17000000
  0.16954545     -3.60205997     14.99250375    2.10109292E+0008    3.20428055E-0022     11.19000000
  0.17015152     -3.30102998     14.99250375    7.65458623E+0008    1.16736588E-0021     11.23000000
  0.17045455     -3.90308997     14.99250375    2.58276541E+0008    3.93885720E-0022     11.25000000
  0.17106061     -3.30102998     14.99250375    1.88187780E+0009    2.86996562E-0021     11.29000000
  0.17136364     -3.42596873     14.99250375    1.90491630E+0009    2.90510058E-0021     11.31000000
  0.17166667     -3.90308997     14.99250375    8.56994221E+0008    1.30696262E-0021     11.33000000
  0.17227273     -3.60205997     14.99250375    3.12215425E+0009    4.76145440E-0021     11.37000000
  0.17257576     -3.90308997     14.99250375    2.10691780E+0009    3.21316381E-0021     11.39000000
  0.17287879     -3.90308997     14.99250375    2.84361519E+0009    4.33666725E-0021     11.41000000
  0.17318182     -3.90308997     14.99250375    3.83790357E+0009    5.85301090E-0021     11.43000000
  0.17378788     -3.90308997     14.99250375    6.99101967E+0009    1.06616838E-0020     11.47000000
  0.17409091     -3.60205997     14.99250375    1.88709495E+0010    2.87792206E-0020     11.49000000
  0.17530303     -3.90308997     14.99250375    3.13080983E+0010    4.77465464E-0020     11.57000000
  0.17621212     -3.90308997     14.99250375    7.69708686E+0010    1.17384745E-0019     11.63000000
  0.17893939     -3.90308997     14.99250375    1.14376153E+0012    1.74429831E-0018     11.81000000
