  0.15469697     -3.90308997      3.50017501    3.01533240E-0009    4.59854531E-0039     10.21000000
  0.15590909     -3.90308997      3.50017501    3.98973205E-0009    6.08455757E-0039     10.29000000
  0.15712121     -3.90308997      3.50017501    5.27900733E-0009    8.05077224E-0039     10.37000000
  0.15742424     -3.60205997      3.50017501    1.13235967E-0008    1.72690986E-0038     10.39000000
  0.15772727     -3.90308997      3.50017501    6.07234633E-0009    9.26065719E-0039     10.41000000
  0.15863636     -3.60205997      3.50017501    1.49827982E-0008    2.28495791E-0038     10.47000000
  0.15924242     -3.60205997      3.50017501    1.72344409E-0008    2.62834562E-0038     10.51000000
  0.15954545     -3.60205997      3.50017501    1.84841435E-0008    2.81893205E-0038     10.53000000
  0.16015152     -3.90308997      3.50017501    1.06309874E-0008    1.62128319E-0038     10.57000000
  0.16045455     -3.42596873      3.50017501    3.42055813E-0008    5.21653650E-0038     10.59000000
  0.16075758     -3.60205997      3.50017501    2.44572638E-0008    3.72986525E-0038     10.61000000
  0.16106061     -3.90308997      3.50017501    1.31153536E-0008    2.00016250E-0038     10.63000000
  0.16136364     -3.60205997      3.50017501    2.81327466E-0008    4.29039630E-0038     10.65000000
  0.16166667     -2.94884750      3.50017501    1.35777167E-0007    2.07067537E-0037     10.67000000
  0.16227273     -3.60205997      3.50017501    3.47071167E-0008    5.29302337E-0038     10.71000000
  0.16257576     -3.30102998      3.50017501    7.44475938E-0008    1.13536615E-0037     10.73000000
  0.16287879     -3.60205997      3.50017501    3.99229665E-0008    6.08846872E-0038     10.75000000
  0.16318182     -3.12493873      3.50017501    1.28453569E-0007    1.95898653E-0037     10.77000000
  0.16348485     -3.12493873      3.50017501    1.37767986E-0007    2.10103644E-0037     10.79000000
  0.16378788     -2.99999998      3.50017501    1.97010420E-0007    3.00451566E-0037     10.81000000
  0.16409091     -3.42596873      3.50017501    7.92360070E-0008    1.20839204E-0037     10.83000000
  0.16439394     -3.05799193      3.50017501    1.98290318E-0007    3.02403480E-0037     10.85000000
  0.16469697     -2.94884750      3.50017501    2.73431208E-0007    4.16997409E-0037     10.87000000
  0.16500000     -3.30102998      3.50017501    1.30337005E-0007    1.98770995E-0037     10.89000000
  0.16530303     -2.90309000      3.50017501    3.49469959E-0007    5.32960624E-0037     10.91000000
  0.16560606     -2.69896998      3.50017501    5.99697165E-0007    9.14570672E-0037     10.93000000
  0.16590909     -2.94884750      3.50017501    3.61790048E-0007    5.51749428E-0037     10.95000000
  0.16621212     -2.90309000      3.50017501    4.31137948E-0007    6.57508732E-0037     10.97000000
  0.16651515     -2.67264104      3.50017501    7.86081071E-0007    1.19881623E-0036     10.99000000
  0.16681818     -2.72699874      3.50017501    7.43895235E-0007    1.13448054E-0036     11.01000000
  0.16712121     -2.69896998      3.50017501    8.51025679E-0007    1.29786027E-0036     11.03000000
  0.16742424     -2.69896998      3.50017501    9.12735198E-0007    1.39197063E-0036     11.05000000
  0.16772727     -2.64781750      3.50017501    1.10128422E-0006    1.67951811E-0036     11.07000000
  0.16803030     -2.58087070      3.50017501    1.37799725E-0006    2.10152048E-0036     11.09000000
  0.16833333     -2.42596874      3.50017501    2.11131213E-0006    3.21986540E-0036     11.11000000
  0.16863636     -2.44069200      3.50017501    2.18892719E-0006    3.33823258E-0036     11.13000000
  0.16893939     -2.30103001      3.50017501    3.23813869E-0006    4.93833697E-0036     11.15000000
  0.16924242     -2.34678750      3.50017501    3.12564809E-0006    4.76678271E-0036     11.17000000
  0.16954545     -2.34678750      3.50017501    3.35229488E-0006    5.11243135E-0036     11.19000000
  0.16984848     -2.18708663      3.50017501    5.19332161E-0006    7.92009687E-0036     11.21000000
  0.17015152     -2.13966201      3.50017501    6.21257981E-0006    9.47452085E-0036     11.23000000
  0.17045455     -2.11776015      3.50017501    7.00770762E-0006    1.06871338E-0035     11.25000000
  0.17075758     -2.08354605      3.50017501    8.13190321E-0006    1.24015930E-0035     11.27000000
  0.17106061     -2.04575751      3.50017501    9.51443228E-0006    1.45100248E-0035     11.29000000
  0.17136364     -1.97881071      3.50017501    1.19050662E-0005    1.81558711E-0035     11.31000000
  0.17166667     -1.93460703      3.50017501    1.41363610E-0005    2.15587166E-0035     11.33000000
  0.17196970     -1.90745479      3.50017501    1.61395713E-0005    2.46137208E-0035     11.35000000
  0.17227273     -1.82030462      3.50017501    2.11565235E-0005    3.22648447E-0035     11.37000000
  0.17257576     -1.82390875      3.50017501    2.25030978E-0005    3.43184435E-0035     11.39000000
  0.17287879     -1.78581870      3.50017501    2.63472014E-0005    4.01809098E-0035     11.41000000
  0.17318182     -1.84618514      3.50017501    2.45906603E-0005    3.75020894E-0035     11.43000000
  0.17348485     -1.76955106      3.50017501    3.14634545E-0005    4.79834730E-0035     11.45000000
  0.17378788     -1.68824613      3.50017501    4.06924151E-0005    6.20581380E-0035     11.47000000
  0.17409091     -1.58294369      3.50017501    5.56183421E-0005    8.48209855E-0035     11.49000000
  0.17439394     -1.60423691      3.50017501    5.67972034E-0005    8.66188128E-0035     11.51000000
  0.17469697     -1.59989392      3.50017501    6.15278976E-0005    9.38333779E-0035     11.53000000
  0.17500000     -1.59559396      3.50017501    6.66460120E-0005    1.01638780E-0034     11.55000000
  0.17530303     -1.53760201      3.50017501    8.16898780E-0005    1.24581490E-0034     11.57000000
  0.17560606     -1.49147030      3.50017501    9.74321065E-0005    1.48589242E-0034     11.59000000
  0.17590909     -1.43474266      3.50017501    1.19078094E-0004    1.81600545E-0034     11.61000000
  0.17621212     -1.37033562      3.50017501    1.48129325E-0004    2.25905247E-0034     11.63000000
  0.17651515     -1.41172829      3.50017501    1.44427704E-0004    2.20260075E-0034     11.65000000
  0.17681818     -1.34799554      3.50017501    1.79384696E-0004    2.73571382E-0034     11.67000000
  0.17712121     -1.33371609      3.50017501    1.98823163E-0004    3.03216097E-0034     11.69000000
  0.17742424     -1.29349557      3.50017501    2.33931996E-0004    3.56758970E-0034     11.71000000
  0.17772727     -1.28295394      3.50017501    2.57059345E-0004    3.92029430E-0034     11.73000000
  0.17803030     -1.23657202      3.50017501    3.06773222E-0004    4.67845787E-0034     11.75000000
  0.17833333     -1.20152198      3.50017501    3.56672492E-0004    5.43944878E-0034     11.77000000
  0.17863636     -1.15258157      3.50017501    4.28165983E-0004    6.52976325E-0034     11.79000000
  0.17893939     -1.17311570      3.50017501    4.38006109E-0004    6.67983050E-0034     11.81000000
  0.17924242     -1.12349350      3.50017501    5.26628678E-0004    8.03137270E-0034     11.83000000
  0.17954545     -1.09218570      3.50017501    6.07035989E-0004    9.25762776E-0034     11.85000000
  0.17984848     -1.06739941      3.50017501    6.89291393E-0004    1.05120673E-0033     11.87000000
  0.18015152     -1.03917261      3.50017501    7.88917877E-0004    1.20314251E-0033     11.89000000
  0.18045455     -1.00054319      3.50017501    9.24833054E-0004    1.41042052E-0033     11.91000000
  0.18075758     -0.98140352      3.50017501    1.03658555E-0003    1.58084913E-0033     11.93000000
  0.18106061     -0.97010917      3.50017501    1.14104202E-0003    1.74015090E-0033     11.95000000
  0.18136364     -0.92036659      3.50017501    1.37229143E-0003    2.09281879E-0033     11.97000000
  0.18166667     -0.90614075      3.50017501    1.52080777E-0003    2.31931425E-0033     11.99000000
  0.18196970     -0.88480569      3.50017501    1.71321363E-0003    2.61274362E-0033     12.01000000
  0.18227273     -0.87289519      3.50017501    1.88853114E-0003    2.88011232E-0033     12.03000000
  0.18257576     -0.85894237      3.50017501    2.09160228E-0003    3.18980681E-0033     12.05000000
  0.18287879     -0.80861885      3.50017501    2.51886424E-0003    3.84140445E-0033     12.07000000
  0.18318182     -0.78251604      3.50017501    2.86886230E-0003    4.37517046E-0033     12.09000000
  0.18348485     -0.80340934      3.50017501    2.93236843E-0003    4.47202075E-0033     12.11000000
  0.18378788     -0.74957999      3.50017501    3.56000018E-0003    5.42919317E-0033     12.13000000
  0.18409091     -0.74292170      3.50017501    3.87713072E-0003    5.91283443E-0033     12.15000000
  0.18439394     -0.72210442      3.50017501    4.36244395E-0003    6.65296340E-0033     12.17000000
  0.18469697     -0.69384315      3.50017501    4.99336441E-0003    7.61515130E-0033     12.19000000
  0.18500000     -0.68219774      3.50017501    5.50098935E-0003    8.38930684E-0033     12.21000000
  0.18530303     -0.66907917      3.50017501    6.08081101E-0003    9.27356629E-0033     12.23000000
  0.18560606     -0.64830030      3.50017501    6.84136100E-0003    1.04334462E-0032     12.25000000
  0.18590909     -0.63217833      3.50017501    7.61494221E-0003    1.16131995E-0032     12.27000000
  0.18621212     -0.60928563      3.50017501    8.60917340E-0003    1.31294559E-0032     12.29000000
  0.18651515     -0.58795967      3.50017501    9.69816439E-0003    1.47902262E-0032     12.31000000
  0.18681818     -0.57654931      3.50017501    1.06782981E-0002    1.62849832E-0032     12.33000000
  0.18712121     -0.57901341      3.50017501    1.13878062E-0002    1.73670215E-0032     12.35000000
  0.18742424     -0.54136216      3.50017501    1.33196697E-0002    2.03132181E-0032     12.37000000
  0.18772727     -0.52760926      3.50017501    1.47451261E-0002    2.24871163E-0032     12.39000000
  0.18803030     -0.51712643      3.50017501    1.62006878E-0002    2.47069268E-0032     12.41000000
  0.18833333     -0.51410122      3.50017501    1.74968873E-0002    2.66837012E-0032     12.43000000
  0.18863636     -0.48214459      3.50017501    2.01985204E-0002    3.08038380E-0032     12.45000000
  0.18893939     -0.48912000      3.50017501    2.13179916E-0002    3.25110923E-0032     12.47000000
  0.18924242     -0.48000804      3.50017501    2.33485749E-0002    3.56078419E-0032     12.49000000
  0.18954545     -0.46423133      3.50017501    2.59680430E-0002    3.96026727E-0032     12.51000000
  0.18984848     -0.45361158      3.50017501    2.85404691E-0002    4.35257619E-0032     12.53000000
  0.19015152     -0.41936009      3.50017501    3.31218612E-0002    5.05126331E-0032     12.55000000
  0.19045455     -0.40011693      3.50017501    3.71329992E-0002    5.66298359E-0032     12.57000000
  0.19075758     -0.39577394      3.50017501    4.02258428E-0002    6.13465899E-0032     12.59000000
  0.19106061     -0.39334998      3.50017501    4.33841653E-0002    6.61632029E-0032     12.61000000
  0.19136364     -0.39577394      3.50017501    4.62710569E-0002    7.05658691E-0032     12.63000000
  0.19166667     -0.37830453      3.50017501    5.16631590E-0002    7.87891170E-0032     12.65000000
  0.19196970     -0.36995369      3.50017501    5.64851047E-0002    8.61428454E-0032     12.67000000
  0.19227273     -0.35704112      3.50017501    6.24092036E-0002    9.51774172E-0032     12.69000000
  0.19257576     -0.34486157      3.50017501    6.88383288E-0002    1.04982182E-0031     12.71000000
  0.19287879     -0.32594301      3.50017501    7.71171582E-0002    1.17607845E-0031     12.73000000
  0.19318182     -0.35225037      3.50017501    7.78476998E-0002    1.18721961E-0031     12.75000000
  0.19348485     -0.33114834      3.50017501    8.76496031E-0002    1.33670394E-0031     12.77000000
  0.19378788     -0.32068569      3.50017501    9.62974379E-0002    1.46858811E-0031     12.79000000
  0.19409091     -0.31672776      3.50017501    1.04225695E-0001    1.58949833E-0031     12.81000000
  0.19439394     -0.29843200      3.50017501    1.16593059E-0001    1.77810733E-0031     12.83000000
  0.19469697     -0.29606411      3.50017501    1.25731101E-0001    1.91746742E-0031     12.85000000
  0.19500000     -0.28577504      3.50017501    1.38080999E-0001    2.10581006E-0031     12.87000000
  0.19530303     -0.28924815      3.50017501    1.46913919E-0001    2.24051688E-0031     12.89000000
  0.19560606     -0.28861460      3.50017501    1.57796958E-0001    2.40648912E-0031     12.91000000
  0.19590909     -0.28903688      3.50017501    1.69074644E-0001    2.57847993E-0031     12.93000000
  0.19621212     -0.27757175      3.50017501    1.86185456E-0001    2.83942908E-0031     12.95000000
  0.19651515     -0.27942728      3.50017501    1.98834779E-0001    3.03233812E-0031     12.97000000
  0.19681818     -0.27818938      3.50017501    2.13861391E-0001    3.26150210E-0031     12.99000000
  0.19712121     -0.28066872      3.50017501    2.28063180E-0001    3.47808708E-0031     13.01000000
  0.19742424     -0.26750571      3.50017501    2.52127560E-0001    3.84508192E-0031     13.03000000
  0.19772727     -0.26891510      3.50017501    2.69533696E-0001    4.11053492E-0031     13.05000000
  0.19803030     -0.26420155      3.50017501    2.92232657E-0001    4.45670637E-0031     13.07000000
  0.19833333     -0.26022993      3.50017501    3.16302413E-0001    4.82378319E-0031     13.09000000
  0.19863636     -0.25698046      3.50017501    3.41785872E-0001    5.21241976E-0031     13.11000000
  0.19893939     -0.26052657      3.50017501    3.63588494E-0001    5.54492155E-0031     13.13000000
  0.19924242     -0.25074691      3.50017501    3.98833767E-0001    6.08243106E-0031     13.15000000
  0.19954545     -0.26032877      3.50017501    4.18419772E-0001    6.38112824E-0031     13.17000000
  0.19984848     -0.26820983      3.50017501    4.40690075E-0001    6.72076244E-0031     13.19000000
  0.20015152     -0.26560024      3.50017501    4.75493949E-0001    7.25154038E-0031     13.21000000
  0.20045455     -0.26340433      3.50017501    5.12558033E-0001    7.81678773E-0031     13.23000000
  0.20075758     -0.25512052      3.50017501    5.60310790E-0001    8.54504316E-0031     13.25000000
  0.20106061     -0.24997399      3.50017501    6.08103708E-0001    9.27391106E-0031     13.27000000
  0.20136364     -0.26231050      3.50017501    6.33932879E-0001    9.66781991E-0031     13.29000000
  0.20166667     -0.25756947      3.50017501    6.87363449E-0001    1.04826651E-0030     13.31000000
  0.20196970     -0.26972256      3.50017501    7.16861863E-0001    1.09325319E-0030     13.33000000
  0.20227273     -0.28546070      3.50017501    7.41480058E-0001    1.13079727E-0030     13.35000000
  0.20257576     -0.26730476      3.50017501    8.29196674E-0001    1.26456986E-0030     13.37000000
  0.20287879     -0.27839543      3.50017501    8.66900012E-0001    1.32206949E-0030     13.39000000
  0.20318182     -0.29115436      3.50017501    9.02842957E-0001    1.37688443E-0030     13.41000000
  0.20348485     -0.28872017      3.50017501    9.73752392E-0001    1.48502516E-0030     13.43000000
  0.20378788     -0.29360232      3.50017501    1.03268655E+0000    1.57490295E-0030     13.45000000
  0.20409091     -0.30397142      3.50017501    1.08143784E+0000    1.64925130E-0030     13.47000000
  0.20439394     -0.29467093      3.50017501    1.18496133E+0000    1.80713023E-0030     13.49000000
  0.20469697     -0.30902908      3.50017501    1.22955558E+0000    1.87513888E-0030     13.51000000
  0.20500000     -0.32571309      3.50017501    1.26901363E+0000    1.93531456E-0030     13.53000000
  0.20530303     -0.31594049      3.50017501    1.39200574E+0000    2.12288417E-0030     13.55000000
  0.20560606     -0.31280560      3.50017501    1.50375834E+0000    2.29331296E-0030     13.57000000
  0.20590909     -0.33068311      3.50017501    1.54775661E+0000    2.36041270E-0030     13.59000000
  0.20621212     -0.32859572      3.50017501    1.66798519E+0000    2.54376779E-0030     13.61000000
  0.20651515     -0.33418456      3.50017501    1.76606013E+0000    2.69333740E-0030     13.63000000
  0.20681818     -0.35519228      3.50017501    1.80467873E+0000    2.75223285E-0030     13.65000000
  0.20712121     -0.37020827      3.50017501    1.86976080E+0000    2.85148653E-0030     13.67000000
  0.20742424     -0.35519228      3.50017501    2.07588919E+0000    3.16584350E-0030     13.69000000
  0.20772727     -0.38681911      3.50017501    2.07004353E+0000    3.15692855E-0030     13.71000000
  0.20803030     -0.39013892      3.50017501    2.20323994E+0000    3.36006030E-0030     13.73000000
  0.20833333     -0.39929930      3.50017501    2.31368140E+0000    3.52848950E-0030     13.75000000
  0.20863636     -0.39563893      3.50017501    2.50245375E+0000    3.81637757E-0030     13.77000000
  0.20893939     -0.41651784      3.50017501    2.55793368E+0000    3.90098746E-0030     13.79000000
  0.20924242     -0.42093128      3.50017501    2.71567612E+0000    4.14155323E-0030     13.81000000
  0.20954545     -0.42712838      3.50017501    2.87132930E+0000    4.37893278E-0030     13.83000000
  0.20984848     -0.43979439      3.50017501    2.99101870E+0000    4.56146559E-0030     13.85000000
  0.21015152     -0.44778823      3.50017501    3.14939713E+0000    4.80300128E-0030     13.87000000
  0.21045455     -0.47609101      3.50017501    3.16465794E+0000    4.82627484E-0030     13.89000000
  0.21075758     -0.46868076      3.50017501    3.45254349E+0000    5.26531591E-0030     13.91000000
  0.21106061     -0.48895262      3.50017501    3.53402352E+0000    5.38957736E-0030     13.93000000
  0.21136364     -0.49757290      3.50017501    3.71579113E+0000    5.66678282E-0030     13.95000000
  0.21166667     -0.50567145      3.50017501    3.91160394E+0000    5.96540796E-0030     13.97000000
  0.21196970     -0.53517526      3.50017501    3.91970333E+0000    5.97775998E-0030     13.99000000
  0.21227273     -0.53257692      3.50017501    4.22915567E+0000    6.44969157E-0030     14.01000000
  0.21257576     -0.53424547      3.50017501    4.51842684E+0000    6.89084578E-0030     14.03000000
  0.21287879     -0.56066730      3.50017501    4.56002855E+0000    6.95429063E-0030     14.05000000
  0.21318182     -0.57206784      3.50017501    4.76397149E+0000    7.26531466E-0030     14.07000000
  0.21348485     -0.58460926      3.50017501    4.96397822E+0000    7.57033577E-0030     14.09000000
  0.21378788     -0.61573622      3.50017501    4.95570034E+0000    7.55771155E-0030     14.11000000
  0.21409091     -0.61596036      3.50017501    5.31230541E+0000    8.10155361E-0030     14.13000000
  0.21439394     -0.61888491      3.50017501    5.65927260E+0000    8.63069737E-0030     14.15000000
  0.21469697     -0.61730771      3.50017501    6.09172019E+0000    9.29020338E-0030     14.17000000
  0.21500000     -0.64349612      3.50017501    6.15111260E+0000    9.38078003E-0030     14.19000000
  0.21530303     -0.67959405      3.50017501    6.07096707E+0000    9.25855375E-0030     14.21000000
  0.21560606     -0.69384315      3.50017501    6.30102080E+0000    9.60939815E-0030     14.23000000
  0.21590909     -0.70032929      3.50017501    6.65774113E+0000    1.01534160E-0029     14.25000000
  0.21621212     -0.72613100      3.50017501    6.72864058E+0000    1.02615415E-0029     14.27000000
  0.21651515     -0.72526500      3.50017501    7.23095171E+0000    1.10275932E-0029     14.29000000
  0.21681818     -0.73194882      3.50017501    7.63684145E+0000    1.16465970E-0029     14.31000000
  0.21712121     -0.76321090      3.50017501    7.62173474E+0000    1.16235585E-0029     14.33000000
  0.21742424     -0.79283706      3.50017501    7.63536509E+0000    1.16443455E-0029     14.35000000
  0.21772727     -0.79894443      3.50017501    8.07466610E+0000    1.23143033E-0029     14.37000000
  0.21803030     -0.81922916      3.50017501    8.26498308E+0000    1.26045470E-0029     14.39000000
  0.21833333     -0.84466394      3.50017501    8.36005867E+0000    1.27495425E-0029     14.41000000
  0.21863636     -0.83084009      3.50017501    9.25625499E+0000    1.41162904E-0029     14.43000000
  0.21893939     -0.84504375      3.50017501    9.60801740E+0000    1.46527472E-0029     14.45000000
  0.21924242     -0.86766023      3.50017501    9.78181479E+0000    1.49177976E-0029     14.47000000
  0.21954545     -0.90352449      3.50017501    9.65955923E+0000    1.47313512E-0029     14.49000000
  0.21984848     -0.91631824      3.50017501    1.00592522E+0001    1.53409047E-0029     14.51000000
  0.22015152     -0.94024731      3.50017501    1.02103060E+0001    1.55712699E-0029     14.53000000
  0.22045455     -0.96960271      3.50017501    1.02349446E+0001    1.56088451E-0029     14.55000000
  0.22075758     -0.94933030      3.50017501    1.15016471E+0001    1.75406350E-0029     14.57000000
  0.22106061     -0.98088370      3.50017501    1.14711980E+0001    1.74941985E-0029     14.59000000
  0.22136364     -0.99999999      3.50017501    1.17732025E+0001    1.79547717E-0029     14.61000000
  0.22166667     -0.99299943      3.50017501    1.28320875E+0001    1.95696287E-0029     14.63000000
  0.22196970     -1.07186031      3.50017501    1.14772691E+0001    1.75034572E-0029     14.65000000
  0.22227273     -1.08288852      3.50017501    1.20008633E+0001    1.83019668E-0029     14.67000000
  0.22257576     -1.07701517      3.50017501    1.30463182E+0001    1.98963422E-0029     14.69000000
  0.22287879     -1.11847267      3.50017501    1.27184035E+0001    1.93962545E-0029     14.71000000
  0.22318182     -1.11918642      3.50017501    1.36182401E+0001    2.07685541E-0029     14.73000000
  0.22348485     -1.14342215      3.50017501    1.38129803E+0001    2.10655434E-0029     14.75000000
  0.22378788     -1.20325227      3.50017501    1.29080133E+0001    1.96854197E-0029     14.77000000
  0.22409091     -1.21200850      3.50017501    1.35676713E+0001    2.06914339E-0029     14.79000000
  0.22439394     -1.23006909      3.50017501    1.39587604E+0001    2.12878659E-0029     14.81000000
  0.22469697     -1.23563703      3.50017501    1.47802251E+0001    2.25406441E-0029     14.83000000
  0.22500000     -1.23006909      3.50017501    1.60565087E+0001    2.44870458E-0029     14.85000000
  0.22530303     -1.32674863      3.50017501    1.37839508E+0001    2.10212718E-0029     14.87000000
  0.22560606     -1.32559820      3.50017501    1.48226646E+0001    2.26053667E-0029     14.89000000
  0.22590909     -1.27164621      3.50017501    1.80003272E+0001    2.74514743E-0029     14.91000000
  0.22621212     -1.33138116      3.50017501    1.68247100E+0001    2.56585944E-0029     14.93000000
  0.22651515     -1.35902195      3.50017501    1.69320262E+0001    2.58222574E-0029     14.95000000
  0.22681818     -1.44824513      3.50017501    1.47872659E+0001    2.25513818E-0029     14.97000000
  0.22712121     -1.39794002      3.50017501    1.78071792E+0001    2.71569133E-0029     14.99000000
  0.22742424     -1.43179827      3.50017501    1.76660320E+0001    2.69416560E-0029     15.01000000
  0.22772727     -1.43919699      3.50017501    1.86269793E+0001    2.84071527E-0029     15.03000000
  0.22803030     -1.44069200      3.50017501    1.99090047E+0001    3.03623109E-0029     15.05000000
  0.22833333     -1.50689064      3.50017501    1.83338233E+0001    2.79600739E-0029     15.07000000
  0.22863636     -1.53947800      3.50017501    1.82418056E+0001    2.78197420E-0029     15.09000000
  0.22893939     -1.62893215      3.50017501    1.59226665E+0001    2.42829292E-0029     15.11000000
  0.22924242     -1.53760201      3.50017501    2.10740532E+0001    3.21390730E-0029     15.13000000
  0.22954545     -1.64541143      3.50017501    1.76335922E+0001    2.68921837E-0029     15.15000000
  0.22984848     -1.62205662      3.50017501    1.99571138E+0001    3.04356799E-0029     15.17000000
  0.23015152     -1.64781746      3.50017501    2.01715385E+0001    3.07626892E-0029     15.19000000
  0.23045455     -1.72124641      3.50017501    1.82688920E+0001    2.78610502E-0029     15.21000000
  0.23075758     -1.74172200      3.50017501    1.86912677E+0001    2.85051961E-0029     15.23000000
  0.23106061     -1.75387087      3.50017501    1.94935987E+0001    2.97287944E-0029     15.25000000
  0.23136364     -1.75387087      3.50017501    2.09071173E+0001    3.18844868E-0029     15.27000000
  0.23166667     -1.77598518      3.50017501    2.13099278E+0001    3.24987946E-0029     15.29000000
  0.23196970     -1.75387087      3.50017501    2.40490776E+0001    3.66761465E-0029     15.31000000
  0.23227273     -1.84239214      3.50017501    2.10367810E+0001    3.20822309E-0029     15.33000000
  0.23257576     -1.91631824      3.50017501    1.90307243E+0001    2.90228858E-0029     15.35000000
  0.23287879     -1.88190070      3.50017501    2.20940326E+0001    3.36945969E-0029     15.37000000
  0.23318182     -1.88190070      3.50017501    2.36961136E+0001    3.61378573E-0029     15.39000000
  0.23348485     -1.93930216      3.50017501    2.22678251E+0001    3.39596398E-0029     15.41000000
  0.23378788     -1.95860732      3.50017501    2.28441381E+0001    3.48385484E-0029     15.43000000
  0.23409091     -2.00546288      3.50017501    2.19948676E+0001    3.35433649E-0029     15.45000000
  0.23439394     -2.02227641      3.50017501    2.26939426E+0001    3.46094922E-0029     15.47000000
  0.23469697     -2.05799195      3.50017501    2.24179837E+0001    3.41886399E-0029     15.49000000
  0.23500000     -2.02227641      3.50017501    2.61044303E+0001    3.98106707E-0029     15.51000000
  0.23530303     -2.07058105      3.50017501    2.50502297E+0001    3.82029576E-0029     15.53000000
  0.23560606     -2.11069830      3.50017501    2.44960800E+0001    3.73578494E-0029     15.55000000
  0.23590909     -2.16272730      3.50017501    2.33061067E+0001    3.55430756E-0029     15.57000000
  0.23621212     -2.17069622      3.50017501    2.45416042E+0001    3.74272763E-0029     15.59000000
  0.23651515     -2.18708663      3.50017501    2.53463054E+0001    3.86544892E-0029     15.61000000
  0.23681818     -2.32330640      3.50017501    1.98653869E+0001    3.02957914E-0029     15.63000000
  0.23712121     -2.33488826      3.50017501    2.07451848E+0001    3.16375310E-0029     15.65000000
  0.23742424     -2.31202537      3.50017501    2.34521319E+0001    3.57657720E-0029     15.67000000
  0.23772727     -2.39793999      3.50017501    2.06381063E+0001    3.14742304E-0029     15.69000000
  0.23803030     -2.20411998      3.50017501    3.45853353E+0001    5.27445104E-0029     15.71000000
  0.23833333     -2.33488826      3.50017501    2.74489568E+0001    4.18611465E-0029     15.73000000
  0.23863636     -2.44069200      3.50017501    2.30740714E+0001    3.51892093E-0029     15.75000000
  0.23893939     -2.60206000      3.50017501    1.70670463E+0001    2.60281705E-0029     15.77000000
  0.23924242     -2.44069200      3.50017501    2.65416856E+0001    4.04775088E-0029     15.79000000
  0.23954545     -2.54136215      3.50017501    2.25767012E+0001    3.44306928E-0029     15.81000000
  0.23984848     -2.67264104      3.50017501    1.78971438E+0001    2.72941141E-0029     15.83000000
  0.24015152     -2.67264104      3.50017501    1.91949004E+0001    2.92732631E-0029     15.85000000
  0.24045455     -2.60206000      3.50017501    2.42197155E+0001    3.69363785E-0029     15.87000000
  0.24075758     -2.72699874      3.50017501    1.94819504E+0001    2.97110301E-0029     15.89000000
  0.24106061     -2.58087070      3.50017501    2.92524744E+0001    4.46116085E-0029     15.91000000
  0.24136364     -2.78914663      3.50017501    1.94217703E+0001    2.96192521E-0029     15.93000000
  0.24166667     -2.82390874      3.50017501    1.92277663E+0001    2.93233856E-0029     15.95000000
  0.24196970     -2.69896998      3.50017501    2.74960129E+0001    4.19329096E-0029     15.97000000
  0.24227273     -2.90309000      3.50017501    1.84311250E+0001    2.81084643E-0029     15.99000000
  0.24257576     -3.12493873      3.50017501    1.18605613E+0001    1.80879986E-0029     16.01000000
  0.24287879     -2.86169730      3.50017501    2.33210878E+0001    3.55659226E-0029     16.03000000
  0.24318182     -2.99999998      3.50017501    1.81906519E+0001    2.77417298E-0029     16.05000000
  0.24348485     -2.86169730      3.50017501    2.68258241E+0001    4.09108353E-0029     16.07000000
  0.24378788     -2.94884750      3.50017501    2.35399217E+0001    3.58996561E-0029     16.09000000
  0.24409091     -3.20411999      3.50017501    1.40260264E+0001    2.13904503E-0029     16.11000000
  0.24439394     -2.94884750      3.50017501    2.70775447E+0001    4.12947229E-0029     16.13000000
  0.24469697     -3.05799193      3.50017501    2.25874382E+0001    3.44470672E-0029     16.15000000
  0.24500000     -3.12493873      3.50017501    2.07645399E+0001    3.16670485E-0029     16.17000000
  0.24530303     -2.86169730      3.50017501    4.08287304E+0001    6.22660262E-0029     16.19000000
  0.24560606     -2.99999998      3.50017501    3.18467658E+0001    4.85680435E-0029     16.21000000
  0.24590909     -3.05799193      3.50017501    2.98865313E+0001    4.55785797E-0029     16.23000000
  0.24621212     -3.20411999      3.50017501    2.28954713E+0001    3.49168344E-0029     16.25000000
  0.24651515     -3.30102998      3.50017501    1.96445344E+0001    2.99589794E-0029     16.27000000
  0.24681818     -3.20411999      3.50017501    2.63362451E+0001    4.01642009E-0029     16.29000000
  0.24712121     -3.90308997      3.50017501    5.64918784E+0000    8.61531757E-0030     16.31000000
  0.24742424     -3.20411999      3.50017501    3.02941048E+0001    4.62001514E-0029     16.33000000
  0.24772727     -3.05799193      3.50017501    4.54871070E+0001    6.93703030E-0029     16.35000000
  0.24803030     -3.60205997      3.50017501    1.39387046E+0001    2.12572797E-0029     16.37000000
  0.24833333     -3.42596873      3.50017501    2.24241396E+0001    3.41980280E-0029     16.39000000
  0.24863636     -3.90308997      3.50017501    8.01671944E+0000    1.22259315E-0029     16.41000000
  0.24893939     -3.42596873      3.50017501    2.57940808E+0001    3.93373710E-0029     16.43000000
  0.24924242     -3.30102998      3.50017501    3.68859475E+0001    5.62530687E-0029     16.45000000
  0.24954545     -3.42596873      3.50017501    2.96704631E+0001    4.52490639E-0029     16.47000000
  0.24984848     -3.60205997      3.50017501    2.12146180E+0001    3.23534420E-0029     16.49000000
  0.25015152     -3.60205997      3.50017501    2.27529310E+0001    3.46994527E-0029     16.51000000
  0.25045455     -3.60205997      3.50017501    2.44027901E+0001    3.72155772E-0029     16.53000000
  0.25075758     -3.90308997      3.50017501    1.30861418E+0001    1.99570753E-0029     16.55000000
  0.25106061     -3.42596873      3.50017501    4.21051282E+0001    6.42126020E-0029     16.57000000
  0.25136364     -3.60205997      3.50017501    3.01055028E+0001    4.59125231E-0029     16.59000000
  0.25166667     -3.60205997      3.50017501    3.22885111E+0001    4.92417290E-0029     16.61000000
  0.25196970     -3.90308997      3.50017501    1.73149068E+0001    2.64061710E-0029     16.63000000
  0.25287879     -3.60205997      3.50017501    4.27224898E+0001    6.51541119E-0029     16.69000000
  0.25348485     -3.90308997      3.50017501    2.45714523E+0001    3.74727962E-0029     16.73000000
  0.25378788     -3.42596873      3.50017501    7.90595245E+0001    1.20570059E-0028     16.75000000
  0.25439394     -3.90308997      3.50017501    3.03135799E+0001    4.62298520E-0029     16.79000000
  0.25590909     -3.90308997      3.50017501    4.30177704E+0001    6.56044308E-0029     16.89000000
  0.25681818     -3.60205997      3.50017501    1.06141274E+0002    1.61871194E-0028     16.95000000
  0.26166667     -3.90308997      3.50017501    1.62662874E+0002    2.48069696E-0028     17.27000000
