  0.12166667     -3.74210791     13.00390117    4.02173300E-0014    6.13336075E-0044      8.03000000
  0.12196970     -3.91819919     13.00390117    3.47754213E-0014    5.30344018E-0044      8.05000000
  0.12227273     -4.21922919     13.00390117    2.25524046E-0014    3.43936391E-0044      8.07000000
  0.12257576     -4.21922919     13.00390117    2.92511742E-0014    4.46096258E-0044      8.09000000
  0.12318182     -3.91819919     13.00390117    9.84179243E-0014    1.50092668E-0043      8.13000000
  0.12348485     -3.61716920     13.00390117    2.55302253E-0013    3.89349770E-0043      8.15000000
  0.12378788     -3.91819919     13.00390117    1.65567504E-0013    2.52499416E-0043      8.17000000
  0.12409091     -3.37413115     13.00390117    7.51611806E-0013    1.14624873E-0042      8.19000000
  0.12439394     -3.14004791     13.00390117    1.67119559E-0012    2.54866382E-0042      8.21000000
  0.12469697     -3.14004791     13.00390117    2.16759295E-0012    3.30569671E-0042      8.23000000
  0.12500000     -3.17783649     13.00390117    2.57714943E-0012    3.93029253E-0042      8.25000000
  0.12530303     -2.85750135     13.00390117    6.98916339E-0012    1.06588529E-0041      8.27000000
  0.12560606     -2.77207116     13.00390117    1.10358512E-0011    1.68302711E-0041      8.29000000
  0.12590909     -2.85750135     13.00390117    1.17578007E-0011    1.79312832E-0041      8.31000000
  0.12621212     -2.63944560     13.00390117    2.51960406E-0011    3.84253272E-0041      8.33000000
  0.12651515     -2.62816459     13.00390117    3.35400539E-0011    5.11503996E-0041      8.35000000
  0.12681818     -2.46335431     13.00390117    6.35805805E-0011    9.69638306E-0041      8.37000000
  0.12712121     -2.40631583     13.00390117    9.40401721E-0011    1.43416358E-0040      8.39000000
  0.12742424     -2.37413114     13.00390117    1.31355590E-0010    2.00324393E-0040      8.41000000
  0.12772727     -2.25074622     13.00390117    2.26351786E-0010    3.45198739E-0040      8.43000000
  0.12803030     -2.11201922     13.00390117    4.04074442E-0010    6.16235420E-0040      8.45000000
  0.12833333     -2.00971417     13.00390117    6.63310513E-0010    1.01158447E-0039      8.47000000
  0.12863636     -1.97619112     13.00390117    9.29373703E-0010    1.41734526E-0039      8.49000000
  0.12893939     -1.86129432     13.00390117    1.57049889E-0009    2.39509591E-0039      8.51000000
  0.12924242     -1.84083127     13.00390117    2.13526182E-0009    3.25638998E-0039      8.53000000
  0.12954545     -1.78786539     13.00390117    3.12872546E-0009    4.77147587E-0039      8.55000000
  0.12984848     -1.68775028     13.00390117    5.11014268E-0009    7.79324449E-0039      8.57000000
  0.13015152     -1.65220283     13.00390117    7.19334559E-0009    1.09702418E-0038      8.59000000
  0.13045455     -1.56505263     13.00390117    1.14033268E-0008    1.73906913E-0038      8.61000000
  0.13075758     -1.46718072     13.00390117    1.85290831E-0008    2.82578558E-0038      8.63000000
  0.13106061     -1.44617448     13.00390117    2.52238066E-0008    3.84676718E-0038      8.65000000
  0.13136364     -1.36980975     13.00390117    3.90054955E-0008    5.94854942E-0038      8.67000000
  0.13166667     -1.32325446     13.00390117    5.63159673E-0008    8.58849017E-0038      8.69000000
  0.13196970     -1.25121347     13.00390117    8.62229713E-0008    1.31494703E-0037      8.71000000
  0.13227273     -1.19310469     13.00390117    1.27844550E-0007    1.94969866E-0037      8.73000000
  0.13257576     -1.13465288     13.00390117    1.89707489E-0007    2.89314200E-0037      8.75000000
  0.13287879     -1.12685947     13.00390117    2.50511885E-0007    3.82044199E-0037      8.77000000
  0.13318182     -1.05102643     13.00390117    3.86911665E-0007    5.90061255E-0037      8.79000000
  0.13348485     -1.01051916     13.00390117    5.50895908E-0007    8.40146111E-0037      8.81000000
  0.13378788     -0.94460956     13.00390117    8.31628946E-0007    1.26827921E-0036      8.83000000
  0.13409091     -0.90304909     13.00390117    1.18697212E-0006    1.81019680E-0036      8.85000000
  0.13439394     -0.85844649     13.00390117    1.70605711E-0006    2.60182954E-0036      8.87000000
  0.13469697     -0.81302975     13.00390117    2.45674884E-0006    3.74667511E-0036      8.89000000
  0.13500000     -0.77722003     13.00390117    3.46035717E-0006    5.27723219E-0036      8.91000000
  0.13530303     -0.73821677     13.00390117    4.90992254E-0006    7.48789792E-0036      8.93000000
  0.13560606     -0.70176935     13.00390117    6.92584095E-0006    1.05622827E-0035      8.95000000
  0.13590909     -0.67083975     13.00390117    9.64611777E-0006    1.47108523E-0035      8.97000000
  0.13621212     -0.62616476     13.00390117    1.38668559E-0005    2.11477066E-0035      8.99000000
  0.13651515     -0.60793083     13.00390117    1.87569571E-0005    2.86053759E-0035      9.01000000
  0.13681818     -0.57018653     13.00390117    2.65373242E-0005    4.04708574E-0035      9.03000000
  0.13712121     -0.53771660     13.00390117    3.70917663E-0005    5.65669535E-0035      9.05000000
  0.13742424     -0.50247483     13.00390117    5.21758737E-0005    7.95710346E-0035      9.07000000
  0.13772727     -0.45535213     13.00390117    7.54297865E-0005    1.15034512E-0034      9.09000000
  0.13803030     -0.43855190     13.00390117    1.01693587E-0004    1.55088230E-0034      9.11000000
  0.13833333     -0.41366035     13.00390117    1.39680430E-0004    2.13020224E-0034      9.13000000
  0.13863636     -0.38423656     13.00390117    1.93869639E-0004    2.95661705E-0034      9.15000000
  0.13893939     -0.35152605     13.00390117    2.71125746E-0004    4.13481454E-0034      9.17000000
  0.13924242     -0.33364181     13.00390117    3.66442176E-0004    5.58844174E-0034      9.19000000
  0.13954545     -0.30716663     13.00390117    5.05162482E-0004    7.70400159E-0034      9.21000000
  0.13984848     -0.29842778     13.00390117    6.68529213E-0004    1.01954327E-0033      9.23000000
  0.14015152     -0.26440798     13.00390117    9.37757703E-0004    1.43013131E-0033      9.25000000
  0.14045455     -0.25723889     13.00390117    1.23654570E-0003    1.88579920E-0033      9.27000000
  0.14075758     -0.23452188     13.00390117    1.68996473E-0003    2.57728779E-0033      9.29000000
  0.14106061     -0.22018568     13.00390117    2.26550113E-0003    3.45501199E-0033      9.31000000
  0.14136364     -0.19548303     13.00390117    3.11040819E-0003    4.74354103E-0033      9.33000000
  0.14166667     -0.17633877     13.00390117    4.21611157E-0003    6.42979860E-0033      9.35000000
  0.14196970     -0.16450125     13.00390117    5.61953094E-0003    8.57008919E-0033      9.37000000
  0.14227273     -0.14386474     13.00390117    7.64340772E-0003    1.16566109E-0032      9.39000000
  0.14257576     -0.14587746     13.00390117    9.86790048E-0003    1.50490829E-0032      9.41000000
  0.14287879     -0.12844226     13.00390117    1.33232572E-0002    2.03186892E-0032      9.43000000
  0.14318182     -0.11961759     13.00390117    1.76354086E-0002    2.68949537E-0032      9.45000000
  0.14348485     -0.10498526     13.00390117    2.36574707E-0002    3.60789248E-0032      9.47000000
  0.14378788     -0.10585412     13.00390117    3.06231526E-0002    4.67019671E-0032      9.49000000
  0.14409091     -0.09283798     13.00390117    4.09276205E-0002    6.24168390E-0032      9.51000000
  0.14439394     -0.08416016     13.00390117    5.41557732E-0002    8.25904887E-0032      9.53000000
  0.14469697     -0.08447848     13.00390117    7.01902664E-0002    1.07043960E-0031      9.55000000
  0.14500000     -0.07167651     13.00390117    9.37625302E-0002    1.42992939E-0031      9.57000000
  0.14530303     -0.07406386     13.00390117    1.20946251E-0001    1.84449587E-0031      9.59000000
  0.14560606     -0.05651544     13.00390117    1.63339524E-0001    2.49101625E-0031      9.61000000
  0.14590909     -0.07044148     13.00390117    2.05170866E-0001    3.12896688E-0031      9.63000000
  0.14621212     -0.06532290     13.00390117    2.69267985E-0001    4.10648268E-0031      9.65000000
  0.14651515     -0.06289208     13.00390117    3.51209287E-0001    5.35613193E-0031      9.67000000
  0.14681818     -0.06648231     13.00390117    4.51779182E-0001    6.88987733E-0031      9.69000000
  0.14712121     -0.05894076     13.00390117    5.96236024E-0001    9.09292245E-0031      9.71000000
  0.14742424     -0.07041067     13.00390117    7.53179954E-0001    1.14864024E-0030      9.73000000
  0.14772727     -0.06483564     13.00390117    9.89519229E-0001    1.50907044E-0030      9.75000000
  0.14803030     -0.06277090     13.00390117    1.28955370E+0000    1.96663926E-0030      9.77000000
  0.14833333     -0.06828863     13.00390117    1.65147554E+0000    2.51858969E-0030      9.79000000
  0.14863636     -0.07649566     13.00390117    2.10191705E+0000    3.20553740E-0030      9.81000000
  0.14893939     -0.08146377     13.00390117    2.69524289E+0000    4.11039145E-0030      9.83000000
  0.14924242     -0.08847741     13.00390117    3.43981209E+0000    5.24589983E-0030      9.85000000
  0.14954545     -0.09449677     13.00390117    4.40013302E+0000    6.71044129E-0030      9.87000000
  0.14984848     -0.10618875     13.00390117    5.55551438E+0000    8.47246047E-0030      9.89000000
  0.15015152     -0.11484450     13.00390117    7.06348429E+0000    1.07721963E-0029      9.91000000
  0.15045455     -0.11989391     13.00390117    9.05565809E+0000    1.38103693E-0029      9.93000000
  0.15075758     -0.12657869     13.00390117    1.15660668E+0001    1.76388786E-0029      9.95000000
  0.15106061     -0.14576744     13.00390117    1.43531556E+0001    2.18893401E-0029      9.97000000
  0.15136364     -0.15387359     13.00390117    1.82722359E+0001    2.78661498E-0029      9.99000000
  0.15166667     -0.16499926     13.00390117    2.31002390E+0001    3.52291162E-0029     10.01000000
  0.15196970     -0.17866639     13.00390117    2.90335267E+0001    4.42777014E-0029     10.03000000
  0.15227273     -0.18673129     13.00390117    3.69645431E+0001    5.63729313E-0029     10.05000000
  0.15257576     -0.19882645     13.00390117    4.66273392E+0001    7.11092189E-0029     10.07000000
  0.15287879     -0.21714954     13.00390117    5.79786360E+0001    8.84205615E-0029     10.09000000
  0.15318182     -0.23718421     13.00390117    7.18098101E+0001    1.09513851E-0028     10.11000000
  0.15348485     -0.25135375     13.00390117    9.01497821E+0001    1.37483303E-0028     10.13000000
  0.15378788     -0.26609797     13.00390117    1.13024064E+0002    1.72367822E-0028     10.15000000
  0.15409091     -0.28362114     13.00390117    1.40798555E+0002    2.14725425E-0028     10.17000000
  0.15439394     -0.30335468     13.00390117    1.74507905E+0002    2.66134010E-0028     10.19000000
  0.15469697     -0.31777086     13.00390117    2.18952230E+0002    3.33914015E-0028     10.21000000
  0.15500000     -0.33870140     13.00390117    2.70625857E+0002    4.12719097E-0028     10.23000000
  0.15530303     -0.36729850     13.00390117    3.28641678E+0002    5.01196367E-0028     10.25000000
  0.15560606     -0.38672027     13.00390117    4.07616088E+0002    6.21636621E-0028     10.27000000
  0.15590909     -0.40886224     13.00390117    5.02411766E+0002    7.66205167E-0028     10.29000000
  0.15621212     -0.42334915     13.00390117    6.30265211E+0002    9.61188598E-0028     10.31000000
  0.15651515     -0.44720100     13.00390117    7.73787903E+0002    1.18006848E-0027     10.33000000
  0.15681818     -0.47736877     13.00390117    9.36277574E+0002    1.42787403E-0027     10.35000000
  0.15712121     -0.48466934     13.00390117    1.19413795E+0003    1.82112508E-0027     10.37000000
  0.15742424     -0.51792030     13.00390117    1.43467653E+0003    2.18795945E-0027     10.39000000
  0.15772727     -0.54390919     13.00390117    1.75273216E+0003    2.67301152E-0027     10.41000000
  0.15803030     -0.56592018     13.00390117    2.16100120E+0003    3.29564393E-0027     10.43000000
  0.15833333     -0.59155616     13.00390117    2.64222309E+0003    4.02953338E-0027     10.45000000
  0.15863636     -0.63569035     13.00390117    3.09589159E+0003    4.72140243E-0027     10.47000000
  0.15893939     -0.64404135     13.00390117    3.93899289E+0003    6.00717759E-0027     10.49000000
  0.15924242     -0.68304965     13.00390117    4.67011248E+0003    7.12217459E-0027     10.51000000
  0.15954545     -0.70707865     13.00390117    5.73124268E+0003    8.74045565E-0027     10.53000000
  0.15984848     -0.72702772     13.00390117    7.09986635E+0003    1.08276809E-0026     10.55000000
  0.16015152     -0.76149864     13.00390117    8.50608469E+0003    1.29722401E-0026     10.57000000
  0.16045455     -0.80828331     13.00390117    9.90593518E+0003    1.51070879E-0026     10.59000000
  0.16075758     -0.82495266     13.00390117    1.23645006E+0004    1.88565335E-0026     10.61000000
  0.16106061     -0.87072961     13.00390117    1.44327833E+0004    2.20107765E-0026     10.63000000
  0.16136364     -0.87898339     13.00390117    1.83673607E+0004    2.80112203E-0026     10.65000000
  0.16166667     -0.93344689     13.00390117    2.10152087E+0004    3.20493320E-0026     10.67000000
  0.16196970     -0.95346827     13.00390117    2.60293174E+0004    3.96961195E-0026     10.69000000
  0.16227273     -1.00438533     13.00390117    3.00259090E+0004    4.57911382E-0026     10.71000000
  0.16257576     -1.03340382     13.00390117    3.64273965E+0004    5.55537535E-0026     10.73000000
  0.16287879     -1.06116840     13.00390117    4.43214542E+0004    6.75926192E-0026     10.75000000
  0.16318182     -1.09374790     13.00390117    5.33316410E+0004    8.13336424E-0026     10.77000000
  0.16348485     -1.11576755     13.00390117    6.57530263E+0004    1.00276928E-0025     10.79000000
  0.16378788     -1.15739987     13.00390117    7.74878986E+0004    1.18173244E-0025     10.81000000
  0.16409091     -1.21490781     13.00390117    8.80392607E+0004    1.34264643E-0025     10.83000000
  0.16439394     -1.24610134     13.00390117    1.06275538E+0005    1.62075954E-0025     10.85000000
  0.16469697     -1.25923433     13.00390117    1.33736753E+0005    2.03955795E-0025     10.87000000
  0.16500000     -1.29494988     13.00390117    1.59766483E+0005    2.43652544E-0025     10.89000000
  0.16530303     -1.34532758     13.00390117    1.84526361E+0005    2.81412700E-0025     10.91000000
  0.16560606     -1.39315436     13.00390117    2.14378926E+0005    3.26939478E-0025     10.93000000
  0.16590909     -1.42474113     13.00390117    2.58550735E+0005    3.94303880E-0025     10.95000000
  0.16621212     -1.45207332     13.00390117    3.14893742E+0005    4.80230020E-0025     10.97000000
  0.16651515     -1.54253557     13.00390117    3.31628793E+0005    5.05751880E-0025     10.99000000
  0.16681818     -1.53798794     13.00390117    4.34660642E+0005    6.62881032E-0025     11.01000000
  0.16712121     -1.57380690     13.00390117    5.19136792E+0005    7.91711738E-0025     11.03000000
  0.16742424     -1.63716582     13.00390117    5.81933465E+0005    8.87480067E-0025     11.05000000
  0.16772727     -1.67268652     13.00390117    6.95509537E+0005    1.06068973E-0024     11.07000000
  0.16803030     -1.69940119     13.00390117    8.48279296E+0005    1.29367189E-0024     11.09000000
  0.16833333     -1.70601160     13.00390117    1.08362474E+0006    1.65258645E-0024     11.11000000
  0.16863636     -1.80760947     13.00390117    1.11232446E+0006    1.69635508E-0024     11.13000000
  0.16893939     -1.88276946     13.00390117    1.21345018E+0006    1.85057727E-0024     11.15000000
  0.16924242     -1.88477543     13.00390117    1.56662995E+0006    2.38919557E-0024     11.17000000
  0.16954545     -1.98118308     13.00390117    1.62745589E+0006    2.48195841E-0024     11.19000000
  0.16984848     -1.98118308     13.00390117    2.11086119E+0006    3.21917770E-0024     11.21000000
  0.17015152     -2.02332951     13.00390117    2.48464127E+0006    3.78921257E-0024     11.23000000
  0.17045455     -2.05487631     13.00390117    2.99686619E+0006    4.57038333E-0024     11.25000000
  0.17075758     -2.18180267     13.00390117    2.90196011E+0006    4.42564641E-0024     11.27000000
  0.17106061     -2.15104332     13.00390117    4.04018487E+0006    6.16150086E-0024     11.29000000
  0.17136364     -2.18180267     13.00390117    4.88193889E+0006    7.44522134E-0024     11.31000000
  0.17166667     -2.24610134     13.00390117    5.46064726E+0006    8.32778296E-0024     11.33000000
  0.17196970     -2.34999747     13.00390117    5.57568773E+0006    8.50322591E-0024     11.35000000
  0.17227273     -2.34999747     13.00390117    7.23184140E+0006    1.10289500E-0023     11.37000000
  0.17257576     -2.44107792     13.00390117    7.60534445E+0006    1.15985624E-0023     11.39000000
  0.17287879     -2.52025916     13.00390117    8.22030816E+0006    1.25364154E-0023     11.41000000
  0.17318182     -2.60644531     13.00390117    8.74283746E+0006    1.33333009E-0023     11.43000000
  0.17348485     -2.59597988     13.00390117    1.16163124E+0007    1.77155059E-0023     11.45000000
  0.17378788     -2.55647136     13.00390117    1.65016457E+0007    2.51659039E-0023     11.47000000
  0.17409091     -2.57577650     13.00390117    2.04725793E+0007    3.12217927E-0023     11.49000000
  0.17439394     -2.82128916     13.00390117    1.50872593E+0007    2.30088880E-0023     11.51000000
  0.17469697     -2.70071523     13.00390117    2.58306145E+0007    3.93930868E-0023     11.53000000
  0.17500000     -2.66292668     13.00390117    3.65488514E+0007    5.57389788E-0023     11.55000000
  0.17530303     -2.66292668     13.00390117    4.74050035E+0007    7.22951991E-0023     11.57000000
  0.17560606     -2.80425583     13.00390117    4.44063920E+0007    6.77221540E-0023     11.59000000
  0.17590909     -2.87680650     13.00390117    4.87354823E+0007    7.43242514E-0023     11.61000000
  0.17621212     -3.10528582     13.00390117    3.73522178E+0007    5.69641562E-0023     11.63000000
  0.17651515     -3.01510920     13.00390117    5.96270693E+0007    9.09345117E-0023     11.65000000
  0.17681818     -3.14004791     13.00390117    5.80036341E+0007    8.84586850E-0023     11.67000000
  0.17712121     -3.26498667     13.00390117    5.64243929E+0007    8.60502566E-0023     11.69000000
  0.17742424     -3.21922916     13.00390117    8.13157850E+0007    1.24010978E-0022     11.71000000
  0.17772727     -3.14004791     13.00390117    1.26562940E+0008    1.93015342E-0022     11.73000000
  0.17803030     -3.37413115     13.00390117    9.57577140E+0007    1.46035703E-0022     11.75000000
  0.17833333     -3.44107791     13.00390117    1.06457794E+0008    1.62353904E-0022     11.77000000
  0.17863636     -3.44107791     13.00390117    1.38079088E+0008    2.10578092E-0022     11.79000000
  0.17893939     -3.61716920     13.00390117    1.19395257E+0008    1.82084237E-0022     11.81000000
  0.17924242     -3.61716920     13.00390117    1.54859384E+0008    2.36168952E-0022     11.83000000
  0.17954545     -3.37413115     13.00390117    3.51500561E+0008    5.36057402E-0022     11.85000000
  0.17984848     -3.91819919     13.00390117    1.30259208E+0008    1.98652350E-0022     11.87000000
  0.18015152     -3.61716920     13.00390117    3.37900534E+0008    5.15316624E-0022     11.89000000
  0.18045455     -3.74210791     13.00390117    3.28700692E+0008    5.01286366E-0022     11.91000000
  0.18075758     -3.74210791     13.00390117    4.26335079E+0008    6.50184098E-0022     11.93000000
  0.18136364     -3.91819919     13.00390117    4.78146173E+0008    7.29198823E-0022     11.97000000
  0.18166667     -4.21922919     13.00390117    3.10085272E+0008    4.72896842E-0022     11.99000000
  0.18196970     -4.21922919     13.00390117    4.02190297E+0008    6.13361997E-0022     12.01000000
  0.18227273     -3.74210791     13.00390117    1.56496028E+0009    2.38664923E-0021     12.03000000
  0.18348485     -3.91819919     13.00390117    2.95266269E+0009    4.50297060E-0021     12.11000000
  0.18651515     -4.21922919     13.00390117    1.98924532E+0010    3.03370691E-0020     12.31000000
  0.18803030     -4.21922919     13.00390117    7.30197931E+0010    1.11359141E-0019     12.41000000
