  0.11409091     -4.21238737     17.98561151    8.19102954E-0016    1.24917639E-0045      7.53000000
  0.11439394     -4.21238737     17.98561151    1.17370655E-0015    1.78996609E-0045      7.55000000
  0.11500000     -4.21238737     17.98561151    2.40991432E-0015    3.67524992E-0045      7.59000000
  0.11530303     -4.21238737     17.98561151    3.45320721E-0015    5.26632811E-0045      7.61000000
  0.11560606     -4.21238737     17.98561151    4.94815933E-0015    7.54621110E-0045      7.63000000
  0.11590909     -4.21238737     17.98561151    7.09030165E-0015    1.08130942E-0044      7.65000000
  0.11621212     -3.73526612     17.98561151    3.04794414E-0014    4.64827997E-0044      7.67000000
  0.11651515     -3.73526612     17.98561151    4.36745099E-0014    6.66059942E-0044      7.69000000
  0.11681818     -3.91135738     17.98561151    4.17212986E-0014    6.36272411E-0044      7.71000000
  0.11712121     -3.17099469     17.98561151    3.28807370E-0013    5.01449057E-0043      7.73000000
  0.11742424     -3.25814486     17.98561151    3.85489368E-0013    5.87892175E-0043      7.75000000
  0.11772727     -3.17099469     17.98561151    6.75124109E-0013    1.02960085E-0042      7.77000000
  0.11803030     -2.95711487     17.98561151    1.58301297E-0012    2.41418056E-0042      7.79000000
  0.11833333     -2.74998939     17.98561151    3.65452544E-0012    5.57334932E-0042      7.81000000
  0.11863636     -2.69387347     17.98561151    5.95892534E-0012    9.08768404E-0042      7.83000000
  0.11893939     -2.68090848     17.98561151    8.79739256E-0012    1.34165003E-0041      7.85000000
  0.11924242     -2.40620740     17.98561151    2.37288171E-0011    3.61877319E-0041      7.87000000
  0.11954545     -2.28296846     17.98561151    4.51581418E-0011    6.88686132E-0041      7.89000000
  0.11984848     -2.12960203     17.98561151    9.21135532E-0011    1.40478160E-0040      7.91000000
  0.12015152     -2.11896570     17.98561151    1.35263586E-0010    2.06284298E-0040      7.93000000
  0.12045455     -1.96934935     17.98561151    2.73538392E-0010    4.17160870E-0040      7.95000000
  0.12075758     -1.87592767     17.98561151    4.86027680E-0010    7.41218549E-0040      7.97000000
  0.12106061     -1.79741402     17.98561151    8.34441105E-0010    1.27256790E-0039      7.99000000
  0.12136364     -1.69651356     17.98561151    1.50840230E-0009    2.30039524E-0039      8.01000000
  0.12166667     -1.61250430     17.98561151    2.62269313E-0009    3.99974914E-0039      8.03000000
  0.12196970     -1.54307051     17.98561151    4.40963159E-0009    6.72492712E-0039      8.05000000
  0.12227273     -1.42705755     17.98561151    8.25346488E-0009    1.25869812E-0038      8.07000000
  0.12257576     -1.30390236     17.98561151    1.57040813E-0008    2.39495749E-0038      8.09000000
  0.12287879     -1.22071837     17.98561151    2.72532036E-0008    4.15626123E-0038      8.11000000
  0.12318182     -1.16628258     17.98561151    4.42664187E-0008    6.75086872E-0038      8.13000000
  0.12348485     -1.10179768     17.98561151    7.35834806E-0008    1.12218795E-0037      8.15000000
  0.12378788     -1.02317789     17.98561151    1.26363354E-0007    1.92710962E-0037      8.17000000
  0.12409091     -0.96736851     17.98561151    2.05897731E-0007    3.14005197E-0037      8.19000000
  0.12439394     -0.88523288     17.98561151    3.56457892E-0007    5.43617601E-0037      8.21000000
  0.12469697     -0.81741067     17.98561151    5.97106055E-0007    9.10619089E-0037      8.23000000
  0.12500000     -0.76106158     17.98561151    9.74140516E-0007    1.48561707E-0036      8.25000000
  0.12530303     -0.70615302     17.98561151    1.58398550E-0006    2.41566371E-0036      8.27000000
  0.12560606     -0.66535148     17.98561151    2.49329566E-0006    3.80241099E-0036      8.29000000
  0.12590909     -0.61854772     17.98561151    3.97922573E-0006    6.06853485E-0036      8.31000000
  0.12621212     -0.56588565     17.98561151    6.43697297E-0006    9.81673257E-0036      8.33000000
  0.12651515     -0.51550702     17.98561151    1.03581297E-0005    1.57967090E-0035      8.35000000
  0.12681818     -0.47376536     17.98561151    1.63396986E-0005    2.49189258E-0035      8.37000000
  0.12712121     -0.42090726     17.98561151    2.64437584E-0005    4.03281644E-0035      8.39000000
  0.12742424     -0.38289065     17.98561151    4.13581235E-0005    6.30733794E-0035      8.41000000
  0.12772727     -0.33790557     17.98561151    6.57305010E-0005    1.00242576E-0034      8.43000000
  0.12803030     -0.30870064     17.98561151    1.00737904E-0004    1.53630762E-0034      8.45000000
  0.12833333     -0.26790473     17.98561151    1.58565921E-0004    2.41821622E-0034      8.47000000
  0.12863636     -0.23736937     17.98561151    2.43762142E-0004    3.71750474E-0034      8.49000000
  0.12893939     -0.19955016     17.98561151    3.81071530E-0004    5.81154733E-0034      8.51000000
  0.12924242     -0.17222033     17.98561151    5.81510238E-0004    8.86834623E-0034      8.53000000
  0.12954545     -0.14792939     17.98561151    8.81189572E-0004    1.34386185E-0033      8.55000000
  0.12984848     -0.12241166     17.98561151    1.33908490E-0003    2.04217703E-0033      8.57000000
  0.13015152     -0.09059783     17.98561151    2.06463355E-0003    3.14867804E-0033      8.59000000
  0.13045455     -0.07544498     17.98561151    3.06349284E-0003    4.67199259E-0033      8.61000000
  0.13075758     -0.05405506     17.98561151    4.61134719E-0003    7.03255433E-0033      8.63000000
  0.13106061     -0.04409619     17.98561151    6.76095012E-0003    1.03108153E-0032      8.65000000
  0.13136364     -0.02528988     17.98561151    1.01166117E-0002    1.54283810E-0032      8.67000000
  0.13166667     -0.01676444     17.98561151    1.47836460E-0002    2.25458613E-0032      8.69000000
  0.13196970      0.00606933     17.98561151    2.23273076E-0002    3.40503540E-0032      8.71000000
  0.13227273      0.01793377     17.98561151    3.28792448E-0002    5.01426300E-0032      8.73000000
  0.13257576      0.02851117     17.98561151    4.82747766E-0002    7.36216502E-0032      8.75000000
  0.13287879      0.03329797     17.98561151    6.99403992E-0002    1.06662899E-0031      8.77000000
  0.13318182      0.04126555     17.98561151    1.02074375E-0001    1.55668952E-0031      8.79000000
  0.13348485      0.05108298     17.98561151    1.49608130E-0001    2.28160504E-0031      8.81000000
  0.13378788      0.05665831     17.98561151    2.17145865E-0001    3.31159210E-0031      8.83000000
  0.13409091      0.05492515     17.98561151    3.09912744E-0001    4.72633728E-0031      8.85000000
  0.13439394      0.05894300     17.98561151    4.48206681E-0001    6.83539475E-0031      8.87000000
  0.13469697      0.05433806     17.98561151    6.35469075E-0001    9.69124773E-0031      8.89000000
  0.13500000      0.06496964     17.98561151    9.33140486E-0001    1.42308980E-0030      8.91000000
  0.13530303      0.05440859     17.98561151    1.30498952E+0000    1.99017972E-0030      8.93000000
  0.13560606      0.04433035     17.98561151    1.82704741E+0000    2.78634630E-0030      8.95000000
  0.13590909      0.04007730     17.98561151    2.59249426E+0000    3.95369422E-0030      8.97000000
  0.13621212      0.03888574     17.98561151    3.70465080E+0000    5.64979321E-0030      8.99000000
  0.13651515      0.02570894     17.98561151    5.14981369E+0000    7.85374492E-0030      9.01000000
  0.13681818      0.01915868     17.98561151    7.26879288E+0000    1.10853030E-0029      9.03000000
  0.13712121     -0.00059962     17.98561151    9.95233600E+0000    1.51778517E-0029      9.05000000
  0.13742424     -0.00902810     17.98561151    1.39867751E+0001    2.13305900E-0029      9.07000000
  0.13772727     -0.02934542     17.98561151    1.91258746E+0001    2.91679951E-0029      9.09000000
  0.13803030     -0.04028091     17.98561151    2.67243315E+0001    4.07560536E-0029      9.11000000
  0.13833333     -0.04821304     17.98561151    3.76006849E+0001    5.73430820E-0029      9.13000000
  0.13863636     -0.07200505     17.98561151    5.10064131E+0001    7.77875438E-0029      9.15000000
  0.13893939     -0.08205361     17.98561151    7.14162864E+0001    1.08913707E-0028      9.17000000
  0.13924242     -0.10831019     17.98561151    9.63300359E+0001    1.46908525E-0028      9.19000000
  0.13954545     -0.12766815     17.98561151    1.32015460E+0002    2.01330730E-0028      9.21000000
  0.13984848     -0.15029450     17.98561151    1.79564089E+0002    2.73844965E-0028      9.23000000
  0.14015152     -0.16421757     17.98561151    2.49182448E+0002    3.80016736E-0028      9.25000000
  0.14045455     -0.19095001     17.98561151    3.35742288E+0002    5.12025182E-0028      9.27000000
  0.14075758     -0.23034242     17.98561151    4.39374320E+0002    6.70069646E-0028      9.29000000
  0.14106061     -0.24427818     17.98561151    6.09705274E+0002    9.29833581E-0028      9.31000000
  0.14136364     -0.28189683     17.98561151    8.01165678E+0002    1.22182107E-0027      9.33000000
  0.14166667     -0.29772696     17.98561151    1.10691238E+0003    1.68810135E-0027      9.35000000
  0.14196970     -0.33340628     17.98561151    1.46101596E+0003    2.22812851E-0027      9.37000000
  0.14227273     -0.35529622     17.98561151    1.99060942E+0003    3.03578723E-0027      9.39000000
  0.14257576     -0.38186288     17.98561151    2.68312207E+0003    4.09190655E-0027      9.41000000
  0.14287879     -0.43171013     17.98561151    3.42779011E+0003    5.22756566E-0027      9.43000000
  0.14318182     -0.45287063     17.98561151    4.67815658E+0003    7.13444228E-0027      9.45000000
  0.14348485     -0.49705272     17.98561151    6.05499378E+0003    9.23419362E-0027      9.47000000
  0.14378788     -0.52943045     17.98561151    8.05298710E+0003    1.22812417E-0026      9.49000000
  0.14409091     -0.56667046     17.98561151    1.05910259E+0004    1.61518884E-0026      9.51000000
  0.14439394     -0.59601691     17.98561151    1.41844541E+0004    2.16320611E-0026      9.53000000
  0.14469697     -0.64359916     17.98561151    1.82159324E+0004    2.77802840E-0026      9.55000000
  0.14500000     -0.67193278     17.98561151    2.44533758E+0004    3.72927232E-0026      9.57000000
  0.14530303     -0.70955076     17.98561151    3.21323048E+0004    4.90035060E-0026      9.59000000
  0.14560606     -0.74939076     17.98561151    4.20071212E+0004    6.40631361E-0026      9.61000000
  0.14590909     -0.78263509     17.98561151    5.57570289E+0004    8.50324904E-0026      9.63000000
  0.14621212     -0.83745584     17.98561151    7.04206313E+0004    1.07395279E-0025      9.65000000
  0.14651515     -0.87095288     17.98561151    9.34165687E+0004    1.42465329E-0025      9.67000000
  0.14681818     -0.94101052     17.98561151    1.13916676E+0005    1.73729104E-0025      9.69000000
  0.14712121     -0.96662804     17.98561151    1.53883063E+0005    2.34680010E-0025      9.71000000
  0.14742424     -1.01538266     17.98561151    1.97086665E+0005    3.00567844E-0025      9.73000000
  0.14772727     -1.05644437     17.98561151    2.56931036E+0005    3.91833752E-0025      9.75000000
  0.14803030     -1.11721802     17.98561151    3.20083989E+0005    4.88145427E-0025      9.77000000
  0.14833333     -1.14980540     17.98561151    4.25498081E+0005    6.48907629E-0025      9.79000000
  0.14863636     -1.21631374     17.98561151    5.23130822E+0005    7.97802850E-0025      9.81000000
  0.14893939     -1.22071837     17.98561151    7.42038970E+0005    1.13164964E-0024      9.83000000
  0.14924242     -1.28655981     17.98561151    9.13705638E+0005    1.39345061E-0024      9.85000000
  0.14954545     -1.35868918     17.98561151    1.10891427E+0006    1.69115434E-0024      9.87000000
  0.14984848     -1.37669683     17.98561151    1.52444361E+0006    2.32485910E-0024      9.89000000
  0.15015152     -1.45651251     17.98561151    1.81767702E+0006    2.77205595E-0024      9.91000000
  0.15045455     -1.51866043     17.98561151    2.25730289E+0006    3.44250923E-0024      9.93000000
  0.15075758     -1.55628919     17.98561151    2.96607489E+0006    4.52342493E-0024      9.95000000
  0.15106061     -1.59225134     17.98561151    3.91237970E+0006    5.96659104E-0024      9.97000000
  0.15136364     -1.64772134     17.98561151    4.93391925E+0006    7.52449420E-0024      9.99000000
  0.15166667     -1.74404006     17.98561151    5.66362322E+0006    8.63733231E-0024     10.01000000
  0.15196970     -1.82678111     17.98561151    6.70771094E+0006    1.02296227E-0023     10.03000000
  0.15227273     -1.85636153     17.98561151    8.97873097E+0006    1.36930513E-0023     10.05000000
  0.15257576     -1.92235277     17.98561151    1.10520985E+0007    1.68550491E-0023     10.07000000
  0.15287879     -1.92013133     17.98561151    1.59179534E+0007    2.42757415E-0023     10.09000000
  0.15318182     -2.01648775     17.98561151    1.82705594E+0007    2.78635931E-0023     10.11000000
  0.15348485     -2.10517740     17.98561151    2.13443644E+0007    3.25513123E-0023     10.13000000
  0.15378788     -2.05101939     17.98561151    3.46467320E+0007    5.28381437E-0023     10.15000000
  0.15409091     -2.10858366     17.98561151    4.34829548E+0007    6.63138623E-0023     10.17000000
  0.15439394     -2.23466377     17.98561151    4.66079465E+0007    7.10796439E-0023     10.19000000
  0.15469697     -2.33157380     17.98561151    5.34282531E+0007    8.14809811E-0023     10.21000000
  0.15500000     -2.37987849     17.98561151    6.84994886E+0007    1.04465432E-0022     10.23000000
  0.15530303     -2.52219132     17.98561151    7.07286766E+0007    1.07865064E-0022     10.25000000
  0.15560606     -2.55917489     17.98561151    9.30749904E+0007    1.41944404E-0022     10.27000000
  0.15590909     -2.55917489     17.98561151    1.33368737E+0008    2.03394550E-0022     10.29000000
  0.15621212     -2.59960355     17.98561151    1.74119100E+0008    2.65541063E-0022     10.31000000
  0.15651515     -2.58913810     17.98561151    2.55583548E+0008    3.89778760E-0022     10.33000000
  0.15681818     -2.79741403     17.98561151    2.26713827E+0008    3.45750872E-0022     10.35000000
  0.15712121     -2.89016810     17.98561151    2.62388606E+0008    4.00156842E-0022     10.37000000
  0.15742424     -3.00826739     17.98561151    2.86461800E+0008    4.36869768E-0022     10.39000000
  0.15772727     -2.98193848     17.98561151    4.36130709E+0008    6.65122964E-0022     10.41000000
  0.15803030     -3.03629611     17.98561151    5.51416892E+0008    8.40940640E-0022     10.43000000
  0.15833333     -3.17099469     17.98561151    5.79432071E+0008    8.83665305E-0022     10.45000000
  0.15863636     -3.13320613     17.98561151    9.05757892E+0008    1.38132986E-0021     10.47000000
  0.15893939     -3.17099469     17.98561151    1.18971956E+0009    1.81438680E-0021     10.49000000
  0.15924242     -3.25814486     17.98561151    1.39481132E+0009    2.12716284E-0021     10.51000000
  0.15954545     -3.36728933     17.98561151    1.55450467E+0009    2.37070385E-0021     10.53000000
  0.15984848     -3.61032738     17.98561151    1.27284353E+0009    1.94115535E-0021     10.55000000
  0.16015152     -3.73526612     17.98561151    1.36790935E+0009    2.08613588E-0021     10.57000000
  0.16045455     -3.91135738     17.98561151    1.30673371E+0009    1.99283972E-0021     10.59000000
  0.16075758     -4.21238737     17.98561151    9.36220480E+0008    1.42778696E-0021     10.61000000
  0.16106061     -3.73526612     17.98561151    4.02457874E+0009    6.13770065E-0021     10.63000000
  0.16136364     -3.73526612     17.98561151    5.76688731E+0009    8.79481564E-0021     10.65000000
  0.16166667     -3.73526612     17.98561151    8.26347090E+0009    1.26022409E-0020     10.67000000
  0.16318182     -4.21238737     17.98561151    1.66397360E+0010    2.53764990E-0020     10.77000000
  0.16348485     -4.21238737     17.98561151    2.38433606E+0010    3.63624169E-0020     10.79000000
  0.16469697     -3.91135738     17.98561151    2.01039599E+0011    3.06596282E-0019     10.87000000
  0.16560606     -4.21238737     17.98561151    2.95743170E+0011    4.51024360E-0019     10.93000000
