  0.15106061     -3.91883836      4.50045005    3.82926910E-0010    5.83984287E-0040      9.97000000
  0.15196970     -3.91883836      4.50045005    5.01634184E-0010    7.65019313E-0040     10.03000000
  0.15287879     -3.61780837      4.50045005    1.31428139E-0009    2.00435033E-0039     10.09000000
  0.15318182     -3.44171714      4.50045005    2.15709863E-0009    3.28969229E-0039     10.11000000
  0.15439394     -3.91883836      4.50045005    1.03064814E-0009    1.57179426E-0039     10.19000000
  0.15469697     -3.91883836      4.50045005    1.12771884E-0009    1.71983234E-0039     10.21000000
  0.15500000     -3.91883836      4.50045005    1.23393206E-0009    1.88181325E-0039     10.23000000
  0.15530303     -3.31677837      4.50045005    5.40059552E-0009    8.23620081E-0039     10.25000000
  0.15590909     -3.61780837      4.50045005    3.23290156E-0009    4.93035006E-0039     10.29000000
  0.15621212     -3.44171714      4.50045005    5.30608406E-0009    8.09206572E-0039     10.31000000
  0.15651515     -3.44171714      4.50045005    5.80583299E-0009    8.85420991E-0039     10.33000000
  0.15681818     -3.21986837      4.50045005    1.05877511E-0008    1.61468941E-0038     10.35000000
  0.15712121     -3.21986837      4.50045005    1.15849492E-0008    1.76676753E-0038     10.37000000
  0.15742424     -3.21986837      4.50045005    1.26760676E-0008    1.93316900E-0038     10.39000000
  0.15772727     -2.87744570      4.50045005    3.05138937E-0008    4.65353413E-0038     10.41000000
  0.15803030     -3.44171714      4.50045005    9.10576841E-0009    1.38867902E-0038     10.43000000
  0.15833333     -3.01574838      4.50045005    2.65690344E-0008    4.05192172E-0038     10.45000000
  0.15863636     -3.01574838      4.50045005    2.90714159E-0008    4.43354845E-0038     10.47000000
  0.15893939     -3.01574838      4.50045005    3.18094820E-0008    4.85111836E-0038     10.49000000
  0.15924242     -2.91883837      4.50045005    4.35067875E-0008    6.63502084E-0038     10.51000000
  0.15954545     -2.64008478      4.50045005    9.04484262E-0008    1.37938751E-0037     10.53000000
  0.15984848     -2.77271034      4.50045005    7.29232257E-0008    1.11211871E-0037     10.55000000
  0.16015152     -2.96459585      4.50045005    5.12944972E-0008    7.82268877E-0038     10.57000000
  0.16045455     -3.07374034      4.50045005    4.36532618E-0008    6.65735897E-0038     10.59000000
  0.16075758     -2.61780837      4.50045005    1.36470592E-0007    2.08125047E-0037     10.61000000
  0.16106061     -2.57641570      4.50045005    1.64256347E-0007    2.50499830E-0037     10.63000000
  0.16136364     -2.42747668      4.50045005    2.53251247E-0007    3.86221875E-0037     10.65000000
  0.16166667     -2.64008478      4.50045005    1.69837622E-0007    2.59011577E-0037     10.67000000
  0.16196970     -2.59661906      4.50045005    2.05395080E-0007    3.13238627E-0037     10.69000000
  0.16227273     -2.50386502      4.50045005    2.78249564E-0007    4.24345662E-0037     10.71000000
  0.16257576     -2.36253585      4.50045005    4.21554828E-0007    6.42893956E-0037     10.73000000
  0.16287879     -2.32777377      4.50045005    4.99696796E-0007    7.62064691E-0037     10.75000000
  0.16318182     -2.26562586      4.50045005    6.30877280E-0007    9.62122037E-0037     10.77000000
  0.16348485     -2.26562586      4.50045005    6.90295909E-0007    1.05273867E-0036     10.79000000
  0.16378788     -2.23759715      4.50045005    8.05664855E-0007    1.22868256E-0036     10.81000000
  0.16409091     -2.24674050      4.50045005    8.63180223E-0007    1.31639661E-0036     10.83000000
  0.16439394     -2.17065035      4.50045005    1.12533558E-0006    1.71619773E-0036     10.85000000
  0.16469697     -2.11265839      4.50045005    1.40722784E-0006    2.14609871E-0036     10.87000000
  0.16500000     -2.05551554      4.50045005    1.75629589E-0006    2.67844640E-0036     10.89000000
  0.16530303     -2.00502451      4.50045005    2.15863455E-0006    3.29203466E-0036     10.91000000
  0.16560606     -1.96944837      4.50045005    2.56357292E-0006    3.90958762E-0036     10.93000000
  0.16590909     -1.89353250      4.50045005    3.34081144E-0006    5.09491847E-0036     10.95000000
  0.16621212     -1.78211780      4.50045005    4.72451322E-0006    7.20513867E-0036     10.97000000
  0.16651515     -1.79826445      4.50045005    4.98081985E-0006    7.59602017E-0036     10.99000000
  0.16681818     -1.78850461      4.50045005    5.57379627E-0006    8.50034134E-0036     11.01000000
  0.16712121     -1.79826445      4.50045005    5.96323136E-0006    9.09425095E-0036     11.03000000
  0.16742424     -1.73131766      4.50045005    7.61235198E-0006    1.16092493E-0035     11.05000000
  0.16772727     -1.63553716      4.50045005    1.03846000E-0005    1.58370777E-0035     11.07000000
  0.16803030     -1.63553716      4.50045005    1.13626645E-0005    1.73286791E-0035     11.09000000
  0.16833333     -1.62880377      4.50045005    1.26271106E-0005    1.92570279E-0035     11.11000000
  0.16863636     -1.58438464      4.50045005    1.53043023E-0005    2.33398903E-0035     11.13000000
  0.16893939     -1.54592639      4.50045005    1.82962547E-0005    2.79027798E-0035     11.15000000
  0.16924242     -1.55148244      4.50045005    1.97649879E-0005    3.01426775E-0035     11.17000000
  0.16954545     -1.47792929      4.50045005    2.56176992E-0005    3.90683795E-0035     11.19000000
  0.16984848     -1.37601294      4.50045005    3.54443391E-0005    5.40545378E-0035     11.21000000
  0.17015152     -1.40695502      4.50045005    3.61156311E-0005    5.50782944E-0035     11.23000000
  0.17045455     -1.38481228      4.50045005    4.15842010E-0005    6.34181599E-0035     11.25000000
  0.17075758     -1.33791340      4.50045005    5.06894592E-0005    7.73041720E-0035     11.27000000
  0.17106061     -1.32004786      4.50045005    5.77927837E-0005    8.81371268E-0035     11.29000000
  0.17136364     -1.28536993      4.50045005    6.84923315E-0005    1.04454517E-0034     11.31000000
  0.17166667     -1.25325739      4.50045005    8.06946804E-0005    1.23063760E-0034     11.33000000
  0.17196970     -1.20956840      4.50045005    9.76392206E-0005    1.48905102E-0034     11.35000000
  0.17227273     -1.17611322      4.50045005    1.15390458E-0004    1.75976701E-0034     11.37000000
  0.17257576     -1.16832998      4.50045005    1.28541556E-0004    1.96032838E-0034     11.39000000
  0.17287879     -1.13066999      4.50045005    1.53388908E-0004    2.33926396E-0034     11.41000000
  0.17318182     -1.10659366      4.50045005    1.77402893E-0004    2.70549025E-0034     11.43000000
  0.17348485     -1.08378229      4.50045005    2.04579674E-0004    3.11995088E-0034     11.45000000
  0.17378788     -1.05137087      4.50045005    2.41192785E-0004    3.67832066E-0034     11.47000000
  0.17409091     -1.01901786      4.50045005    2.84320211E-0004    4.33603729E-0034     11.49000000
  0.17439394     -0.99198168      4.50045005    3.31081055E-0004    5.04916549E-0034     11.51000000
  0.17469697     -0.94849150      4.50045005    4.00419222E-0004    6.10661011E-0034     11.53000000
  0.17500000     -0.94988869      4.50045005    4.36725088E-0004    6.66029424E-0034     11.55000000
  0.17530303     -0.91151743      4.50045005    5.21999168E-0004    7.96077017E-0034     11.57000000
  0.17560606     -0.89435270      4.50045005    5.94189477E-0004    9.06171150E-0034     11.59000000
  0.17590909     -0.87156353      4.50045005    6.85179785E-0004    1.04493630E-0033     11.61000000
  0.17621212     -0.82576708      4.50045005    8.33089005E-0004    1.27050588E-0033     11.63000000
  0.17651515     -0.83105697      4.50045005    9.00517026E-0004    1.37333726E-0033     11.65000000
  0.17681818     -0.79140959      4.50045005    1.07951756E-0003    1.64632278E-0033     11.67000000
  0.17712121     -0.76808194      4.50045005    1.24637226E-0003    1.90078523E-0033     11.69000000
  0.17742424     -0.75122570      4.50045005    1.41773294E-0003    2.16211956E-0033     11.71000000
  0.17772727     -0.75034087      4.50045005    1.55442463E-0003    2.37058179E-0033     11.73000000
  0.17803030     -0.71580547      4.50045005    1.84160074E-0003    2.80854092E-0033     11.75000000
  0.17833333     -0.70399452      4.50045005    2.07060303E-0003    3.15778182E-0033     11.77000000
  0.17863636     -0.67828912      4.50045005    2.40376861E-0003    3.66587738E-0033     11.79000000
  0.17893939     -0.66308358      4.50045005    2.72388403E-0003    4.15407074E-0033     11.81000000
  0.17924242     -0.62947242      4.50045005    3.22025444E-0003    4.91106252E-0033     11.83000000
  0.17954545     -0.59973231      4.50045005    3.77329455E-0003    5.75447865E-0033     11.85000000
  0.17984848     -0.59827672      4.50045005    4.14254003E-0003    6.31759802E-0033     11.87000000
  0.18015152     -0.59229768      4.50045005    4.59553587E-0003    7.00844121E-0033     11.89000000
  0.18045455     -0.56820275      4.50045005    5.31522320E-0003    8.10600339E-0033     11.91000000
  0.18075758     -0.53935154      4.50045005    6.21531473E-0003    9.47869175E-0033     11.93000000
  0.18106061     -0.53109270      4.50045005    6.93126308E-0003    1.05705518E-0032     11.95000000
  0.18136364     -0.52772678      4.50045005    7.64308547E-0003    1.16561195E-0032     11.97000000
  0.18166667     -0.50856741      4.50045005    8.74014203E-0003    1.33291902E-0032     11.99000000
  0.18196970     -0.48363128      4.50045005    1.01284978E-0002    1.54465080E-0032     12.01000000
  0.18227273     -0.45524398      4.50045005    1.18310353E-0002    1.80429700E-0032     12.03000000
  0.18257576     -0.46966866      4.50045005    1.25224263E-0002    1.90973787E-0032     12.05000000
  0.18287879     -0.45108234      4.50045005    1.43009609E-0002    2.18097403E-0032     12.07000000
  0.18318182     -0.42859889      4.50045005    1.64793118E-0002    2.51318435E-0032     12.09000000
  0.18348485     -0.41668447      4.50045005    1.85329226E-0002    2.82637113E-0032     12.11000000
  0.18378788     -0.41477548      4.50045005    2.03677620E-0002    3.10619408E-0032     12.13000000
  0.18409091     -0.40468923      4.50045005    2.28097210E-0002    3.47860605E-0032     12.15000000
  0.18439394     -0.38672125      4.50045005    2.60122768E-0002    3.96701317E-0032     12.17000000
  0.18469697     -0.37057184      4.50045005    2.95405237E-0002    4.50508994E-0032     12.19000000
  0.18500000     -0.36909966      4.50045005    3.24325266E-0002    4.94613604E-0032     12.21000000
  0.18530303     -0.35417232      4.50045005    3.67281058E-0002    5.60123516E-0032     12.23000000
  0.18560606     -0.34238184      4.50045005    4.12932845E-0002    6.29744965E-0032     12.25000000
  0.18590909     -0.33258874      4.50045005    4.62128696E-0002    7.04771303E-0032     12.27000000
  0.18621212     -0.32444584      4.50045005    5.15224201E-0002    7.85744825E-0032     12.29000000
  0.18651515     -0.31666982      4.50045005    5.73934967E-0002    8.75281925E-0032     12.31000000
  0.18681818     -0.31159786      4.50045005    6.35367581E-0002    9.68969990E-0032     12.33000000
  0.18712121     -0.28204969      4.50045005    7.44155403E-0002    1.13487731E-0031     12.35000000
  0.18742424     -0.29004090      4.50045005    7.99397607E-0002    1.21912467E-0031     12.37000000
  0.18772727     -0.28891935      4.50045005    8.76949933E-0002    1.33739617E-0031     12.39000000
  0.18803030     -0.27736427      4.50045005    9.85417566E-0002    1.50281518E-0031     12.41000000
  0.18833333     -0.26369996      4.50045005    1.11269213E-0001    1.69691579E-0031     12.43000000
  0.18863636     -0.27233662      4.50045005    1.19351745E-0001    1.82017878E-0031     12.45000000
  0.18893939     -0.26082700      4.50045005    1.34100007E-0001    2.04509778E-0031     12.47000000
  0.18924242     -0.26601208      4.50045005    1.44988692E-0001    2.21115611E-0031     12.49000000
  0.18954545     -0.26034998      4.50045005    1.60726187E-0001    2.45116145E-0031     12.51000000
  0.18984848     -0.25260129      4.50045005    1.79029976E-0001    2.73030415E-0031     12.53000000
  0.19015152     -0.24933556      4.50045005    1.97370340E-0001    3.01000463E-0031     12.55000000
  0.19045455     -0.24406907      4.50045005    2.18594282E-0001    3.33368125E-0031     12.57000000
  0.19075758     -0.24041104      4.50045005    2.41205514E-0001    3.67851480E-0031     12.59000000
  0.19106061     -0.24434465      4.50045005    2.61543568E-0001    3.98868113E-0031     12.61000000
  0.19136364     -0.23282809      4.50045005    2.93867132E-0001    4.48163300E-0031     12.63000000
  0.19166667     -0.24187058      4.50045005    3.14919054E-0001    4.80268621E-0031     12.65000000
  0.19196970     -0.22997381      4.50045005    3.54149080E-0001    5.40096537E-0031     12.67000000
  0.19227273     -0.23777815      4.50045005    3.80602986E-0001    5.80440177E-0031     12.69000000
  0.19257576     -0.23768762      4.50045005    4.16536567E-0001    6.35240835E-0031     12.71000000
  0.19287879     -0.23498116      4.50045005    4.58616843E-0001    6.99415536E-0031     12.73000000
  0.19318182     -0.23950137      4.50045005    4.96615430E-0001    7.57365441E-0031     12.75000000
  0.19348485     -0.24050214      4.50045005    5.42137994E-0001    8.26789817E-0031     12.77000000
  0.19378788     -0.23895645      4.50045005    5.95313806E-0001    9.07885813E-0031     12.79000000
  0.19409091     -0.24674050      4.50045005    6.39811904E-0001    9.75747822E-0031     12.81000000
  0.19439394     -0.24729528      4.50045005    6.99178309E-0001    1.06628481E-0030     12.83000000
  0.19469697     -0.24406907      4.50045005    7.70734095E-0001    1.17541126E-0030     12.85000000
  0.19500000     -0.24664813      4.50045005    8.38331770E-0001    1.27850138E-0030     12.87000000
  0.19530303     -0.24896389      4.50045005    9.12411129E-0001    1.39147641E-0030     12.89000000
  0.19560606     -0.24989363      4.50045005    9.96210809E-0001    1.51927546E-0030     12.91000000
  0.19590909     -0.25702570      4.50045005    1.07228342E+0000    1.63529032E-0030     12.93000000
  0.19621212     -0.26025467      4.50045005    1.16458456E+0000    1.77605456E-0030     12.95000000
  0.19651515     -0.26206961      4.50045005    1.26895581E+0000    1.93522637E-0030     12.97000000
  0.19681818     -0.27174893      4.50045005    1.35786813E+0000    2.07082248E-0030     12.99000000
  0.19712121     -0.27174893      4.50045005    1.48575776E+0000    2.26586109E-0030     13.01000000
  0.19742424     -0.28830881      4.50045005    1.56487100E+0000    2.38651307E-0030     13.03000000
  0.19772727     -0.29024513      4.50045005    1.70463984E+0000    2.59966812E-0030     13.05000000
  0.19803030     -0.29434999      4.50045005    1.84764354E+0000    2.81775651E-0030     13.07000000
  0.19833333     -0.29147250      4.50045005    2.03510157E+0000    3.10364017E-0030     13.09000000
  0.19863636     -0.30892397      4.50045005    2.13907018E+0000    3.26219793E-0030     13.11000000
  0.19893939     -0.32202144      4.50045005    2.27100439E+0000    3.46340475E-0030     13.13000000
  0.19924242     -0.31321015      4.50045005    2.53582734E+0000    3.86727410E-0030     13.15000000
  0.19954545     -0.32048567      4.50045005    2.72856667E+0000    4.16121202E-0030     13.17000000
  0.19984848     -0.32677270      4.50045005    2.94264553E+0000    4.48769389E-0030     13.19000000
  0.20015152     -0.34180640      4.50045005    3.11024542E+0000    4.74329279E-0030     13.21000000
  0.20045455     -0.34712956      4.50045005    3.36172293E+0000    5.12680964E-0030     13.23000000
  0.20075758     -0.35642653      4.50045005    3.60043815E+0000    5.49086328E-0030     13.25000000
  0.20106061     -0.36763242      4.50045005    3.83919239E+0000    5.85497643E-0030     13.27000000
  0.20136364     -0.38392428      4.50045005    4.04611696E+0000    6.17054761E-0030     13.29000000
  0.20166667     -0.38240621      4.50045005    4.44269920E+0000    6.77535702E-0030     13.31000000
  0.20196970     -0.39835483      4.50045005    4.68585351E+0000    7.14618052E-0030     13.33000000
  0.20227273     -0.40256748      4.50045005    5.07769332E+0000    7.74375746E-0030     13.35000000
  0.20257576     -0.42038998      4.50045005    5.33254316E+0000    8.13241728E-0030     13.37000000
  0.20287879     -0.43396933      4.50045005    5.65516713E+0000    8.62443631E-0030     13.39000000
  0.20318182     -0.44403956      4.50045005    6.04596492E+0000    9.22042411E-0030     13.41000000
  0.20348485     -0.46689851      4.50045005    6.27620450E+0000    9.57155195E-0030     13.43000000
  0.20378788     -0.46460349      4.50045005    6.90370975E+0000    1.05285315E-0029     13.45000000
  0.20409091     -0.48077092      4.50045005    7.27789020E+0000    1.10991769E-0029     13.47000000
  0.20439394     -0.49904780      4.50045005    7.63517564E+0000    1.16440566E-0029     13.49000000
  0.20469697     -0.50671398      4.50045005    8.20811181E+0000    1.25178153E-0029     13.51000000
  0.20500000     -0.53520251      4.50045005    8.41095192E+0000    1.28271574E-0029     13.53000000
  0.20530303     -0.54044047      4.50045005    9.09279919E+0000    1.38670115E-0029     13.55000000
  0.20560606     -0.55372493      4.50045005    9.64947216E+0000    1.47159679E-0029     13.57000000
  0.20590909     -0.56936658      4.50045005    1.01847957E+0001    1.55323653E-0029     13.59000000
  0.20621212     -0.55711053      4.50045005    1.14630128E+0001    1.74817157E-0029     13.61000000
  0.20651515     -0.57898960      4.50045005    1.19264206E+0001    1.81884376E-0029     13.63000000
  0.20681818     -0.59973231      4.50045005    1.24410726E+0001    1.89733099E-0029     13.65000000
  0.20712121     -0.62969554      4.50045005    1.27053025E+0001    1.93762748E-0029     13.67000000
  0.20742424     -0.63418208      4.50045005    1.37590637E+0001    2.09833177E-0029     13.69000000
  0.20772727     -0.66068019      4.50045005    1.41638454E+0001    2.16006318E-0029     13.71000000
  0.20803030     -0.66598535      4.50045005    1.53096912E+0001    2.33481087E-0029     13.73000000
  0.20833333     -0.68635051      4.50045005    1.59842288E+0001    2.43768151E-0029     13.75000000
  0.20863636     -0.69430531      4.50045005    1.71722537E+0001    2.61886174E-0029     13.77000000
  0.20893939     -0.73528383      4.50045005    1.70977589E+0001    2.60750088E-0029     13.79000000
  0.20924242     -0.73928657      4.50045005    1.85364629E+0001    2.82691103E-0029     13.81000000
  0.20954545     -0.74711193      4.50045005    1.99201187E+0001    3.03792604E-0029     13.83000000
  0.20984848     -0.75537881      4.50045005    2.13853048E+0001    3.26137486E-0029     13.85000000
  0.21015152     -0.78243494      4.50045005    2.19861778E+0001    3.35301124E-0029     13.87000000
  0.21045455     -0.80993526      4.50045005    2.25808262E+0001    3.44369835E-0029     13.89000000
  0.21075758     -0.81640466      4.50045005    2.43422568E+0001    3.71232607E-0029     13.91000000
  0.21106061     -0.85776304      4.50045005    2.42154682E+0001    3.69299012E-0029     13.93000000
  0.21136364     -0.88141186      4.50045005    2.50919527E+0001    3.82665875E-0029     13.95000000
  0.21166667     -0.87863174      4.50045005    2.76315341E+0001    4.21395868E-0029     13.97000000
  0.21196970     -0.91494720      4.50045005    2.78086528E+0001    4.24097024E-0029     13.99000000
  0.21227273     -0.93521207      4.50045005    2.90405932E+0001    4.42884783E-0029     14.01000000
  0.21257576     -0.96171019      4.50045005    2.98949466E+0001    4.55914134E-0029     14.03000000
  0.21287879     -0.96701535      4.50045005    3.23134282E+0001    4.92797289E-0029     14.05000000
  0.21318182     -0.98636462      4.50045005    3.38161507E+0001    5.15714623E-0029     14.07000000
  0.21348485     -0.97782413      4.50045005    3.77359316E+0001    5.75493405E-0029     14.09000000
  0.21378788     -1.02953666      4.50045005    3.66549778E+0001    5.59008274E-0029     14.11000000
  0.21409091     -1.06514015      4.50045005    3.69504632E+0001    5.63514586E-0029     14.13000000
  0.21439394     -1.06392535      4.50045005    4.05438598E+0001    6.18315832E-0029     14.15000000
  0.21469697     -1.08696859      4.50045005    4.20699765E+0001    6.41589938E-0029     14.17000000
  0.21500000     -1.13066999      4.50045005    4.16256742E+0001    6.34814088E-0029     14.19000000
  0.21530303     -1.13780145      4.50045005    4.48043555E+0001    6.83290699E-0029     14.21000000
  0.21560606     -1.13350853      4.50045005    4.95112132E+0001    7.55072829E-0029     14.23000000
  0.21590909     -1.18005781      4.50045005    4.86681341E+0001    7.42215417E-0029     14.25000000
  0.21621212     -1.22073784      4.50045005    4.84903233E+0001    7.39503706E-0029     14.27000000
  0.21651515     -1.21212060      4.50045005    5.41206165E+0001    8.25368728E-0029     14.29000000
  0.21681818     -1.25987353      4.50045005    5.30518114E+0001    8.09068871E-0029     14.31000000
  0.21712121     -1.29352591      4.50045005    5.37202773E+0001    8.19263338E-0029     14.33000000
  0.21742424     -1.31245701      4.50045005    5.62726749E+0001    8.58188784E-0029     14.35000000
  0.21772727     -1.29352591      4.50045005    6.43160065E+0001    9.80853950E-0029     14.37000000
  0.21803030     -1.38227995      4.50045005    5.73661163E+0001    8.74864358E-0029     14.39000000
  0.21833333     -1.40562076      4.50045005    5.94846681E+0001    9.07173421E-0029     14.41000000
  0.21863636     -1.40164248      4.50045005    6.56861390E+0001    1.00174921E-0028     14.43000000
  0.21893939     -1.45345555      4.50045005    6.37897772E+0001    9.72828668E-0029     14.45000000
  0.21924242     -1.42887988      4.50045005    7.38613370E+0001    1.12642541E-0028     14.47000000
  0.21954545     -1.48747461      4.50045005    7.06175825E+0001    1.07695640E-0028     14.49000000
  0.21984848     -1.54044048      4.50045005    6.83970522E+0001    1.04309211E-0028     14.51000000
  0.22015152     -1.54777050      4.50045005    7.35864381E+0001    1.12223306E-0028     14.53000000
  0.22045455     -1.55711053      4.50045005    7.88039818E+0001    1.20180342E-0028     14.55000000
  0.22075758     -1.54592639      4.50045005    8.84754378E+0001    1.34929837E-0028     14.57000000
  0.22106061     -1.63780503      4.50045005    7.83491868E+0001    1.19486755E-0028     14.59000000
  0.22136364     -1.64932542      4.50045005    8.34842424E+0001    1.27317993E-0028     14.61000000
  0.22166667     -1.61134234      4.50045005    9.96960628E+0001    1.52041898E-0028     14.63000000
  0.22196970     -1.68584228      4.50045005    9.18900475E+0001    1.40137302E-0028     14.65000000
  0.22227273     -1.68330994      4.50045005    1.01132613E+0002    1.54232714E-0028     14.67000000
  0.22257576     -1.73414695      4.50045005    9.84338855E+0001    1.50117009E-0028     14.69000000
  0.22287879     -1.71744125      4.50045005    1.11928516E+0002    1.70697052E-0028     14.71000000
  0.22318182     -1.76961925      4.50045005    1.08605834E+0002    1.65629782E-0028     14.73000000
  0.22348485     -1.78850461      4.50045005    1.13777978E+0002    1.73517582E-0028     14.75000000
  0.22378788     -1.86962035      4.50045005    1.03283959E+0002    1.57513634E-0028     14.77000000
  0.22409091     -1.88945461      4.50045005    1.07966502E+0002    1.64654766E-0028     14.79000000
  0.22439394     -1.92761231      4.50045005    1.08198626E+0002    1.65008768E-0028     14.81000000
  0.22469697     -1.96459586      4.50045005    1.08724796E+0002    1.65811206E-0028     14.83000000
  0.22500000     -1.98941947      4.50045005    1.12355779E+0002    1.71348651E-0028     14.85000000
  0.22530303     -1.96944837      4.50045005    1.28723228E+0002    1.96309897E-0028     14.87000000
  0.22560606     -2.12644668      4.50045005    9.81180753E+0001    1.49635382E-0028     14.89000000
  0.22590909     -2.09276357      4.50045005    1.16017244E+0002    1.76932583E-0028     14.91000000
  0.22621212     -2.06150586      4.50045005    1.36417683E+0002    2.08044359E-0028     14.93000000
  0.22651515     -2.03802479      4.50045005    1.57558613E+0002    2.40285422E-0028     14.95000000
  0.22681818     -2.06758001      4.50045005    1.61056161E+0002    2.45619373E-0028     14.97000000
  0.22712121     -2.23759715      4.50045005    1.19138085E+0002    1.81692035E-0028     14.99000000
  0.22742424     -2.26562586      4.50045005    1.22211569E+0002    1.86379264E-0028     15.01000000
  0.22772727     -2.24674050      4.50045005    1.39665161E+0002    2.12996939E-0028     15.03000000
  0.22803030     -2.25608054      4.50045005    1.49567925E+0002    2.28099190E-0028     15.05000000
  0.22833333     -2.31677838      4.50045005    1.42308565E+0002    2.17028272E-0028     15.07000000
  0.22863636     -2.37477032      4.50045005    1.36247803E+0002    2.07785283E-0028     15.09000000
  0.22893939     -2.59661906      4.50045005    8.94481124E+0001    1.36413218E-0028     15.11000000
  0.22924242     -2.45644037      4.50045005    1.35157542E+0002    2.06122576E-0028     15.13000000
  0.22954545     -2.42747668      4.50045005    1.58086355E+0002    2.41090258E-0028     15.15000000
  0.22984848     -2.42747668      4.50045005    1.72975581E+0002    2.63797134E-0028     15.17000000
  0.23015152     -2.53862715      4.50045005    1.46529390E+0002    2.23465260E-0028     15.19000000
  0.23045455     -2.77271034      4.50045005    9.35259145E+0001    1.42632087E-0028     15.21000000
  0.23075758     -2.59661906      4.50045005    1.53501864E+0002    2.34098661E-0028     15.23000000
  0.23106061     -2.61780837      4.50045005    1.59961237E+0002    2.43949554E-0028     15.25000000
  0.23136364     -2.53862715      4.50045005    2.10032447E+0002    3.20310862E-0028     15.27000000
  0.23166667     -2.80489501      4.50045005    1.24482683E+0002    1.89842836E-0028     15.29000000
  0.23196970     -2.68838945      4.50045005    1.78116812E+0002    2.71637791E-0028     15.31000000
  0.23227273     -2.68838945      4.50045005    1.94892590E+0002    2.97221760E-0028     15.33000000
  0.23257576     -2.77271034      4.50045005    1.75616311E+0002    2.67824390E-0028     15.35000000
  0.23287879     -2.64008478      4.50045005    2.60783926E+0002    3.97709617E-0028     15.37000000
  0.23318182     -2.83965714      4.50045005    1.80218292E+0002    2.74842661E-0028     15.39000000
  0.23348485     -2.83965714      4.50045005    1.97191996E+0002    3.00728479E-0028     15.41000000
  0.23378788     -2.96459585      4.50045005    1.61823278E+0002    2.46789267E-0028     15.43000000
  0.23409091     -3.01574838      4.50045005    1.57390630E+0002    2.40029240E-0028     15.45000000
  0.23439394     -2.87744570      4.50045005    2.36794695E+0002    3.61124741E-0028     15.47000000
  0.23469697     -2.83965714      4.50045005    2.82651264E+0002    4.31058494E-0028     15.49000000
  0.23500000     -3.01574838      4.50045005    2.06181698E+0002    3.14438262E-0028     15.51000000
  0.23530303     -2.80489501      4.50045005    3.66601205E+0002    5.59086702E-0028     15.53000000
  0.23560606     -2.96459585      4.50045005    2.77704852E+0002    4.23514947E-0028     15.55000000
  0.23590909     -3.44171714      4.50045005    1.01286739E+0002    1.54467766E-0028     15.57000000
  0.23621212     -3.21986837      4.50045005    1.84710581E+0002    2.81693644E-0028     15.59000000
  0.23651515     -3.07374034      4.50045005    2.82950337E+0002    4.31514596E-0028     15.61000000
  0.23681818     -3.44171714      4.50045005    1.32685611E+0002    2.02352746E-0028     15.63000000
  0.23712121     -3.07374034      4.50045005    3.38759155E+0002    5.16626067E-0028     15.65000000
  0.23742424     -3.61780837      4.50045005    1.05904258E+0002    1.61509731E-0028     15.67000000
  0.23772727     -3.44171714      4.50045005    1.73818127E+0002    2.65082062E-0028     15.69000000
  0.23803030     -3.31677837      4.50045005    2.53585397E+0002    3.86731471E-0028     15.71000000
  0.23833333     -3.44171714      4.50045005    2.08101826E+0002    3.17366560E-0028     15.73000000
  0.23863636     -3.61780837      4.50045005    1.51801153E+0002    2.31504984E-0028     15.75000000
  0.23893939     -3.61780837      4.50045005    1.66098413E+0002    2.53309080E-0028     15.77000000
  0.23924242     -3.91883836      4.50045005    9.08711238E+0001    1.38583388E-0028     15.79000000
  0.23954545     -3.91883836      4.50045005    9.94297417E+0001    1.51635744E-0028     15.81000000
  0.23984848     -3.61780837      4.50045005    2.17588891E+0002    3.31834850E-0028     15.83000000
  0.24015152     -3.44171714      4.50045005    3.57123447E+0002    5.44632608E-0028     15.85000000
  0.24045455     -3.44171714      4.50045005    3.90758809E+0002    5.95928357E-0028     15.87000000
  0.24075758     -3.91883836      4.50045005    1.42520705E+0002    2.17351797E-0028     15.89000000
  0.24106061     -3.91883836      4.50045005    1.55943894E+0002    2.37822888E-0028     15.91000000
  0.24166667     -3.91883836      4.50045005    1.86702098E+0002    2.84730816E-0028     15.95000000
  0.24196970     -3.31677837      4.50045005    8.17145892E+0002    1.24619176E-0027     15.97000000
  0.24257576     -3.44171714      4.50045005    7.33739102E+0002    1.11899189E-0027     16.01000000
  0.24318182     -3.91883836      4.50045005    2.92820353E+0002    4.46566906E-0028     16.05000000
  0.24348485     -3.91883836      4.50045005    3.20399384E+0002    4.88626422E-0028     16.07000000
  0.24378788     -3.44171714      4.50045005    1.05172770E+0003    1.60394174E-0027     16.09000000
  0.24469697     -3.91883836      4.50045005    4.59254396E+0002    7.00387840E-0028     16.15000000
  0.24500000     -3.91883836      4.50045005    5.02508873E+0002    7.66353261E-0028     16.17000000
  0.24590909     -3.91883836      4.50045005    6.58286535E+0002    1.00392264E-0027     16.23000000
  0.24954545     -3.91883836      4.50045005    1.93865228E+0003    2.95654978E-0027     16.47000000
  0.25166667     -3.91883836      4.50045005    3.64026339E+0003    5.55159892E-0027     16.61000000
