  0.16287879     -3.90308997      1.49992500    7.17780283E-0007    1.09465383E-0036     10.75000000
  0.16348485     -3.90308997      1.49992500    7.62163050E-0007    1.16233995E-0036     10.79000000
  0.16530303     -3.90308997      1.49992500    9.12466625E-0007    1.39156105E-0036     10.91000000
  0.16621212     -3.90308997      1.49992500    9.98393024E-0007    1.52260346E-0036     10.97000000
  0.16712121     -3.60205997      1.49992500    2.18482211E-0006    3.33197211E-0036     11.03000000
  0.16742424     -3.90308997      1.49992500    1.12567824E-0006    1.71672031E-0036     11.05000000
  0.16772727     -3.60205997      1.49992500    2.31991701E-0006    3.53799914E-0036     11.07000000
  0.16803030     -3.60205997      1.49992500    2.39056541E-0006    3.64574179E-0036     11.09000000
  0.16833333     -3.90308997      1.49992500    1.23168264E-0006    1.87838276E-0036     11.11000000
  0.16863636     -3.60205997      1.49992500    2.53838211E-0006    3.87117026E-0036     11.13000000
  0.16893939     -3.42596873      1.49992500    3.92352499E-0006    5.98358821E-0036     11.15000000
  0.16924242     -3.90308997      1.49992500    1.34766940E-0006    2.05526886E-0036     11.17000000
  0.16954545     -3.90308997      1.49992500    1.38870996E-0006    2.11785794E-0036     11.19000000
  0.16984848     -3.90308997      1.49992500    1.43100033E-0006    2.18235305E-0036     11.21000000
  0.17015152     -3.30102998      1.49992500    5.89831427E-0006    8.99524887E-0036     11.23000000
  0.17045455     -3.30102998      1.49992500    6.07793557E-0006    9.26918108E-0036     11.25000000
  0.17075758     -3.20411999      1.49992500    7.82878304E-0006    1.19393183E-0035     11.27000000
  0.17106061     -3.20411999      1.49992500    8.06719287E-0006    1.23029063E-0035     11.29000000
  0.17136364     -3.60205997      1.49992500    3.32514543E-0006    5.07102697E-0036     11.31000000
  0.17166667     -3.20411999      1.49992500    8.56601453E-0006    1.30636363E-0035     11.33000000
  0.17196970     -3.30102998      1.49992500    7.06150071E-0006    1.07691712E-0035     11.35000000
  0.17227273     -3.20411999      1.49992500    9.09568000E-0006    1.38714049E-0035     11.37000000
  0.17257576     -3.20411999      1.49992500    9.37267063E-0006    1.42938306E-0035     11.39000000
  0.17287879     -3.12493873      1.49992500    1.15897161E-0005    1.76749451E-0035     11.41000000
  0.17318182     -3.20411999      1.49992500    9.95221436E-0006    1.51776662E-0035     11.43000000
  0.17348485     -3.30102998      1.49992500    8.20423180E-0006    1.25118981E-0035     11.45000000
  0.17378788     -2.90309000      1.49992500    2.11351865E-0005    3.22323046E-0035     11.47000000
  0.17409091     -3.05799193      1.49992500    1.52451720E-0005    2.32497134E-0035     11.49000000
  0.17439394     -3.05799193      1.49992500    1.57094331E-0005    2.39577367E-0035     11.51000000
  0.17469697     -2.94884750      1.49992500    2.08129257E-0005    3.17408394E-0035     11.53000000
  0.17500000     -2.94884750      1.49992500    2.14467414E-0005    3.27074428E-0035     11.55000000
  0.17530303     -2.99999998      1.49992500    1.96443207E-0005    2.99586536E-0035     11.57000000
  0.17560606     -2.94884750      1.49992500    2.27728656E-0005    3.47298540E-0035     11.59000000
  0.17590909     -2.62433640      1.49992500    4.95401094E-0005    7.55513513E-0035     11.61000000
  0.17621212     -2.60206000      1.49992500    5.37355308E-0005    8.19495963E-0035     11.63000000
  0.17651515     -2.58087070      1.49992500    5.81405358E-0005    8.86674675E-0035     11.65000000
  0.17681818     -2.72699874      1.49992500    4.27936345E-0005    6.52626115E-0035     11.67000000
  0.17712121     -2.45593194      1.49992500    8.23140843E-0005    1.25533439E-0034     11.69000000
  0.17742424     -2.50514997      1.49992500    7.57328508E-0005    1.15496701E-0034     11.71000000
  0.17772727     -2.30103001      1.49992500    1.24862623E-0004    1.90422266E-0034     11.73000000
  0.17803030     -2.42596874      1.49992500    9.64987974E-0005    1.47165895E-0034     11.75000000
  0.17833333     -2.38457605      1.49992500    1.09381223E-0004    1.66812293E-0034     11.77000000
  0.17863636     -2.34678750      1.49992500    1.22958768E-0004    1.87518784E-0034     11.79000000
  0.17893939     -2.26962152      1.49992500    1.51339981E-0004    2.30801672E-0034     11.81000000
  0.17924242     -2.25963731      1.49992500    1.59575444E-0004    2.43361199E-0034     11.83000000
  0.17954545     -2.27984070      1.49992500    1.56960674E-0004    2.39373533E-0034     11.85000000
  0.17984848     -2.11776015      1.49992500    2.34908966E-0004    3.58248903E-0034     11.87000000
  0.18015152     -2.12493875      1.49992500    2.38094398E-0004    3.63106859E-0034     11.89000000
  0.18045455     -2.07058105      1.49992500    2.78057784E-0004    4.24053187E-0034     11.91000000
  0.18075758     -2.00546288      1.49992500    3.32875180E-0004    5.07652687E-0034     11.93000000
  0.18106061     -2.00000001      1.49992500    3.47354127E-0004    5.29733866E-0034     11.95000000
  0.18136364     -1.97881071      1.49992500    3.75828707E-0004    5.73159143E-0034     11.97000000
  0.18166667     -1.90745479      1.49992500    4.56429856E-0004    6.96080263E-0034     11.99000000
  0.18196970     -1.88605664      1.49992500    4.94083538E-0004    7.53504167E-0034     12.01000000
  0.18227273     -1.89876860      1.49992500    4.94443427E-0004    7.54053018E-0034     12.03000000
  0.18257576     -1.78251606      1.49992500    6.65882085E-0004    1.01550626E-0033     12.05000000
  0.18287879     -1.79250030      1.49992500    6.70565603E-0004    1.02264888E-0033     12.07000000
  0.18318182     -1.74472751      1.49992500    7.71333584E-0004    1.17632551E-0033     12.09000000
  0.18348485     -1.69897001      1.49992500    8.83136681E-0004    1.34683129E-0033     12.11000000
  0.18378788     -1.70169288      1.49992500    9.04343128E-0004    1.37917227E-0033     12.13000000
  0.18409091     -1.70443288      1.49992500    9.26022254E-0004    1.41223412E-0033     12.15000000
  0.18439394     -1.65511672      1.49992500    1.06897062E-0003    1.63023812E-0033     12.17000000
  0.18469697     -1.59559396      1.49992500    1.26332971E-0003    1.92664626E-0033     12.19000000
  0.18500000     -1.56264588      1.49992500    1.40440696E-0003    2.14179672E-0033     12.21000000
  0.18530303     -1.58087071      1.49992500    1.38770237E-0003    2.11632131E-0033     12.23000000
  0.18560606     -1.58087071      1.49992500    1.42996205E-0003    2.18076962E-0033     12.25000000
  0.18590909     -1.51748371      1.49992500    1.70506009E-0003    2.60030903E-0033     12.27000000
  0.18621212     -1.45904520      1.49992500    2.01004782E-0003    3.06543184E-0033     12.29000000
  0.18651515     -1.43474266      1.49992500    2.19046900E-0003    3.34058392E-0033     12.31000000
  0.18681818     -1.38987238      1.49992500    2.50285431E-0003    3.81698845E-0033     12.33000000
  0.18712121     -1.36276051      1.49992500    2.74521034E-0003    4.18659452E-0033     12.35000000
  0.18742424     -1.31537903      1.49992500    3.15489776E-0003    4.81139003E-0033     12.37000000
  0.18772727     -1.35408672      1.49992500    2.97375906E-0003    4.53514370E-0033     12.39000000
  0.18803030     -1.31202540      1.49992500    3.37594442E-0003    5.14849817E-0033     12.41000000
  0.18833333     -1.23750900      1.49992500    4.12990318E-0003    6.29832613E-0033     12.43000000
  0.18863636     -1.25278247      1.49992500    4.10860682E-0003    6.26584803E-0033     12.45000000
  0.18893939     -1.22184876      1.49992500    4.54628307E-0003    6.93332803E-0033     12.47000000
  0.18924242     -1.21024307      1.49992500    4.81160922E-0003    7.33796479E-0033     12.49000000
  0.18954545     -1.17311570      1.49992500    5.40064832E-0003    8.23628133E-0033     12.51000000
  0.18984848     -1.17150124      1.49992500    5.58584062E-0003    8.51870962E-0033     12.53000000
  0.19015152     -1.15723481      1.49992500    5.94816707E-0003    9.07127710E-0033     12.55000000
  0.19045455     -1.10443934      1.49992500    6.92160501E-0003    1.05558227E-0032     12.57000000
  0.19075758     -1.09691002      1.49992500    7.25712006E-0003    1.10675013E-0032     12.59000000
  0.19106061     -1.05122037      1.49992500    8.30772559E-0003    1.26697317E-0032     12.61000000
  0.19136364     -1.02571864      1.49992500    9.07845741E-0003    1.38451395E-0032     12.63000000
  0.19166667     -1.01942856      1.49992500    9.49140095E-0003    1.44749008E-0032     12.65000000
  0.19196970     -1.01772876      1.49992500    9.81879742E-0003    1.49741981E-0032     12.67000000
  0.19227273     -0.99406914      1.49992500    1.06843008E-0002    1.62941377E-0032     12.69000000
  0.19257576     -0.95175247      1.49992500    1.21364301E-0002    1.85087135E-0032     12.71000000
  0.19287879     -0.94836518      1.49992500    1.26039429E-0002    1.92216959E-0032     12.73000000
  0.19318182     -0.89662395      1.49992500    1.46310618E-0002    2.23131620E-0032     12.75000000
  0.19348485     -0.87574036      1.49992500    1.58193131E-0002    2.41253097E-0032     12.77000000
  0.19378788     -0.88355830      1.49992500    1.60102407E-0002    2.44164846E-0032     12.79000000
  0.19409091     -0.87249028      1.49992500    1.69236510E-0002    2.58094848E-0032     12.81000000
  0.19439394     -0.85155158      1.49992500    1.83004154E-0002    2.79091252E-0032     12.83000000
  0.19469697     -0.81637434      1.49992500    2.04487315E-0002    3.11854235E-0032     12.85000000
  0.19500000     -0.79860289      1.49992500    2.19515910E-0002    3.34773658E-0032     12.87000000
  0.19530303     -0.78681439      1.49992500    2.32424920E-0002    3.54460598E-0032     12.89000000
  0.19560606     -0.75510466      1.49992500    2.57644336E-0002    3.92921573E-0032     12.91000000
  0.19590909     -0.75758281      1.49992500    2.63979759E-0002    4.02583436E-0032     12.93000000
  0.19621212     -0.75882720      1.49992500    2.71240433E-0002    4.13656358E-0032     12.95000000
  0.19651515     -0.71726462      1.49992500    3.07570864E-0002    4.69062234E-0032     12.97000000
  0.19681818     -0.72353821      1.49992500    3.12391915E-0002    4.76414598E-0032     12.99000000
  0.19712121     -0.72440076      1.49992500    3.21266477E-0002    4.89948787E-0032     13.01000000
  0.19742424     -0.69116892      1.49992500    3.57376048E-0002    5.45017838E-0032     13.03000000
  0.19772727     -0.68298191      1.49992500    3.75267223E-0002    5.72302849E-0032     13.05000000
  0.19803030     -0.64685345      1.49992500    4.20239891E-0002    6.40888605E-0032     13.07000000
  0.19833333     -0.66030019      1.49992500    4.19835074E-0002    6.40271238E-0032     13.09000000
  0.19863636     -0.66079709      1.49992500    4.32125607E-0002    6.59014967E-0032     13.11000000
  0.19893939     -0.62342303      1.49992500    4.85302178E-0002    7.40112118E-0032     13.13000000
  0.19924242     -0.61327815      1.49992500    5.11900211E-0002    7.80675560E-0032     13.15000000
  0.19954545     -0.59816885      1.49992500    5.46163647E-0002    8.32929157E-0032     13.17000000
  0.19984848     -0.58087071      1.49992500    5.85664784E-0002    8.93170530E-0032     13.19000000
  0.20015152     -0.57634461      1.49992500    6.09822429E-0002    9.30012249E-0032     13.21000000
  0.20045455     -0.56623018      1.49992500    6.43199960E-0002    9.80914792E-0032     13.23000000
  0.20075758     -0.55673701      1.49992500    6.77434584E-0002    1.03312445E-0031     13.25000000
  0.20106061     -0.53966605      1.49992500    7.26049956E-0002    1.10726552E-0031     13.27000000
  0.20136364     -0.53220697      1.49992500    7.61121102E-0002    1.16075092E-0031     13.29000000
  0.20166667     -0.50480267      1.49992500    8.35384197E-0002    1.27400617E-0031     13.31000000
  0.20196970     -0.51837825      1.49992500    8.34331904E-0002    1.27240136E-0031     13.33000000
  0.20227273     -0.48462296      1.49992500    9.29228089E-0002    1.41712319E-0031     13.35000000
  0.20257576     -0.49214413      1.49992500    9.41086053E-0002    1.43520723E-0031     13.37000000
  0.20287879     -0.46852108      1.49992500    1.02395430E-0001    1.56158579E-0031     13.39000000
  0.20318182     -0.47592858      1.49992500    1.03729254E-0001    1.58192734E-0031     13.41000000
  0.20348485     -0.46170910      1.49992500    1.10445727E-0001    1.68435719E-0031     13.43000000
  0.20378788     -0.47140466      1.49992500    1.11296509E-0001    1.69733208E-0031     13.45000000
  0.20409091     -0.43964495      1.49992500    1.23387010E-0001    1.88171876E-0031     13.47000000
  0.20439394     -0.43400470      1.49992500    1.28806527E-0001    1.96436933E-0031     13.49000000
  0.20469697     -0.44354672      1.49992500    1.29844641E-0001    1.98020113E-0031     13.51000000
  0.20500000     -0.42872802      1.49992500    1.38442972E-0001    2.11133035E-0031     13.53000000
  0.20530303     -0.43312078      1.49992500    1.41223294E-0001    2.15373175E-0031     13.55000000
  0.20560606     -0.40367786      1.49992500    1.55731848E-0001    2.37499507E-0031     13.57000000
  0.20590909     -0.40991088      1.49992500    1.58187661E-0001    2.41244755E-0031     13.59000000
  0.20621212     -0.38734856      1.49992500    1.71697156E-0001    2.61847467E-0031     13.61000000
  0.20651515     -0.39429102      1.49992500    1.74120068E-0001    2.65542538E-0031     13.63000000
  0.20681818     -0.40134626      1.49992500    1.76531320E-0001    2.69219829E-0031     13.65000000
  0.20712121     -0.37830453      1.49992500    1.91819027E-0001    2.92534411E-0031     13.67000000
  0.20742424     -0.37830453      1.49992500    1.97660490E-0001    3.01442958E-0031     13.69000000
  0.20772727     -0.37237814      1.49992500    2.06478311E-0001    3.14890613E-0031     13.71000000
  0.20803030     -0.37636313      1.49992500    2.10822828E-0001    3.21516236E-0031     13.73000000
  0.20833333     -0.37752692      1.49992500    2.16661642E-0001    3.30420745E-0031     13.75000000
  0.20863636     -0.36263538      1.49992500    2.31047754E-0001    3.52360345E-0031     13.77000000
  0.20893939     -0.34690814      1.49992500    2.46863664E-0001    3.76480464E-0031     13.79000000
  0.20924242     -0.35790661      1.49992500    2.48020104E-0001    3.78244098E-0031     13.81000000
  0.20954545     -0.35151800      1.49992500    2.59360407E-0001    3.95538675E-0031     13.83000000
  0.20984848     -0.34666686      1.49992500    2.70260768E-0001    4.12162315E-0031     13.85000000
  0.21015152     -0.35103045      1.49992500    2.75706878E-0001    4.20467928E-0031     13.87000000
  0.21045455     -0.34354242      1.49992500    2.89043900E-0001    4.40807610E-0031     13.89000000
  0.21075758     -0.34739109      1.49992500    2.95218333E-0001    4.50223954E-0031     13.91000000
  0.21106061     -0.34811653      1.49992500    3.03700890E-0001    4.63160314E-0031     13.93000000
  0.21136364     -0.33960889      1.49992500    3.19140475E-0001    4.86706517E-0031     13.95000000
  0.21166667     -0.34115421      1.49992500    3.27691176E-0001    4.99746799E-0031     13.97000000
  0.21196970     -0.34981394      1.49992500    3.31003975E-0001    5.04798998E-0031     13.99000000
  0.21227273     -0.34390179      1.49992500    3.45759035E-0001    5.27301265E-0031     14.01000000
  0.21257576     -0.32273532      1.49992500    3.74083189E-0001    5.70497134E-0031     14.03000000
  0.21287879     -0.33984629      1.49992500    3.70582927E-0001    5.65159044E-0031     14.05000000
  0.21318182     -0.33149759      1.49992500    3.89280172E-0001    5.93673356E-0031     14.07000000
  0.21348485     -0.34450141      1.49992500    3.89302014E-0001    5.93706666E-0031     14.09000000
  0.21378788     -0.33759635      1.49992500    4.07586594E-0001    6.21591641E-0031     14.11000000
  0.21409091     -0.34486157      1.49992500    4.13031194E-0001    6.29894952E-0031     14.13000000
  0.21439394     -0.35017853      1.49992500    4.20430365E-0001    6.41179089E-0031     14.15000000
  0.21469697     -0.33759635      1.49992500    4.45968762E-0001    6.80126528E-0031     14.17000000
  0.21500000     -0.33618134      1.49992500    4.61049579E-0001    7.03125591E-0031     14.19000000
  0.21530303     -0.35580768      1.49992500    4.54097888E-0001    6.92523885E-0031     14.21000000
  0.21560606     -0.33477090      1.49992500    4.91150325E-0001    7.49030860E-0031     14.23000000
  0.21590909     -0.34510183      1.49992500    4.94210189E-0001    7.53697318E-0031     14.25000000
  0.21621212     -0.35127417      1.49992500    5.02073776E-0001    7.65689714E-0031     14.27000000
  0.21651515     -0.36251029      1.49992500    5.04149807E-0001    7.68855773E-0031     14.29000000
  0.21681818     -0.36213519      1.49992500    5.19951557E-0001    7.92954299E-0031     14.31000000
  0.21712121     -0.36076260      1.49992500    5.37481672E-0001    8.19688674E-0031     14.33000000
  0.21742424     -0.36063804      1.49992500    5.54008462E-0001    8.44892924E-0031     14.35000000
  0.21772727     -0.37353132      1.49992500    5.54180585E-0001    8.45155422E-0031     14.37000000
  0.21803030     -0.38051534      1.49992500    5.61947137E-0001    8.56999833E-0031     14.39000000
  0.21833333     -0.37571790      1.49992500    5.85492165E-0001    8.92907278E-0031     14.41000000
  0.21863636     -0.37610492      1.49992500    6.02784747E-0001    9.19279402E-0031     14.43000000
  0.21893939     -0.39040559      1.49992500    6.01021169E-0001    9.16589851E-0031     14.45000000
  0.21924242     -0.37378800      1.49992500    6.43480714E-0001    9.81342957E-0031     14.47000000
  0.21954545     -0.37843429      1.49992500    6.56020530E-0001    1.00046686E-0030     14.49000000
  0.21984848     -0.40052632      1.49992500    6.42471082E-0001    9.79803214E-0031     14.51000000
  0.22015152     -0.40823997      1.49992500    6.50381413E-0001    9.91866897E-0031     14.53000000
  0.22045455     -0.40093610      1.49992500    6.81553844E-0001    1.03940654E-0030     14.55000000
  0.22075758     -0.40422829      1.49992500    6.97005429E-0001    1.06297105E-0030     14.57000000
  0.22106061     -0.41595162      1.49992500    6.99102757E-0001    1.06616959E-0030     14.59000000
  0.22136364     -0.41921754      1.49992500    7.14995447E-0001    1.09040680E-0030     14.61000000
  0.22166667     -0.42481217      1.49992500    7.27338928E-0001    1.10923128E-0030     14.63000000
  0.22196970     -0.43830248      1.49992500    7.26565381E-0001    1.10805158E-0030     14.65000000
  0.22227273     -0.44129144      1.49992500    7.43556415E-0001    1.13396382E-0030     14.67000000
  0.22257576     -0.44870254      1.49992500    7.53235904E-0001    1.14872557E-0030     14.69000000
  0.22287879     -0.46108083      1.49992500    7.54363905E-0001    1.15044583E-0030     14.71000000
  0.22318182     -0.46218091      1.49992500    7.75370030E-0001    1.18248131E-0030     14.73000000
  0.22348485     -0.46438945      1.49992500    7.94929573E-0001    1.21231067E-0030     14.75000000
  0.22378788     -0.47301495      1.49992500    8.03029200E-0001    1.22466304E-0030     14.77000000
  0.22409091     -0.48066431      1.49992500    8.13036705E-0001    1.23992503E-0030     14.79000000
  0.22439394     -0.48828371      1.49992500    8.23225734E-0001    1.25546385E-0030     14.81000000
  0.22469697     -0.49689055      1.49992500    8.31649413E-0001    1.26831042E-0030     14.83000000
  0.22500000     -0.50410891      1.49992500    8.42849633E-0001    1.28539136E-0030     14.85000000
  0.22530303     -0.50445567      1.49992500    8.67823741E-0001    1.32347823E-0030     14.87000000
  0.22560606     -0.53629362      1.49992500    8.31039678E-0001    1.26738054E-0030     14.89000000
  0.22590909     -0.51963369      1.49992500    8.89835793E-0001    1.35704780E-0030     14.91000000
  0.22621212     -0.51981333      1.49992500    9.16554768E-0001    1.39779569E-0030     14.93000000
  0.22651515     -0.54230728      1.49992500    8.96793905E-0001    1.36765930E-0030     14.95000000
  0.22681818     -0.54268594      1.49992500    9.23298602E-0001    1.40808040E-0030     14.97000000
  0.22712121     -0.57206784      1.49992500    8.89177486E-0001    1.35604385E-0030     14.99000000
  0.22742424     -0.59709410      1.49992500    8.64948751E-0001    1.31909371E-0030     15.01000000
  0.22772727     -0.60032630      1.49992500    8.84680311E-0001    1.34918541E-0030     15.03000000
  0.22803030     -0.58607188      1.49992500    9.42039189E-0001    1.43666081E-0030     15.05000000
  0.22833333     -0.60358268      1.49992500    9.32365827E-0001    1.42190841E-0030     15.07000000
  0.22863636     -0.62251162      1.49992500    9.19783456E-0001    1.40271961E-0030     15.09000000
  0.22893939     -0.64685345      1.49992500    8.96131918E-0001    1.36664973E-0030     15.11000000
  0.22924242     -0.62962572      1.49992500    9.60788636E-0001    1.46525473E-0030     15.13000000
  0.22954545     -0.64301859      1.49992500    9.59982187E-0001    1.46402485E-0030     15.15000000
  0.22984848     -0.65906041      1.49992500    9.53343771E-0001    1.45390091E-0030     15.17000000
  0.23015152     -0.66229120      1.49992500    9.75094991E-0001    1.48707270E-0030     15.19000000
  0.23045455     -0.65831823      1.49992500    1.01402363E+0000    1.54644099E-0030     15.21000000
  0.23075758     -0.69518647      1.49992500    9.59860294E-0001    1.46383896E-0030     15.23000000
  0.23106061     -0.71669877      1.49992500    9.41291005E-0001    1.43551979E-0030     15.25000000
  0.23136364     -0.69734446      1.49992500    1.01415982E+0000    1.54664867E-0030     15.27000000
  0.23166667     -0.71896663      1.49992500    9.94288483E-0001    1.51634381E-0030     15.29000000
  0.23196970     -0.73814261      1.49992500    9.80312668E-0001    1.49502994E-0030     15.31000000
  0.23227273     -0.75976285      1.49992500    9.61108817E-0001    1.46574303E-0030     15.33000000
  0.23257576     -0.77598518      1.49992500    9.54065988E-0001    1.45500233E-0030     15.35000000
  0.23287879     -0.76987054      1.49992500    9.97059863E-0001    1.52057032E-0030     15.37000000
  0.23318182     -0.77501396      1.49992500    1.01532715E+0000    1.54842893E-0030     15.39000000
  0.23348485     -0.77051014      1.49992500    1.05715337E+0000    1.61221618E-0030     15.41000000
  0.23378788     -0.80444626      1.49992500    1.00746522E+0000    1.53643905E-0030     15.43000000
  0.23409091     -0.82246350      1.49992500    9.95957956E-0001    1.51888985E-0030     15.45000000
  0.23439394     -0.81001869      1.49992500    1.05612177E+0000    1.61064293E-0030     15.47000000
  0.23469697     -0.85815845      1.49992500    9.74097479E-0001    1.48555144E-0030     15.49000000
  0.23500000     -0.85116608      1.49992500    1.02005356E+0000    1.55563695E-0030     15.51000000
  0.23530303     -0.86526525      1.49992500    1.01754116E+0000    1.55180541E-0030     15.53000000
  0.23560606     -0.87574036      1.49992500    1.02354058E+0000    1.56095485E-0030     15.55000000
  0.23590909     -0.93274310      1.49992500    9.24976079E-0001    1.41063864E-0030     15.57000000
  0.23621212     -0.92445303      1.49992500    9.71513320E-0001    1.48161046E-0030     15.59000000
  0.23651515     -0.92217804      1.49992500    1.00635667E+0000    1.53474845E-0030     15.61000000
  0.23681818     -0.94548270      1.49992500    9.82823329E-0001    1.49885883E-0030     15.63000000
  0.23712121     -0.95029754      1.49992500    1.00158728E+0000    1.52747487E-0030     15.65000000
  0.23742424     -0.94548270      1.49992500    1.04359460E+0000    1.59153831E-0030     15.67000000
  0.23772727     -0.98927614      1.49992500    9.72224509E-0001    1.48269506E-0030     15.69000000
  0.23803030     -0.99621646      1.49992500    9.85948939E-0001    1.50362556E-0030     15.71000000
  0.23833333     -0.99139984      1.49992500    1.02730460E+0000    1.56669518E-0030     15.73000000
  0.23863636     -1.05183165      1.49992500    9.21076286E-0001    1.40469125E-0030     15.75000000
  0.23893939     -1.04696555      1.49992500    9.59820209E-0001    1.46377783E-0030     15.77000000
  0.23924242     -1.07122020      1.49992500    9.35326887E-0001    1.42642418E-0030     15.79000000
  0.23954545     -1.10374944      1.49992500    8.94257026E-0001    1.36379042E-0030     15.81000000
  0.23984848     -1.09151498      1.49992500    9.47818115E-0001    1.44547398E-0030     15.83000000
  0.24015152     -1.13519235      1.49992500    8.83234075E-0001    1.34697982E-0030     15.85000000
  0.24045455     -1.16430945      1.49992500    8.51112375E-0001    1.29799249E-0030     15.87000000
  0.24075758     -1.10651566      1.49992500    1.00186423E+0000    1.52789724E-0030     15.89000000
  0.24106061     -1.18876022      1.49992500    8.54264768E-0001    1.30280006E-0030     15.91000000
  0.24136364     -1.19044031      1.49992500    8.76880862E-0001    1.33729083E-0030     15.93000000
  0.24166667     -1.18792263      1.49992500    9.08837940E-0001    1.38602711E-0030     15.95000000
  0.24196970     -1.20325227      1.49992500    9.04034478E-0001    1.37870157E-0030     15.97000000
  0.24227273     -1.20673359      1.49992500    9.24127424E-0001    1.40934440E-0030     15.99000000
  0.24257576     -1.20586065      1.49992500    9.54185877E-0001    1.45518517E-0030     16.01000000
  0.24287879     -1.20848478      1.49992500    9.77320551E-0001    1.49046680E-0030     16.03000000
  0.24318182     -1.28819277      1.49992500    8.38218473E-0001    1.27832859E-0030     16.05000000
  0.24348485     -1.30429946      1.49992500    8.32297743E-0001    1.26929916E-0030     16.07000000
  0.24378788     -1.31314039      1.49992500    8.40361170E-0001    1.28159632E-0030     16.09000000
  0.24409091     -1.26460073      1.49992500    9.68353262E-0001    1.47679120E-0030     16.11000000
  0.24439394     -1.34079711      1.49992500    8.37270171E-0001    1.27688238E-0030     16.13000000
  0.24469697     -1.38987238      1.49992500    7.70581420E-0001    1.17517842E-0030     16.15000000
  0.24500000     -1.35531530      1.49992500    8.59812583E-0001    1.31126078E-0030     16.17000000
  0.24530303     -1.38195192      1.49992500    8.33288445E-0001    1.27081003E-0030     16.19000000
  0.24560606     -1.42452349      1.49992500    7.78488085E-0001    1.18723651E-0030     16.21000000
  0.24590909     -1.40616032      1.49992500    8.36841716E-0001    1.27622896E-0030     16.23000000
  0.24621212     -1.42308306      1.49992500    8.29370846E-0001    1.26483548E-0030     16.25000000
  0.24651515     -1.45284087      1.49992500    7.98029859E-0001    1.21703878E-0030     16.27000000
  0.24681818     -1.45904520      1.49992500    8.10667942E-0001    1.23631254E-0030     16.29000000
  0.24712121     -1.48811665      1.49992500    7.81267436E-0001    1.19147517E-0030     16.31000000
  0.24742424     -1.44069200      1.49992500    8.97950836E-0001    1.36942368E-0030     16.33000000
  0.24772727     -1.55673701      1.49992500    7.08330165E-0001    1.08024188E-0030     16.35000000
  0.24803030     -1.51392389      1.49992500    8.05521308E-0001    1.22846364E-0030     16.37000000
  0.24833333     -1.58922277      1.49992500    6.97921125E-0001    1.06436753E-0030     16.39000000
  0.24863636     -1.58294369      1.49992500    7.29648351E-0001    1.11275327E-0030     16.41000000
  0.24893939     -1.58711964      1.49992500    7.44673397E-0001    1.13566728E-0030     16.43000000
  0.24924242     -1.60642480      1.49992500    7.33987832E-0001    1.11937122E-0030     16.45000000
  0.24954545     -1.63827216      1.49992500    7.02861377E-0001    1.07190169E-0030     16.47000000
  0.24984848     -1.69626412      1.49992500    6.33732398E-0001    9.66476247E-0031     16.49000000
  0.25015152     -1.66756153      1.49992500    6.97648529E-0001    1.06395181E-0030     16.51000000
  0.25045455     -1.64301861      1.49992500    7.60690134E-0001    1.16009367E-0030     16.53000000
  0.25075758     -1.72124641      1.49992500    6.54648476E-0001    9.98374400E-0031     16.55000000
  0.25106061     -1.70443288      1.49992500    7.01212868E-0001    1.06938762E-0030     16.57000000
  0.25136364     -1.72124641      1.49992500    6.95127592E-0001    1.06010724E-0030     16.59000000
  0.25166667     -1.72699871      1.49992500    7.06871404E-0001    1.07801719E-0030     16.61000000
  0.25196970     -1.80617997      1.49992500    6.06998101E-0001    9.25704996E-0031     16.63000000
  0.25227273     -1.77598518      1.49992500    6.70517801E-0001    1.02257598E-0030     16.65000000
  0.25257576     -1.85776700      1.49992500    5.72343388E-0001    8.72854680E-0031     16.67000000
  0.25287879     -1.81318486      1.49992500    6.53532203E-0001    9.96672022E-0031     16.69000000
  0.25318182     -1.83490413      1.49992500    6.40583737E-0001    9.76924910E-0031     16.71000000
  0.25348485     -1.85387195      1.49992500    6.31882417E-0001    9.63654926E-0031     16.73000000
  0.25378788     -1.88190070      1.49992500    6.10429767E-0001    9.30938472E-0031     16.75000000
  0.25409091     -1.86566350      1.49992500    6.52981818E-0001    9.95832655E-0031     16.77000000
  0.25439394     -1.98927612      1.49992500    5.06193598E-0001    7.71972666E-0031     16.79000000
  0.25469697     -2.11776015      1.49992500    3.88025982E-0001    5.91760649E-0031     16.81000000
  0.25500000     -2.02802871      1.49992500    4.91609686E-0001    7.49731409E-0031     16.83000000
  0.25530303     -1.97367106      1.49992500    5.74124742E-0001    8.75571342E-0031     16.85000000
  0.25560606     -2.04575751      1.49992500    5.01127221E-0001    7.64246166E-0031     16.87000000
  0.25590909     -2.05799195      1.49992500    5.02043954E-0001    7.65644234E-0031     16.89000000
  0.25621212     -2.06424091      1.49992500    5.09942210E-0001    7.77689503E-0031     16.91000000
  0.25651515     -2.11776015      1.49992500    4.64547263E-0001    7.08459748E-0031     16.93000000
  0.25681818     -2.25963731      1.49992500    3.45287553E-0001    5.26582228E-0031     16.95000000
  0.25712121     -2.24033215      1.49992500    3.71975438E-0001    5.67282699E-0031     16.97000000
  0.25742424     -2.27984070      1.49992500    3.49972483E-0001    5.33727001E-0031     16.99000000
  0.25772727     -2.23099214      1.49992500    4.03562348E-0001    6.15454449E-0031     17.01000000
  0.25803030     -2.19551982      1.49992500    4.51243697E-0001    6.88171089E-0031     17.03000000
  0.25833333     -2.33488826      1.49992500    3.37342371E-0001    5.14465396E-0031     17.05000000
  0.25863636     -2.27984070      1.49992500    3.94590505E-0001    6.01771902E-0031     17.07000000
  0.25893939     -2.21289392      1.49992500    4.74374787E-0001    7.23447255E-0031     17.09000000
  0.25924242     -2.30103001      1.49992500    3.99037485E-0001    6.08553787E-0031     17.11000000
  0.25954545     -2.35902194      1.49992500    3.59790707E-0001    5.48700324E-0031     17.13000000
  0.25984848     -2.50514997      1.49992500    2.64819581E-0001    4.03864211E-0031     17.15000000
  0.26015152     -2.56066731      1.49992500    2.40138028E-0001    3.66223505E-0031     17.17000000
  0.26045455     -2.29030612      1.49992500    4.61158602E-0001    7.03291856E-0031     17.19000000
  0.26075758     -2.32330640      1.49992500    4.40431336E-0001    6.71681653E-0031     17.21000000
  0.26106061     -2.45593194      1.49992500    3.34411232E-0001    5.09995249E-0031     17.23000000
  0.26136364     -2.44069200      1.49992500    3.56901998E-0001    5.44294887E-0031     17.25000000
  0.26166667     -2.58087070      1.49992500    2.66316740E-0001    4.06147459E-0031     17.27000000
  0.26196970     -2.52287874      1.49992500    3.13630728E-0001    4.78303854E-0031     17.29000000
  0.26227273     -2.62433640      1.49992500    2.55852185E-0001    3.90188446E-0031     17.31000000
  0.26257576     -2.58087070      1.49992500    2.91395617E-0001    4.44394106E-0031     17.33000000
  0.26287879     -2.56066731      1.49992500    3.14568034E-0001    4.79733297E-0031     17.35000000
  0.26318182     -2.60206000      1.49992500    2.94679605E-0001    4.49402365E-0031     17.37000000
  0.26348485     -2.67264104      1.49992500    2.58105477E-0001    3.93624838E-0031     17.39000000
  0.26378788     -2.90309000      1.49992500    1.56450317E-0001    2.38595212E-0031     17.41000000
  0.26409091     -2.56066731      1.49992500    3.54672340E-0001    5.40894537E-0031     17.43000000
  0.26439394     -2.94884750      1.49992500    1.49511747E-0001    2.28013515E-0031     17.45000000
  0.26469697     -2.58087070      1.49992500    3.59484605E-0001    5.48233502E-0031     17.47000000
  0.26500000     -2.94884750      1.49992500    1.58756561E-0001    2.42112357E-0031     17.49000000
  0.26530303     -2.72699874      1.49992500    2.72651959E-0001    4.15809012E-0031     17.51000000
  0.26560606     -2.56066731      1.49992500    4.12067379E-0001    6.28425081E-0031     17.53000000
  0.26590909     -2.99999998      1.49992500    1.54405849E-0001    2.35477286E-0031     17.55000000
  0.26621212     -2.90309000      1.49992500    1.98884947E-0001    3.03310321E-0031     17.57000000
  0.26651515     -2.78914663      1.49992500    2.66424075E-0001    4.06311152E-0031     17.59000000
  0.26681818     -3.05799193      1.49992500    1.47827878E-0001    2.25445524E-0031     17.61000000
  0.26712121     -2.86169730      1.49992500    2.39375200E-0001    3.65060151E-0031     17.63000000
  0.26742424     -2.99999998      1.49992500    1.79392657E-0001    2.73583523E-0031     17.65000000
  0.26772727     -2.86169730      1.49992500    2.54176574E-0001    3.87633048E-0031     17.67000000
  0.26803030     -3.12493873      1.49992500    1.42863826E-0001    2.17875075E-0031     17.69000000
  0.26833333     -3.05799193      1.49992500    1.71750202E-0001    2.61928365E-0031     17.71000000
  0.26863636     -3.30102998      1.49992500    1.01131721E-0001    1.54231355E-0031     17.73000000
  0.26893939     -2.99999998      1.49992500    2.08422969E-0001    3.17856321E-0031     17.75000000
  0.26924242     -3.05799193      1.49992500    1.87923809E-0001    2.86593992E-0031     17.77000000
  0.26954545     -3.05799193      1.49992500    1.93646651E-0001    2.95321635E-0031     17.79000000
  0.26984848     -2.90309000      1.49992500    2.85062513E-0001    4.34735779E-0031     17.81000000
  0.27015152     -2.99999998      1.49992500    2.34994831E-0001    3.58379851E-0031     17.83000000
  0.27045455     -3.30102998      1.49992500    1.21075563E-0001    1.84646794E-0031     17.85000000
  0.27075758     -3.12493873      1.49992500    1.87144006E-0001    2.85404751E-0031     17.87000000
  0.27106061     -3.30102998      1.49992500    1.28562072E-0001    1.96064126E-0031     17.89000000
  0.27136364     -3.42596873      1.49992500    9.93578747E-0002    1.51526143E-0031     17.91000000
  0.27166667     -3.30102998      1.49992500    1.36511497E-0001    2.08187430E-0031     17.93000000
  0.27196970     -3.20411999      1.49992500    1.75835838E-0001    2.68159181E-0031     17.95000000
  0.27227273     -3.42596873      1.49992500    1.08714342E-0001    1.65795263E-0031     17.97000000
  0.27257576     -3.30102998      1.49992500    1.49366697E-0001    2.27792307E-0031     17.99000000
  0.27287879     -3.42596873      1.49992500    1.15436515E-0001    1.76046941E-0031     18.01000000
  0.27318182     -3.30102998      1.49992500    1.58602542E-0001    2.41877471E-0031     18.03000000
  0.27348485     -3.30102998      1.49992500    1.63432464E-0001    2.49243363E-0031     18.05000000
  0.27378788     -3.20411999      1.49992500    2.10511824E-0001    3.21041938E-0031     18.07000000
  0.27409091     -3.60205997      1.49992500    8.67690212E-0002    1.32327459E-0031     18.09000000
  0.27439394     -3.30102998      1.49992500    1.78822794E-0001    2.72714451E-0031     18.11000000
  0.27469697     -3.60205997      1.49992500    9.21342414E-0002    1.40509711E-0031     18.13000000
  0.27500000     -3.30102998      1.49992500    1.89880009E-0001    2.89577302E-0031     18.15000000
  0.27530303     -3.60205997      1.49992500    9.78312113E-0002    1.49197898E-0031     18.17000000
  0.27590909     -3.60205997      1.49992500    1.03880444E-0001    1.58423306E-0031     18.21000000
  0.27621212     -3.42596873      1.49992500    1.60565865E-0001    2.44871644E-0031     18.23000000
  0.27651515     -3.90308997      1.49992500    5.51518604E-0002    8.41095757E-0032     18.25000000
  0.27681818     -3.60205997      1.49992500    1.13662799E-0001    1.73341927E-0031     18.27000000
  0.27712121     -3.90308997      1.49992500    5.85620853E-0002    8.93103534E-0032     18.29000000
  0.27772727     -3.90308997      1.49992500    6.21831759E-0002    9.48327128E-0032     18.33000000
  0.27833333     -3.60205997      1.49992500    1.32056341E-0001    2.01393076E-0031     18.37000000
  0.27863636     -3.60205997      1.49992500    1.36077852E-0001    2.07526097E-0031     18.39000000
  0.27924242     -3.30102998      1.49992500    2.88984005E-0001    4.40716267E-0031     18.43000000
  0.27954545     -3.42596873      1.49992500    2.23338315E-0001    3.40603033E-0031     18.45000000
  0.27984848     -3.60205997      1.49992500    1.53426429E-0001    2.33983618E-0031     18.47000000
  0.28015152     -3.90308997      1.49992500    7.90493610E-0002    1.20554559E-0031     18.49000000
  0.28106061     -3.90308997      1.49992500    8.64933888E-0002    1.31907105E-0031     18.55000000
  0.28166667     -3.90308997      1.49992500    9.18415657E-0002    1.40063364E-0031     18.59000000
  0.28742424     -3.90308997      1.49992500    1.62395786E-0001    2.47662374E-0031     18.97000000
  0.29106061     -3.90308997      1.49992500    2.32762468E-0001    3.54975376E-0031     19.21000000
  0.29439394     -3.90308997      1.49992500    3.23759833E-0001    4.93751288E-0031     19.43000000
  0.29500000     -3.90308997      1.49992500    3.43778991E-0001    5.24281590E-0031     19.47000000
