  0.15075758     -3.74600020      4.00000000    8.37417779E-0010    1.27710749E-0039      9.95000000
  0.15136364     -4.04703019      4.00000000    4.91359434E-0010    7.49349762E-0040      9.99000000
  0.15318182     -4.04703019      4.00000000    7.94073403E-0010    1.21100497E-0039     10.11000000
  0.15500000     -4.04703019      4.00000000    1.28328170E-0009    1.95707413E-0039     10.23000000
  0.15530303     -3.44497020      4.00000000    5.56064988E-0009    8.48029238E-0039     10.25000000
  0.15560606     -4.04703019      4.00000000    1.50594503E-0009    2.29664777E-0039     10.27000000
  0.15590909     -3.44497020      4.00000000    6.52548309E-0009    9.95171530E-0039     10.29000000
  0.15651515     -4.04703019      4.00000000    1.91443134E-0009    2.91961152E-0039     10.33000000
  0.15681818     -3.56990891      4.00000000    6.22163646E-0009    9.48833273E-0039     10.35000000
  0.15742424     -3.56990891      4.00000000    7.30115802E-0009    1.11346616E-0038     10.39000000
  0.15772727     -4.04703019      4.00000000    2.63641654E-0009    4.02067809E-0039     10.41000000
  0.15803030     -3.44497020      4.00000000    1.14239838E-0008    1.74221943E-0038     10.43000000
  0.15833333     -3.20193212      4.00000000    2.16570458E-0008    3.30281684E-0038     10.45000000
  0.15863636     -4.04703019      4.00000000    3.35154229E-0009    5.11128360E-0039     10.47000000
  0.15893939     -4.04703019      4.00000000    3.63068242E-0009    5.53698743E-0039     10.49000000
  0.15924242     -3.74600020      4.00000000    7.86614263E-0009    1.19962937E-0038     10.51000000
  0.15954545     -3.56990891      4.00000000    1.27819366E-0008    1.94931459E-0038     10.53000000
  0.15984848     -3.14394020      4.00000000    3.69240155E-0008    5.63111245E-0038     10.55000000
  0.16015152     -3.44497020      4.00000000    1.99996543E-0008    3.05005565E-0038     10.57000000
  0.16045455     -3.20193212      4.00000000    3.79143946E-0008    5.78215062E-0038     10.59000000
  0.16075758     -3.14394020      4.00000000    4.69396234E-0008    7.15854692E-0038     10.61000000
  0.16106061     -2.90090213      4.00000000    8.89859084E-0008    1.35708332E-0037     10.63000000
  0.16136364     -3.09278767      4.00000000    6.19696792E-0008    9.45071188E-0038     10.65000000
  0.16166667     -2.90090213      4.00000000    1.04425931E-0007    1.59255203E-0037     10.67000000
  0.16196970     -2.96784892      4.00000000    9.69627932E-0008    1.47873514E-0037     10.69000000
  0.16227273     -2.96784892      4.00000000    1.05038540E-0007    1.60189465E-0037     10.71000000
  0.16257576     -2.96784892      4.00000000    1.13786892E-0007    1.73531176E-0037     10.73000000
  0.16287879     -2.79175768      4.00000000    1.84895796E-0007    2.81976108E-0037     10.75000000
  0.16318182     -2.87093894      4.00000000    1.66912682E-0007    2.54550885E-0037     10.77000000
  0.16348485     -2.64909016      4.00000000    3.01357271E-0007    4.59586168E-0037     10.79000000
  0.16378788     -2.72481088      4.00000000    2.74223400E-0007    4.18205544E-0037     10.81000000
  0.16409091     -2.70460749      4.00000000    3.11208505E-0007    4.74609834E-0037     10.83000000
  0.16439394     -2.47882846      4.00000000    5.66988238E-0007    8.64687787E-0037     10.85000000
  0.16469697     -2.64909016      4.00000000    4.15007465E-0007    6.32908873E-0037     10.87000000
  0.16500000     -2.47882846      4.00000000    6.65366862E-0007    1.01472052E-0036     10.89000000
  0.16530303     -2.49072768      4.00000000    7.01302684E-0007    1.06952459E-0036     10.91000000
  0.16560606     -2.35683409      4.00000000    1.03405266E-0006    1.57698633E-0036     10.93000000
  0.16590909     -2.33945999      4.00000000    1.16589734E-0006    1.77805662E-0036     10.95000000
  0.16621212     -2.36578893      4.00000000    1.18870730E-0006    1.81284304E-0036     10.97000000
  0.16651515     -2.33102682      4.00000000    1.39502052E-0006    2.12748189E-0036     10.99000000
  0.16681818     -2.19577184      4.00000000    2.06337964E-0006    3.14676576E-0036     11.01000000
  0.16712121     -2.20193215      4.00000000    2.20375033E-0006    3.36083866E-0036     11.03000000
  0.16742424     -2.04703017      4.00000000    3.41042048E-0006    5.20107603E-0036     11.05000000
  0.16772727     -2.07390232      4.00000000    3.47279651E-0006    5.29620286E-0036     11.07000000
  0.16803030     -1.99012531      4.00000000    4.56246873E-0006    6.95801204E-0036     11.09000000
  0.16833333     -2.05139497      4.00000000    4.29213919E-0006    6.54574484E-0036     11.11000000
  0.16863636     -1.98633236      4.00000000    5.40107202E-0006    8.23692750E-0036     11.13000000
  0.16893939     -1.95360851      4.00000000    6.30880898E-0006    9.62127554E-0036     11.15000000
  0.16924242     -1.85390558      4.00000000    8.59792919E-0006    1.31123079E-0035     11.17000000
  0.16954545     -1.85390558      4.00000000    9.31402551E-0006    1.42043936E-0035     11.19000000
  0.16984848     -1.78221235      4.00000000    1.19007468E-0005    1.81492837E-0035     11.21000000
  0.17015152     -1.78457908      4.00000000    1.28218603E-0005    1.95540317E-0035     11.23000000
  0.17045455     -1.75256394      4.00000000    1.49523598E-0005    2.28031589E-0035     11.25000000
  0.17075758     -1.71865056      4.00000000    1.75132472E-0005    2.67086510E-0035     11.27000000
  0.17106061     -1.64219648      4.00000000    2.26237358E-0005    3.45024230E-0035     11.29000000
  0.17136364     -1.60612110      4.00000000    2.66307410E-0005    4.06133230E-0035     11.31000000
  0.17166667     -1.57281392      4.00000000    3.11482747E-0005    4.75028067E-0035     11.33000000
  0.17196970     -1.52851624      4.00000000    3.73658818E-0005    5.69849945E-0035     11.35000000
  0.17227273     -1.49802691      4.00000000    4.34218298E-0005    6.62206433E-0035     11.37000000
  0.17257576     -1.49072767      4.00000000    4.78355662E-0005    7.29518305E-0035     11.39000000
  0.17287879     -1.45596556      4.00000000    5.61379549E-0005    8.56134231E-0035     11.41000000
  0.17318182     -1.45263764      4.00000000    6.12813137E-0005    9.34573240E-0035     11.43000000
  0.17348485     -1.38616472      4.00000000    7.73650023E-0005    1.17985821E-0034     11.45000000
  0.17378788     -1.36578896      4.00000000    8.78342433E-0005    1.33951981E-0034     11.47000000
  0.17409091     -1.33438049      4.00000000    1.02285929E-0004    1.55991584E-0034     11.49000000
  0.17439394     -1.30039599      4.00000000    1.19824039E-0004    1.82738152E-0034     11.51000000
  0.17469697     -1.23949515      4.00000000    1.49344196E-0004    2.27757992E-0034     11.53000000
  0.17500000     -1.23411682      4.00000000    1.63798620E-0004    2.49801771E-0034     11.55000000
  0.17530303     -1.17838572      4.00000000    2.01736693E-0004    3.07659388E-0034     11.57000000
  0.17560606     -1.16393681      4.00000000    2.25931801E-0004    3.44558239E-0034     11.59000000
  0.17590909     -1.13534001      4.00000000    2.61407309E-0004    3.98660311E-0034     11.61000000
  0.17621212     -1.10601593      4.00000000    3.02960049E-0004    4.62030491E-0034     11.63000000
  0.17651515     -1.08182849      4.00000000    3.46989523E-0004    5.29177824E-0034     11.65000000
  0.17681818     -1.07159836      4.00000000    3.84848722E-0004    5.86915154E-0034     11.67000000
  0.17712121     -1.05491869      4.00000000    4.33224769E-0004    6.60691248E-0034     11.69000000
  0.17742424     -1.04486410      4.00000000    4.80298712E-0004    7.32481561E-0034     11.71000000
  0.17772727     -0.98974455      4.00000000    5.90710290E-0004    9.00865202E-0034     11.73000000
  0.17803030     -0.94665963      4.00000000    7.06647797E-0004    1.07767618E-0033     11.75000000
  0.17833333     -0.93275289      4.00000000    7.90411617E-0004    1.20542055E-0033     11.77000000
  0.17863636     -0.90370306      4.00000000    9.15475440E-0004    1.39614965E-0033     11.79000000
  0.17893939     -0.88446575      4.00000000    1.03663906E-0003    1.58093073E-0033     11.81000000
  0.17924242     -0.86092178      4.00000000    1.18553695E-0003    1.80800809E-0033     11.83000000
  0.17954545     -0.85002547      4.00000000    1.31690656E-0003    2.00835387E-0033     11.85000000
  0.17984848     -0.81479666      4.00000000    1.54713188E-0003    2.35945996E-0033     11.87000000
  0.18015152     -0.78672024      4.00000000    1.78791683E-0003    2.72667005E-0033     11.89000000
  0.18045455     -0.78174054      4.00000000    1.95916299E-0003    2.98782971E-0033     11.91000000
  0.18075758     -0.74708727      4.00000000    2.29862115E-0003    3.50552181E-0033     11.93000000
  0.18106061     -0.73953415      4.00000000    2.53375187E-0003    3.86410890E-0033     11.95000000
  0.18136364     -0.72008017      4.00000000    2.87052685E-0003    4.37770899E-0033     11.97000000
  0.18166667     -0.68662612      4.00000000    3.35860730E-0003    5.12205813E-0033     11.99000000
  0.18196970     -0.67725789      4.00000000    3.71767151E-0003    5.66965051E-0033     12.01000000
  0.18227273     -0.66160265      4.00000000    4.17512813E-0003    6.36729663E-0033     12.03000000
  0.18257576     -0.63794280      4.00000000    4.77609794E-0003    7.28380816E-0033     12.05000000
  0.18287879     -0.61743938      4.00000000    5.42400653E-0003    8.27190387E-0033     12.07000000
  0.18318182     -0.59218532      4.00000000    6.22755856E-0003    9.49736426E-0033     12.09000000
  0.18348485     -0.58254063      4.00000000    6.89772804E-0003    1.05194090E-0032     12.11000000
  0.18378788     -0.55707169      4.00000000    7.92352735E-0003    1.20838086E-0032     12.13000000
  0.18409091     -0.55134713      4.00000000    8.69734470E-0003    1.32639219E-0032     12.15000000
  0.18439394     -0.55315405      4.00000000    9.38260259E-0003    1.43089774E-0032     12.17000000
  0.18469697     -0.52667767      4.00000000    1.08029724E-0002    1.64751182E-0032     12.19000000
  0.18500000     -0.51363947      4.00000000    1.20593810E-0002    1.83912095E-0032     12.21000000
  0.18530303     -0.49096904      4.00000000    1.37638208E-0002    2.09905726E-0032     12.23000000
  0.18560606     -0.47439089      4.00000000    1.54903318E-0002    2.36235953E-0032     12.25000000
  0.18590909     -0.45999306      4.00000000    1.73461104E-0002    2.64537583E-0032     12.27000000
  0.18621212     -0.44453610      4.00000000    1.94716443E-0002    2.96953126E-0032     12.29000000
  0.18651515     -0.44334464      4.00000000    2.11513281E-0002    3.22569214E-0032     12.31000000
  0.18681818     -0.43371701      4.00000000    2.34265765E-0002    3.57267986E-0032     12.33000000
  0.18712121     -0.41114451      4.00000000    2.67315960E-0002    4.07671324E-0032     12.35000000
  0.18742424     -0.41874344      4.00000000    2.84557158E-0002    4.33965085E-0032     12.37000000
  0.18772727     -0.38711397      4.00000000    3.31545047E-0002    5.05624162E-0032     12.39000000
  0.18803030     -0.37808544      4.00000000    3.66703148E-0002    5.59242171E-0032     12.41000000
  0.18833333     -0.37134348      4.00000000    4.03459694E-0002    6.15297895E-0032     12.43000000
  0.18863636     -0.36887614      4.00000000    4.39552801E-0002    6.70341840E-0032     12.45000000
  0.18893939     -0.35084861      4.00000000    4.96343278E-0002    7.56950394E-0032     12.47000000
  0.18924242     -0.35102348      4.00000000    5.37465800E-0002    8.19664468E-0032     12.49000000
  0.18954545     -0.33253276      4.00000000    6.07554306E-0002    9.26553238E-0032     12.51000000
  0.18984848     -0.32852848      4.00000000    6.64252110E-0002    1.01302046E-0031     12.53000000
  0.19015152     -0.32571430      4.00000000    7.24253645E-0002    1.10452605E-0031     12.55000000
  0.19045455     -0.31754141      4.00000000    7.99479130E-0002    1.21924899E-0031     12.57000000
  0.19075758     -0.30872538      4.00000000    8.83825888E-0002    1.34788237E-0031     12.59000000
  0.19106061     -0.29829960      4.00000000    9.80699737E-0002    1.49562024E-0031     12.61000000
  0.19136364     -0.30258072      4.00000000    1.05195825E-0001    1.60429333E-0031     12.63000000
  0.19166667     -0.28352729      4.00000000    1.19068116E-0001    1.81585329E-0031     12.65000000
  0.19196970     -0.27544272      4.00000000    1.31408547E-0001    2.00405155E-0031     12.67000000
  0.19227273     -0.27802230      4.00000000    1.41510150E-0001    2.15810647E-0031     12.69000000
  0.19257576     -0.27229431      4.00000000    1.55331359E-0001    2.36888739E-0031     12.71000000
  0.19287879     -0.27368265      4.00000000    1.67731397E-0001    2.55799469E-0031     12.73000000
  0.19318182     -0.25857896      4.00000000    1.88131540E-0001    2.86910792E-0031     12.75000000
  0.19348485     -0.26162915      4.00000000    2.02374122E-0001    3.08631503E-0031     12.77000000
  0.19378788     -0.25484868      4.00000000    2.22678870E-0001    3.39597343E-0031     12.79000000
  0.19409091     -0.24610699      4.00000000    2.46129833E-0001    3.75361332E-0031     12.81000000
  0.19439394     -0.24955490      4.00000000    2.64520845E-0001    4.03408622E-0031     12.83000000
  0.19469697     -0.25268159      4.00000000    2.84496397E-0001    4.33872421E-0031     12.85000000
  0.19500000     -0.23922467      4.00000000    3.17890284E-0001    4.84799909E-0031     12.87000000
  0.19530303     -0.24913972      4.00000000    3.36593530E-0001    5.13323372E-0031     12.89000000
  0.19560606     -0.23753779      4.00000000    3.74499506E-0001    5.71132039E-0031     12.91000000
  0.19590909     -0.24329999      4.00000000    4.00343340E-0001    6.10545286E-0031     12.93000000
  0.19621212     -0.23990123      4.00000000    4.37094081E-0001    6.66592159E-0031     12.95000000
  0.19651515     -0.24976262      4.00000000    4.62867930E-0001    7.05898674E-0031     12.97000000
  0.19681818     -0.24969339      4.00000000    5.01498785E-0001    7.64812822E-0031     12.99000000
  0.19712121     -0.24166529      4.00000000    5.53403045E-0001    8.43969631E-0031     13.01000000
  0.19742424     -0.24514648      4.00000000    5.94708172E-0001    9.06962188E-0031     13.03000000
  0.19772727     -0.25815506      4.00000000    6.25228675E-0001    9.53507608E-0031     13.05000000
  0.19803030     -0.26113113      4.00000000    6.72676682E-0001    1.02586839E-0030     13.07000000
  0.19833333     -0.25681541      4.00000000    7.35979394E-0001    1.12240846E-0030     13.09000000
  0.19863636     -0.25893255      4.00000000    7.93399776E-0001    1.20997765E-0030     13.11000000
  0.19893939     -0.27149255      4.00000000    8.34979148E-0001    1.27338845E-0030     13.13000000
  0.19924242     -0.26728943      4.00000000    9.13318626E-0001    1.39286039E-0030     13.15000000
  0.19954545     -0.26902373      4.00000000    9.85443142E-0001    1.50285419E-0030     13.17000000
  0.19984848     -0.27076498      4.00000000    1.06324629E+0000    1.62150820E-0030     13.19000000
  0.20015152     -0.27617818      4.00000000    1.13753362E+0000    1.73480041E-0030     13.21000000
  0.20045455     -0.27713616      4.00000000    1.22956026E+0000    1.87514602E-0030     13.23000000
  0.20075758     -0.28128712      4.00000000    1.31929653E+0000    2.01199869E-0030     13.25000000
  0.20106061     -0.28195797      4.00000000    1.42697093E+0000    2.17620799E-0030     13.27000000
  0.20136364     -0.30179920      4.00000000    1.47678559E+0000    2.25217805E-0030     13.29000000
  0.20166667     -0.30840816      4.00000000    1.57562207E+0000    2.40290903E-0030     13.31000000
  0.20196970     -0.30328531      4.00000000    1.72710389E+0000    2.63392702E-0030     13.33000000
  0.20227273     -0.31319119      4.00000000    1.82875757E+0000    2.78895439E-0030     13.35000000
  0.20257576     -0.32894390      4.00000000    1.91049976E+0000    2.91361566E-0030     13.37000000
  0.20287879     -0.33253276      4.00000000    2.05258750E+0000    3.13030716E-0030     13.39000000
  0.20318182     -0.33716687      4.00000000    2.19994149E+0000    3.35502998E-0030     13.41000000
  0.20348485     -0.34005651      4.00000000    2.36736406E+0000    3.61035848E-0030     13.43000000
  0.20378788     -0.35506509      4.00000000    2.47742222E+0000    3.77820313E-0030     13.45000000
  0.20409091     -0.36003661      4.00000000    2.65321268E+0000    4.04629311E-0030     13.47000000
  0.20439394     -0.38098044      4.00000000    2.73887241E+0000    4.17692884E-0030     13.49000000
  0.20469697     -0.38361197      4.00000000    2.94906148E+0000    4.49747855E-0030     13.51000000
  0.20500000     -0.39169962      4.00000000    3.13573778E+0000    4.78217004E-0030     13.53000000
  0.20530303     -0.39555834      4.00000000    3.36685626E+0000    5.13463823E-0030     13.55000000
  0.20560606     -0.39935386      4.00000000    3.61553532E+0000    5.51388728E-0030     13.57000000
  0.20590909     -0.42079248      4.00000000    3.72801412E+0000    5.68542355E-0030     13.59000000
  0.20621212     -0.42212957      4.00000000    4.02609500E+0000    6.14001303E-0030     13.61000000
  0.20651515     -0.43530687      4.00000000    4.23107064E+0000    6.45261200E-0030     13.63000000
  0.20681818     -0.44977388      4.00000000    4.43329694E+0000    6.76101807E-0030     13.65000000
  0.20712121     -0.47091928      4.00000000    4.57430353E+0000    6.97606076E-0030     13.67000000
  0.20742424     -0.45875846      4.00000000    5.09599935E+0000    7.77167514E-0030     13.69000000
  0.20772727     -0.48426163      4.00000000    5.20558747E+0000    7.93880297E-0030     13.71000000
  0.20803030     -0.49987105      4.00000000    5.44006246E+0000    8.29639003E-0030     13.73000000
  0.20833333     -0.49509250      4.00000000    5.95834988E+0000    9.08680642E-0030     13.75000000
  0.20863636     -0.52484685      4.00000000    6.02719455E+0000    9.19179828E-0030     13.77000000
  0.20893939     -0.53208418      4.00000000    6.42127738E+0000    9.79279595E-0030     13.79000000
  0.20924242     -0.54106667      4.00000000    6.81369217E+0000    1.03912498E-0029     13.81000000
  0.20954545     -0.57310548      4.00000000    6.85625955E+0000    1.04561673E-0029     13.83000000
  0.20984848     -0.57339724      4.00000000    7.42230930E+0000    1.13194239E-0029     13.85000000
  0.21015152     -0.60439366      4.00000000    7.48662693E+0000    1.14175117E-0029     13.87000000
  0.21045455     -0.59971707      4.00000000    8.19797031E+0000    1.25023489E-0029     13.89000000
  0.21075758     -0.61938182      4.00000000    8.48760472E+0000    1.29440571E-0029     13.91000000
  0.21106061     -0.64373804      4.00000000    8.69305608E+0000    1.32573816E-0029     13.93000000
  0.21136364     -0.65170378      4.00000000    9.24592377E+0000    1.41005348E-0029     13.95000000
  0.21166667     -0.67762876      4.00000000    9.43558616E+0000    1.43897802E-0029     13.97000000
  0.21196970     -0.67614715      4.00000000    1.02563787E+0001    1.56415332E-0029     13.99000000
  0.21227273     -0.72213070      4.00000000    9.99433869E+0000    1.52419081E-0029     14.01000000
  0.21257576     -0.71905857      4.00000000    1.09035960E+0001    1.66285748E-0029     14.03000000
  0.21287879     -0.72254195      4.00000000    1.17173641E+0001    1.78696151E-0029     14.05000000
  0.21318182     -0.74621739      4.00000000    1.20198221E+0001    1.83308800E-0029     14.07000000
  0.21348485     -0.75655038      4.00000000    1.27147730E+0001    1.93907178E-0029     14.09000000
  0.21378788     -0.78103381      4.00000000    1.30187335E+0001    1.98542741E-0029     14.11000000
  0.21409091     -0.79758720      4.00000000    1.35755962E+0001    2.07035198E-0029     14.13000000
  0.21439394     -0.80923518      4.00000000    1.43170814E+0001    2.18343249E-0029     14.15000000
  0.21469697     -0.82770766      4.00000000    1.48636533E+0001    2.26678767E-0029     14.17000000
  0.21500000     -0.85950947      4.00000000    1.49646759E+0001    2.28219416E-0029     14.19000000
  0.21530303     -0.87355254      4.00000000    1.56952342E+0001    2.39360826E-0029     14.21000000
  0.21560606     -0.88626161      4.00000000    1.65120994E+0001    2.51818463E-0029     14.23000000
  0.21590909     -0.92317855      4.00000000    1.64296728E+0001    2.50561413E-0029     14.25000000
  0.21621212     -0.91221580      4.00000000    1.82530405E+0001    2.78368758E-0029     14.27000000
  0.21651515     -0.93075458      4.00000000    1.89469800E+0001    2.88951712E-0029     14.29000000
  0.21681818     -0.96316939      4.00000000    1.90488495E+0001    2.90505277E-0029     14.31000000
  0.21712121     -0.99280028      4.00000000    1.92744242E+0001    2.93945413E-0029     14.33000000
  0.21742424     -0.99472109      4.00000000    2.07875913E+0001    3.17022031E-0029     14.35000000
  0.21772727     -1.03419295      4.00000000    2.05624976E+0001    3.13589230E-0029     14.37000000
  0.21803030     -1.05491869      4.00000000    2.12370252E+0001    3.23876143E-0029     14.39000000
  0.21833333     -1.11253171      4.00000000    2.01476417E+0001    3.07262453E-0029     14.41000000
  0.21863636     -1.07022186      4.00000000    2.40590032E+0001    3.66912835E-0029     14.43000000
  0.21893939     -1.11101940      4.00000000    2.37259521E+0001    3.61833626E-0029     14.45000000
  0.21924242     -1.14666307      4.00000000    2.36768288E+0001    3.61084469E-0029     14.47000000
  0.21954545     -1.18074282      4.00000000    2.37130461E+0001    3.61636802E-0029     14.49000000
  0.21984848     -1.14448342      4.00000000    2.79248149E+0001    4.25868558E-0029     14.51000000
  0.22015152     -1.21708348      4.00000000    2.55937429E+0001    3.90318448E-0029     14.53000000
  0.22045455     -1.21388308      4.00000000    2.79304392E+0001    4.25954332E-0029     14.55000000
  0.22075758     -1.21324580      4.00000000    3.03011143E+0001    4.62108412E-0029     14.57000000
  0.22106061     -1.26170035      4.00000000    2.93594295E+0001    4.47747209E-0029     14.59000000
  0.22136364     -1.32357450      4.00000000    2.75814450E+0001    4.20631982E-0029     14.61000000
  0.22166667     -1.35154852      4.00000000    2.80147375E+0001    4.27239927E-0029     14.63000000
  0.22196970     -1.35950122      4.00000000    2.97973346E+0001    4.54425499E-0029     14.65000000
  0.22227273     -1.35683411      4.00000000    3.24779102E+0001    4.95305729E-0029     14.67000000
  0.22257576     -1.40259159      4.00000000    3.16646110E+0001    4.82902476E-0029     14.69000000
  0.22287879     -1.38997431      4.00000000    3.53130314E+0001    5.38542864E-0029     14.71000000
  0.22318182     -1.42689413      4.00000000    3.51365192E+0001    5.35850957E-0029     14.73000000
  0.22348485     -1.46724657      4.00000000    3.46856513E+0001    5.28974977E-0029     14.75000000
  0.22378788     -1.50420477      4.00000000    3.45092255E+0001    5.26284389E-0029     14.77000000
  0.22409091     -1.50048751      4.00000000    3.77047473E+0001    5.75017827E-0029     14.79000000
  0.22439394     -1.55426979      4.00000000    3.60875427E+0001    5.50354582E-0029     14.81000000
  0.22469697     -1.53514682      4.00000000    4.08529897E+0001    6.23030229E-0029     14.83000000
  0.22500000     -1.57868285      4.00000000    4.00342195E+0001    6.10543541E-0029     14.85000000
  0.22530303     -1.58313719      4.00000000    4.29260160E+0001    6.54645004E-0029     14.87000000
  0.22560606     -1.65083085      4.00000000    3.97896839E+0001    6.06814240E-0029     14.89000000
  0.22590909     -1.67781434      4.00000000    4.05070442E+0001    6.17754373E-0029     14.91000000
  0.22621212     -1.69872530      4.00000000    4.18179900E+0001    6.37747007E-0029     14.93000000
  0.22651515     -1.71057043      4.00000000    4.40820297E+0001    6.72274839E-0029     14.95000000
  0.22681818     -1.73105982      4.00000000    4.55528707E+0001    6.94705961E-0029     14.97000000
  0.22712121     -1.76372894      4.00000000    4.57709777E+0001    6.98032211E-0029     14.99000000
  0.22742424     -1.76827657      4.00000000    4.90666174E+0001    7.48292503E-0029     15.01000000
  0.22772727     -1.79175767      4.00000000    5.03556933E+0001    7.67951608E-0029     15.03000000
  0.22803030     -1.83484257      4.00000000    4.93977573E+0001    7.53342566E-0029     15.05000000
  0.22833333     -1.90090215      4.00000000    4.59611845E+0001    7.00932969E-0029     15.07000000
  0.22863636     -1.87971285      4.00000000    5.22786150E+0001    7.97277207E-0029     15.09000000
  0.22893939     -2.01764639      4.00000000    4.12224779E+0001    6.28665125E-0029     15.11000000
  0.22924242     -1.92317855      4.00000000    5.55067105E+0001    8.46507412E-0029     15.13000000
  0.22954545     -1.96067036      4.00000000    5.51565676E+0001    8.41167544E-0029     15.15000000
  0.22984848     -2.03842999      4.00000000    4.99552529E+0001    7.61844676E-0029     15.17000000
  0.23015152     -2.09764017      4.00000000    4.72187568E+0001    7.20111628E-0029     15.19000000
  0.23045455     -2.07854722      4.00000000    5.34504113E+0001    8.15147735E-0029     15.21000000
  0.23075758     -2.11761125      4.00000000    5.29213096E+0001    8.07078647E-0029     15.23000000
  0.23106061     -2.14394019      4.00000000    5.39566775E+0001    8.22868569E-0029     15.25000000
  0.23136364     -2.19577184      4.00000000    5.18748808E+0001    7.91120042E-0029     15.27000000
  0.23166667     -2.20193215      4.00000000    5.54039031E+0001    8.44939544E-0029     15.29000000
  0.23196970     -2.24768964      4.00000000    5.40164977E+0001    8.23780859E-0029     15.31000000
  0.23227273     -2.16621659      4.00000000    7.05899762E+0001    1.07653539E-0028     15.33000000
  0.23257576     -2.24085022      4.00000000    6.43951212E+0001    9.82060491E-0029     15.35000000
  0.23287879     -2.33102682      4.00000000    5.66787051E+0001    8.64380966E-0029     15.37000000
  0.23318182     -2.44497019      4.00000000    4.72302357E+0001    7.20286688E-0029     15.39000000
  0.23348485     -2.39381766      4.00000000    5.75593924E+0001    8.77811923E-0029     15.41000000
  0.23378788     -2.43424632      4.00000000    5.68108251E+0001    8.66395867E-0029     15.43000000
  0.23409091     -2.46724658      4.00000000    5.70393268E+0001    8.69880642E-0029     15.45000000
  0.23439394     -2.44497019      4.00000000    6.50420690E+0001    9.91926796E-0029     15.47000000
  0.23469697     -2.51555127      4.00000000    5.98903460E+0001    9.13360228E-0029     15.49000000
  0.23500000     -2.51555127      4.00000000    6.48784373E+0001    9.89431324E-0029     15.51000000
  0.23530303     -2.52851625      4.00000000    6.82148549E+0001    1.04031350E-0028     15.53000000
  0.23560606     -2.63205682      4.00000000    5.82213071E+0001    8.87906481E-0029     15.55000000
  0.23590909     -2.70460749      4.00000000    5.33672513E+0001    8.13879500E-0029     15.57000000
  0.23621212     -2.70460749      4.00000000    5.78120532E+0001    8.81665137E-0029     15.59000000
  0.23651515     -2.74600018      4.00000000    5.69336807E+0001    8.68269482E-0029     15.61000000
  0.23681818     -2.96784892      4.00000000    3.70053128E+0001    5.64351073E-0029     15.63000000
  0.23712121     -2.70460749      4.00000000    7.34935235E+0001    1.12081606E-0028     15.65000000
  0.23742424     -2.87093894      4.00000000    5.42826676E+0001    8.27840095E-0029     15.67000000
  0.23772727     -2.72481088      4.00000000    8.23252006E+0001    1.25550392E-0028     15.69000000
  0.23803030     -2.79175768      4.00000000    7.64415628E+0001    1.16577525E-0028     15.71000000
  0.23833333     -2.96784892      4.00000000    5.52054396E+0001    8.41912868E-0029     15.73000000
  0.23863636     -2.87093894      4.00000000    7.47541687E+0001    1.14004158E-0028     15.75000000
  0.23893939     -2.96784892      4.00000000    6.47841835E+0001    9.87993903E-0029     15.77000000
  0.23924242     -3.09278767      4.00000000    5.26348993E+0001    8.02710735E-0029     15.79000000
  0.23954545     -2.96784892      4.00000000    7.60249437E+0001    1.15942159E-0028     15.81000000
  0.23984848     -3.26887892      4.00000000    4.11784191E+0001    6.27993205E-0029     15.83000000
  0.24015152     -3.00563749      4.00000000    8.17814222E+0001    1.24721100E-0028     15.85000000
  0.24045455     -3.34806017      4.00000000    4.02694346E+0001    6.14130698E-0029     15.87000000
  0.24075758     -3.00563749      4.00000000    9.59713880E+0001    1.46361567E-0028     15.89000000
  0.24106061     -3.20193212      4.00000000    6.61592694E+0001    1.00896471E-0028     15.91000000
  0.24136364     -3.14394020      4.00000000    8.19079725E+0001    1.24914096E-0028     15.93000000
  0.24166667     -3.74600020      4.00000000    2.21824618E+0001    3.38294563E-0029     15.95000000
  0.24196970     -3.26887892      4.00000000    7.20899260E+0001    1.09941043E-0028     15.97000000
  0.24227273     -3.20193212      4.00000000    9.11097667E+0001    1.38947331E-0028     15.99000000
  0.24257576     -3.26887892      4.00000000    8.45983118E+0001    1.29017010E-0028     16.01000000
  0.24287879     -3.44497020      4.00000000    6.10961681E+0001    9.31749670E-0029     16.03000000
  0.24318182     -3.34806017      4.00000000    8.27308637E+0001    1.26169050E-0028     16.05000000
  0.24348485     -3.56990891      4.00000000    5.37727660E+0001    8.20063820E-0029     16.07000000
  0.24378788     -3.74600020      4.00000000    3.88342259E+0001    5.92242988E-0029     16.09000000
  0.24409091     -4.04703019      4.00000000    2.10343074E+0001    3.20784585E-0029     16.11000000
  0.24439394     -3.44497020      4.00000000    9.11447726E+0001    1.39000717E-0028     16.13000000
  0.24469697     -3.26887892      4.00000000    1.48103938E+0002    2.25866531E-0028     16.15000000
  0.24500000     -3.44497020      4.00000000    1.06959381E+0002    1.63118852E-0028     16.17000000
  0.24530303     -3.26887892      4.00000000    1.73801581E+0002    2.65056829E-0028     16.19000000
  0.24560606     -3.74600020      4.00000000    6.27589984E+0001    9.57108733E-0029     16.21000000
  0.24590909     -3.34806017      4.00000000    1.69965034E+0002    2.59205887E-0028     16.23000000
  0.24651515     -4.04703019      4.00000000    3.98911617E+0001    6.08361832E-0029     16.27000000
  0.24681818     -4.04703019      4.00000000    4.32135796E+0001    6.59030505E-0029     16.29000000
  0.24712121     -3.74600020      4.00000000    9.36254239E+0001    1.42783845E-0028     16.31000000
  0.24742424     -3.74600020      4.00000000    1.01423211E+0002    1.54675892E-0028     16.33000000
  0.24863636     -4.04703019      4.00000000    6.98363598E+0001    1.06504233E-0028     16.41000000
  0.24893939     -4.04703019      4.00000000    7.56528255E+0001    1.15374658E-0028     16.43000000
  0.24924242     -4.04703019      4.00000000    8.19537275E+0001    1.24983875E-0028     16.45000000
  0.24954545     -4.04703019      4.00000000    8.87794131E+0001    1.35393416E-0028     16.47000000
  0.24984848     -4.04703019      4.00000000    9.61735901E+0001    1.46669936E-0028     16.49000000
  0.25045455     -4.04703019      4.00000000    1.12860753E+0002    1.72118765E-0028     16.53000000
  0.25075758     -4.04703019      4.00000000    1.22260595E+0002    1.86454032E-0028     16.55000000
  0.25106061     -4.04703019      4.00000000    1.32443321E+0002    2.01983241E-0028     16.57000000
  0.25166667     -4.04703019      4.00000000    1.55423677E+0002    2.37029529E-0028     16.61000000
  0.25196970     -3.74600020      4.00000000    3.36736919E+0002    5.13542048E-0028     16.63000000
  0.25287879     -3.74600020      4.00000000    4.28076522E+0002    6.52839892E-0028     16.69000000
  0.25318182     -4.04703019      4.00000000    2.31864880E+0002    3.53606506E-0028     16.71000000
  0.25348485     -4.04703019      4.00000000    2.51176226E+0002    3.83057355E-0028     16.73000000
