  0.13196970     -4.26813924      8.00000000    1.04712864E-0013    1.59692791E-0043      8.71000000
  0.13287879     -4.26813924      8.00000000    1.69223779E-0013    2.58075432E-0043      8.77000000
  0.13348485     -4.26813924      8.00000000    2.33042764E-0013    3.55402843E-0043      8.81000000
  0.13409091     -4.26813924      8.00000000    3.20929660E-0013    4.89435122E-0043      8.85000000
  0.13439394     -4.26813924      8.00000000    3.76614445E-0013    5.74357437E-0043      8.87000000
  0.13469697     -4.26813924      8.00000000    4.41961146E-0013    6.74014696E-0043      8.89000000
  0.13500000     -3.79101798      8.00000000    1.55593866E-0012    2.37289077E-0042      8.91000000
  0.13530303     -4.26813924      8.00000000    6.08636965E-0013    9.28204351E-0043      8.93000000
  0.13560606     -4.26813924      8.00000000    7.14242095E-0013    1.08925790E-0042      8.95000000
  0.13590909     -4.26813924      8.00000000    8.38170862E-0013    1.27825598E-0042      8.97000000
  0.13621212     -3.96710925      8.00000000    1.96720524E-0012    3.00009458E-0042      8.99000000
  0.13651515     -3.96710925      8.00000000    2.30853673E-0012    3.52064361E-0042      9.01000000
  0.13681818     -3.96710925      8.00000000    2.70909295E-0012    4.13151355E-0042      9.03000000
  0.13712121     -3.31389674      8.00000000    1.43061750E-0011    2.18176921E-0041      9.05000000
  0.13742424     -3.56916922      8.00000000    9.32691818E-0012    1.42240556E-0041      9.07000000
  0.13772727     -3.36504926      8.00000000    1.75123831E-0011    2.67073331E-0041      9.09000000
  0.13803030     -3.56916922      8.00000000    1.28443580E-0011    1.95883419E-0041      9.11000000
  0.13833333     -3.06401926      8.00000000    4.82335779E-0011    7.35588200E-0041      9.13000000
  0.13863636     -3.18895799      8.00000000    4.24519720E-0011    6.47415576E-0041      9.15000000
  0.13893939     -2.94591996      8.00000000    8.71812352E-0011    1.32956108E-0040      9.17000000
  0.13924242     -3.31389674      8.00000000    4.38463406E-0011    6.68680454E-0041      9.19000000
  0.13954545     -3.03769033      8.00000000    9.71911865E-0011    1.48221826E-0040      9.21000000
  0.13984848     -2.88792799      8.00000000    1.61018706E-0010    2.45562252E-0040      9.23000000
  0.14015152     -2.73666033      8.00000000    2.67689363E-0010    4.08240784E-0040      9.25000000
  0.14045455     -3.03769033      8.00000000    1.57068189E-0010    2.39537499E-0040      9.27000000
  0.14075758     -2.68835565      8.00000000    4.12012152E-0010    6.28340857E-0040      9.29000000
  0.14106061     -2.59604139      8.00000000    5.98014079E-0010    9.12003875E-0040      9.31000000
  0.14136364     -2.58689800      8.00000000    7.16707442E-0010    1.09301769E-0039      9.33000000
  0.14166667     -2.54386336      8.00000000    9.28674817E-0010    1.41627942E-0039      9.35000000
  0.14196970     -2.52777656      8.00000000    1.13093485E-0009    1.72473693E-0039      9.37000000
  0.14227273     -2.42929015      8.00000000    1.66498802E-0009    2.53919696E-0039      9.39000000
  0.14257576     -2.37604464      8.00000000    2.20873567E-0009    3.36844158E-0039      9.41000000
  0.14287879     -2.29041563      8.00000000    3.15689301E-0009    4.81443290E-0039      9.43000000
  0.14318182     -2.21123438      8.00000000    4.44557798E-0009    6.77974732E-0039      9.45000000
  0.14348485     -2.23471547      8.00000000    4.94235874E-0009    7.53736489E-0039      9.47000000
  0.14378788     -2.15086794      8.00000000    7.03507788E-0009    1.07288750E-0038      9.49000000
  0.14409091     -2.10677122      8.00000000    9.13803357E-0009    1.39359963E-0038      9.51000000
  0.14439394     -2.07780754      8.00000000    1.14631385E-0008    1.74819074E-0038      9.53000000
  0.14469697     -1.99167744      8.00000000    1.64029047E-0008    2.50153185E-0038      9.55000000
  0.14500000     -1.95638538      8.00000000    2.08785308E-0008    3.18408908E-0038      9.57000000
  0.14530303     -1.88792800      8.00000000    2.86843117E-0008    4.37451297E-0038      9.59000000
  0.14560606     -1.83357034      8.00000000    3.81495315E-0008    5.81801027E-0038      9.61000000
  0.14590909     -1.83197660      8.00000000    4.49334816E-0008    6.85259943E-0038      9.63000000
  0.14621212     -1.76434857      8.00000000    6.16148246E-0008    9.39659463E-0038      9.65000000
  0.14651515     -1.72531383      8.00000000    7.91055716E-0008    1.20640283E-0037      9.67000000
  0.14681818     -1.65218917      8.00000000    1.09854752E-0007    1.67534450E-0037      9.69000000
  0.14712121     -1.62865276      8.00000000    1.36095064E-0007    2.07552347E-0037      9.71000000
  0.14742424     -1.59696639      8.00000000    1.71797112E-0007    2.61999905E-0037      9.73000000
  0.14772727     -1.53094660      8.00000000    2.34705231E-0007    3.57938195E-0037      9.75000000
  0.14803030     -1.49802396      8.00000000    2.97120442E-0007    4.53124774E-0037      9.77000000
  0.14833333     -1.46742215      8.00000000    3.74129067E-0007    5.70567100E-0037      9.79000000
  0.14863636     -1.43371855      8.00000000    4.74473728E-0007    7.23598146E-0037      9.81000000
  0.14893939     -1.37660178      8.00000000    6.35061900E-0007    9.68503810E-0037      9.83000000
  0.14924242     -1.34958470      8.00000000    7.93085951E-0007    1.20949905E-0036      9.85000000
  0.14954545     -1.30862086      8.00000000    1.02275405E-0006    1.55975535E-0036      9.87000000
  0.14984848     -1.23431355      8.00000000    1.42418249E-0006    2.17195547E-0036      9.89000000
  0.15015152     -1.22872513      8.00000000    1.69293848E-0006    2.58182292E-0036      9.91000000
  0.15045455     -1.18000315      8.00000000    2.22254352E-0006    3.38949930E-0036      9.93000000
  0.15075758     -1.17823415      8.00000000    2.61882451E-0006    3.99384928E-0036      9.95000000
  0.15106061     -1.13748391      8.00000000    3.37554384E-0006    5.14788727E-0036      9.97000000
  0.15136364     -1.08486941      8.00000000    4.47141899E-0006    6.81915626E-0036      9.99000000
  0.15166667     -1.05303066      8.00000000    5.64639472E-0006    8.61105791E-0036     10.01000000
  0.15196970     -1.04179716      8.00000000    6.79973280E-0006    1.03699610E-0035     10.03000000
  0.15227273     -1.00096752      8.00000000    8.76614409E-0006    1.33688447E-0035     10.05000000
  0.15257576     -0.94903319      8.00000000    1.15939135E-0005    1.76813463E-0035     10.07000000
  0.15287879     -0.91345468      8.00000000    1.47671159E-0005    2.25206519E-0035     10.09000000
  0.15318182     -0.91077621      8.00000000    1.74365786E-0005    2.65917273E-0035     10.11000000
  0.15348485     -0.86176940      8.00000000    2.29063132E-0005    3.49333688E-0035     10.13000000
  0.15378788     -0.85483946      8.00000000    2.73131789E-0005    4.16540778E-0035     10.15000000
  0.15409091     -0.82036121      8.00000000    3.47006506E-0005    5.29203724E-0035     10.17000000
  0.15439394     -0.77761895      8.00000000    4.49331640E-0005    6.85255098E-0035     10.19000000
  0.15469697     -0.77426312      8.00000000    5.31385797E-0005    8.10392134E-0035     10.21000000
  0.15500000     -0.76068817      8.00000000    6.43386599E-0005    9.81199426E-0035     10.23000000
  0.15530303     -0.71607970      8.00000000    8.36695822E-0005    1.27600647E-0034     10.25000000
  0.15560606     -0.68835564      8.00000000    1.04659530E-0004    1.59611455E-0034     10.27000000
  0.15590909     -0.67264300      8.00000000    1.27344013E-0004    1.94206520E-0034     10.29000000
  0.15621212     -0.64883716      8.00000000    1.57859779E-0004    2.40744718E-0034     10.31000000
  0.15651515     -0.62984969      8.00000000    1.93529011E-0004    2.95142228E-0034     10.33000000
  0.15681818     -0.60812803      8.00000000    2.38756310E-0004    3.64116311E-0034     10.35000000
  0.15712121     -0.59872936      8.00000000    2.86312717E-0004    4.36642407E-0034     10.37000000
  0.15742424     -0.57248250      8.00000000    3.56923067E-0004    5.44327018E-0034     10.39000000
  0.15772727     -0.54468355      8.00000000    4.46540326E-0004    6.80998194E-0034     10.41000000
  0.15803030     -0.51770798      8.00000000    5.57600785E-0004    8.50371411E-0034     10.43000000
  0.15833333     -0.50749061      8.00000000    6.69927586E-0004    1.02167587E-0033     10.45000000
  0.15863636     -0.48969854      8.00000000    8.19043655E-0004    1.24908596E-0033     10.47000000
  0.15893939     -0.46817872      8.00000000    1.00998282E-0003    1.54027852E-0033     10.49000000
  0.15924242     -0.45176537      8.00000000    1.23087643E-0003    1.87715325E-0033     10.51000000
  0.15954545     -0.43168851      8.00000000    1.51278923E-0003    2.30708555E-0033     10.53000000
  0.15984848     -0.42596701      8.00000000    1.79881727E-0003    2.74329381E-0033     10.55000000
  0.16015152     -0.41340823      8.00000000    2.17286600E-0003    3.31373840E-0033     10.57000000
  0.16045455     -0.37833348      8.00000000    2.76436133E-0003    4.21580083E-0033     10.59000000
  0.16075758     -0.37117234      8.00000000    3.29794237E-0003    5.02954082E-0033     10.61000000
  0.16106061     -0.36466940      8.00000000    3.92855761E-0003    5.99126323E-0033     10.63000000
  0.16136364     -0.34859048      8.00000000    4.78408799E-0003    7.29599342E-0033     10.65000000
  0.16166667     -0.33419663      8.00000000    5.80336821E-0003    8.85045099E-0033     10.67000000
  0.16196970     -0.32857007      8.00000000    6.89912163E-0003    1.05215343E-0032     10.69000000
  0.16227273     -0.31767701      8.00000000    8.30183283E-0003    1.26607449E-0032     10.71000000
  0.16257576     -0.29755995      8.00000000    1.02041810E-0002    1.55619290E-0032     10.73000000
  0.16287879     -0.29178925      8.00000000    1.21348938E-0002    1.85063706E-0032     10.75000000
  0.16318182     -0.27940196      8.00000000    1.46524545E-0002    2.23457871E-0032     10.77000000
  0.16348485     -0.27364609      8.00000000    1.74242208E-0002    2.65728809E-0032     10.79000000
  0.16378788     -0.25758488      8.00000000    2.12178656E-0002    3.23583948E-0032     10.81000000
  0.16409091     -0.26000768      8.00000000    2.47608768E-0002    3.77616789E-0032     10.83000000
  0.16439394     -0.24238294      8.00000000    3.02606238E-0002    4.61490910E-0032     10.85000000
  0.16469697     -0.24001553      8.00000000    3.57052768E-0002    5.44524818E-0032     10.87000000
  0.16500000     -0.23047372      8.00000000    4.28313066E-0002    6.53200634E-0032     10.89000000
  0.16530303     -0.22591825      8.00000000    5.07930062E-0002    7.74620867E-0032     10.91000000
  0.16560606     -0.22324684      8.00000000    5.99739209E-0002    9.14634792E-0032     10.93000000
  0.16590909     -0.21513767      8.00000000    7.17065336E-0002    1.09356349E-0031     10.95000000
  0.16621212     -0.20744142      8.00000000    8.56529052E-0002    1.30625322E-0031     10.97000000
  0.16651515     -0.20353151      8.00000000    1.01423624E-0001    1.54676523E-0031     10.99000000
  0.16681818     -0.20379357      8.00000000    1.18949927E-0001    1.81405084E-0031     11.01000000
  0.16712121     -0.19416442      8.00000000    1.42718559E-0001    2.17653535E-0031     11.03000000
  0.16742424     -0.19033544      8.00000000    1.68964917E-0001    2.57680655E-0031     11.05000000
  0.16772727     -0.19379832      8.00000000    1.96707439E-0001    2.99989503E-0031     11.07000000
  0.16803030     -0.18345574      8.00000000    2.36401635E-0001    3.60525303E-0031     11.09000000
  0.16833333     -0.19000880      8.00000000    2.73265330E-0001    4.16744436E-0031     11.11000000
  0.16863636     -0.18964618      8.00000000    3.20947699E-0001    4.89462632E-0031     11.13000000
  0.16893939     -0.18632405      8.00000000    3.79527734E-0001    5.78800359E-0031     11.15000000
  0.16924242     -0.18356298      8.00000000    4.48220492E-0001    6.83560537E-0031     11.17000000
  0.16954545     -0.18747668      8.00000000    5.21272874E-0001    7.94969379E-0031     11.19000000
  0.16984848     -0.18445749      8.00000000    6.15986833E-0001    9.39413299E-0031     11.21000000
  0.17015152     -0.19222749      8.00000000    7.10049365E-0001    1.08286376E-0030     11.23000000
  0.17045455     -0.18968240      8.00000000    8.38148078E-0001    1.27822124E-0030     11.25000000
  0.17075758     -0.18438585      8.00000000    9.95644782E-0001    1.51841224E-0030     11.27000000
  0.17106061     -0.19906342      8.00000000    1.12957214E+0000    1.72265871E-0030     11.29000000
  0.17136364     -0.19149878      8.00000000    1.34885643E+0000    2.05707915E-0030     11.31000000
  0.17166667     -0.20211166      8.00000000    1.54468513E+0000    2.35572852E-0030     11.33000000
  0.17196970     -0.20443068      8.00000000    1.80305119E+0000    2.74975076E-0030     11.35000000
  0.17227273     -0.21058725      8.00000000    2.08611676E+0000    3.18144109E-0030     11.37000000
  0.17257576     -0.20868943      8.00000000    2.45880192E+0000    3.74980616E-0030     11.39000000
  0.17287879     -0.22125406      8.00000000    2.80314799E+0000    4.27495258E-0030     11.41000000
  0.17318182     -0.22446265      8.00000000    3.26531103E+0000    4.97977626E-0030     11.43000000
  0.17348485     -0.22639136      8.00000000    3.81489827E+0000    5.81792658E-0030     11.45000000
  0.17378788     -0.23459487      8.00000000    4.39305435E+0000    6.69964593E-0030     11.47000000
  0.17409091     -0.23483613      8.00000000    5.15243386E+0000    7.85774082E-0030     11.49000000
  0.17439394     -0.24661917      8.00000000    5.88459407E+0000    8.97432482E-0030     11.51000000
  0.17469697     -0.25450161      8.00000000    6.78142850E+0000    1.03420459E-0029     11.53000000
  0.17500000     -0.26757502      8.00000000    7.72209062E+0000    1.17766066E-0029     11.55000000
  0.17530303     -0.26805241      8.00000000    9.05200152E+0000    1.38047928E-0029     11.57000000
  0.17560606     -0.28991305      8.00000000    1.01011563E+0001    1.54048107E-0029     11.59000000
  0.17590909     -0.28700045      8.00000000    1.19335817E+0001    1.81993588E-0029     11.61000000
  0.17621212     -0.29422668      8.00000000    1.37730999E+0001    2.10047237E-0029     11.63000000
  0.17651515     -0.30595937      8.00000000    1.57320792E+0001    2.39922732E-0029     11.65000000
  0.17681818     -0.32608155      8.00000000    1.76258901E+0001    2.68804376E-0029     11.67000000
  0.17712121     -0.33673222      8.00000000    2.01830830E+0001    3.07802952E-0029     11.69000000
  0.17742424     -0.34494706      8.00000000    2.32412665E+0001    3.54441908E-0029     11.71000000
  0.17772727     -0.35698163      8.00000000    2.65284778E+0001    4.04573662E-0029     11.73000000
  0.17803030     -0.37260619      8.00000000    3.00313527E+0001    4.57994401E-0029     11.75000000
  0.17833333     -0.38504589      8.00000000    3.42469819E+0001    5.22285031E-0029     11.77000000
  0.17863636     -0.39099835      8.00000000    3.96421290E+0001    6.04563948E-0029     11.79000000
  0.17893939     -0.40978254      8.00000000    4.45512499E+0001    6.79430703E-0029     11.81000000
  0.17924242     -0.42471958      8.00000000    5.05137916E+0001    7.70362693E-0029     11.83000000
  0.17954545     -0.44070533      8.00000000    5.71361981E+0001    8.71357981E-0029     11.85000000
  0.17984848     -0.45044168      8.00000000    6.55634969E+0001    9.99878855E-0029     11.87000000
  0.18015152     -0.46577608      8.00000000    7.42702397E+0001    1.13266140E-0028     11.89000000
  0.18045455     -0.47919351      8.00000000    8.45054093E+0001    1.28875328E-0028     11.91000000
  0.18075758     -0.49486488      8.00000000    9.56533666E+0001    1.45876567E-0028     11.93000000
  0.18106061     -0.51817117      8.00000000    1.06385167E+0002    1.62243145E-0028     11.95000000
  0.18136364     -0.52904178      8.00000000    1.21758023E+0002    1.85687583E-0028     11.97000000
  0.18166667     -0.55988836      8.00000000    1.33087764E+0002    2.02966052E-0028     11.99000000
  0.18196970     -0.56133614      8.00000000    1.55660157E+0002    2.37390174E-0028     12.01000000
  0.18227273     -0.58807581      8.00000000    1.71761138E+0002    2.61945043E-0028     12.03000000
  0.18257576     -0.60585372      8.00000000    1.93479129E+0002    2.95066155E-0028     12.05000000
  0.18287879     -0.61802606      8.00000000    2.20774491E+0002    3.36693061E-0028     12.07000000
  0.18318182     -0.64036388      8.00000000    2.46092397E+0002    3.75304241E-0028     12.09000000
  0.18348485     -0.67629583      8.00000000    2.65860218E+0002    4.05451238E-0028     12.11000000
  0.18378788     -0.68110211      8.00000000    3.08556145E+0002    4.70564841E-0028     12.13000000
  0.18409091     -0.70943066      8.00000000    3.39228839E+0002    5.17342361E-0028     12.15000000
  0.18439394     -0.72134989      8.00000000    3.87311729E+0002    5.90671373E-0028     12.17000000
  0.18469697     -0.73678807      8.00000000    4.38641372E+0002    6.68951861E-0028     12.19000000
  0.18500000     -0.76872712      8.00000000    4.78252946E+0002    7.29361657E-0028     12.21000000
  0.18530303     -0.78986141      8.00000000    5.34577259E+0002    8.15259287E-0028     12.23000000
  0.18560606     -0.81619938      8.00000000    5.90418049E+0002    9.00419518E-0028     12.25000000
  0.18590909     -0.83533025      8.00000000    6.63003582E+0002    1.01111639E-0027     12.27000000
  0.18621212     -0.86040853      8.00000000    7.34386545E+0002    1.11997928E-0027     12.29000000
  0.18651515     -0.87386269      8.00000000    8.35521572E+0002    1.27421567E-0027     12.31000000
  0.18681818     -0.88594203      8.00000000    9.53598247E+0002    1.45428900E-0027     12.33000000
  0.18712121     -0.93711706      8.00000000    9.94666605E+0002    1.51692047E-0027     12.35000000
  0.18742424     -0.94159856      8.00000000    1.15526909E+0003    1.76184796E-0027     12.37000000
  0.18772727     -0.97788197      8.00000000    1.24705859E+0003    1.90183193E-0027     12.39000000
  0.18803030     -1.00261391      8.00000000    1.38242644E+0003    2.10827523E-0027     12.41000000
  0.18833333     -1.03922583      8.00000000    1.49113591E+0003    2.27406307E-0027     12.43000000
  0.18863636     -1.04986640      8.00000000    1.70751206E+0003    2.60404841E-0027     12.45000000
  0.18893939     -1.07836829      8.00000000    1.87650187E+0003    2.86176704E-0027     12.47000000
  0.18924242     -1.09670533      8.00000000    2.11105275E+0003    3.21946984E-0027     12.49000000
  0.18954545     -1.10617262      8.00000000    2.42392350E+0003    3.69661468E-0027     12.51000000
  0.18984848     -1.14789443      8.00000000    2.58395070E+0003    3.94066484E-0027     12.53000000
  0.19015152     -1.17612075      8.00000000    2.84148272E+0003    4.33341511E-0027     12.55000000
  0.19045455     -1.21199698      8.00000000    3.07012392E+0003    4.68210533E-0027     12.57000000
  0.19075758     -1.22793261      8.00000000    3.47302086E+0003    5.29654500E-0027     12.59000000
  0.19106061     -1.27824466      8.00000000    3.62979797E+0003    5.53563859E-0027     12.61000000
  0.19136364     -1.29178925      8.00000000    4.12881086E+0003    6.29666028E-0027     12.63000000
  0.19166667     -1.30719305      8.00000000    4.67636389E+0003    7.13170833E-0027     12.65000000
  0.19196970     -1.34801591      8.00000000    4.99542631E+0003    7.61829581E-0027     12.67000000
  0.19227273     -1.39715041      8.00000000    5.23510239E+0003    7.98381482E-0027     12.69000000
  0.19257576     -1.40660482      8.00000000    6.01115443E+0003    9.16733623E-0027     12.71000000
  0.19287879     -1.47855853      8.00000000    5.97711055E+0003    9.11541746E-0027     12.73000000
  0.19318182     -1.48566660      8.00000000    6.90033753E+0003    1.05233886E-0026     12.75000000
  0.19348485     -1.51532280      8.00000000    7.56312461E+0003    1.15341748E-0026     12.77000000
  0.19378788     -1.51609080      8.00000000    8.85972773E+0003    1.35115649E-0026     12.79000000
  0.19409091     -1.60917439      8.00000000    8.39119663E+0003    1.27970295E-0026     12.81000000
  0.19439394     -1.60632656      8.00000000    9.91194410E+0003    1.51162519E-0026     12.83000000
  0.19469697     -1.68835564      8.00000000    9.62979140E+0003    1.46859537E-0026     12.85000000
  0.19500000     -1.71547103      8.00000000    1.06166771E+0004    1.61910079E-0026     12.87000000
  0.19530303     -1.74700117      8.00000000    1.15863217E+0004    1.76697684E-0026     12.89000000
  0.19560606     -1.74050933      8.00000000    1.38014446E+0004    2.10479509E-0026     12.91000000
  0.19590909     -1.80724140      8.00000000    1.38892753E+0004    2.11818975E-0026     12.93000000
  0.19621212     -1.78813231      8.00000000    1.70323981E+0004    2.59753300E-0026     12.95000000
  0.19651515     -1.84653530      8.00000000    1.74726960E+0004    2.66468082E-0026     12.97000000
  0.19681818     -1.89892340      8.00000000    1.81743524E+0004    2.77168723E-0026     12.99000000
  0.19712121     -1.93570076      8.00000000    1.95960571E+0004    2.98850488E-0026     13.01000000
  0.19742424     -2.00806787      8.00000000    1.94665373E+0004    2.96875242E-0026     13.03000000
  0.19772727     -2.04025254      8.00000000    2.12124655E+0004    3.23501593E-0026     13.05000000
  0.19803030     -2.03009314      8.00000000    2.54822443E+0004    3.88618033E-0026     13.07000000
  0.19833333     -2.09204800      8.00000000    2.59280545E+0004    3.95416881E-0026     13.09000000
  0.19863636     -2.14756530      8.00000000    2.67756329E+0004    4.08342910E-0026     13.11000000
  0.19893939     -2.14428759      8.00000000    3.16595381E+0004    4.82825111E-0026     13.13000000
  0.19924242     -2.11280321      8.00000000    3.99462546E+0004    6.09202028E-0026     13.15000000
  0.19954545     -2.25953907      8.00000000    3.34370012E+0004    5.09932387E-0026     13.17000000
  0.19984848     -2.32861998      8.00000000    3.34682905E+0004    5.10409565E-0026     13.19000000
  0.20015152     -2.19995339      8.00000000    5.28186428E+0004    8.05512924E-0026     13.21000000
  0.20045455     -2.27250403      8.00000000    5.24473706E+0004    7.99850821E-0026     13.23000000
  0.20075758     -2.41080675      8.00000000    4.47618588E+0004    6.82642602E-0026     13.25000000
  0.20106061     -2.36504924      8.00000000    5.83650338E+0004    8.90098391E-0026     13.27000000
  0.20136364     -2.52777656      8.00000000    4.70882488E+0004    7.18121310E-0026     13.29000000
  0.20166667     -2.46879870      8.00000000    6.32961819E+0004    9.65301072E-0026     13.31000000
  0.20196970     -2.56916925      8.00000000    5.89513944E+0004    8.99040708E-0026     13.33000000
  0.20227273     -2.53574546      8.00000000    7.47145161E+0004    1.13943686E-0025     13.35000000
  0.20257576     -2.57794315      8.00000000    7.95599352E+0004    1.21333212E-0025     13.37000000
  0.20287879     -2.72407119      8.00000000    6.66888909E+0004    1.01704172E-0025     13.39000000
  0.20318182     -2.76298927      8.00000000    7.15521248E+0004    1.09120867E-0025     13.41000000
  0.20348485     -2.77677754      8.00000000    8.13432244E+0004    1.24052825E-0025     13.43000000
  0.20378788     -2.83677546      8.00000000    8.31401067E+0004    1.26793168E-0025     13.45000000
  0.20409091     -2.71183675      8.00000000    1.30087751E+0005    1.98390869E-0025     13.47000000
  0.20439394     -2.98938565      8.00000000    8.05702333E+0004    1.22873972E-0025     13.49000000
  0.20469697     -3.03769033      8.00000000    8.45974090E+0004    1.29015633E-0025     13.51000000
  0.20500000     -2.88792799      8.00000000    1.40154327E+0005    2.13742943E-0025     13.53000000
  0.20530303     -2.94591996      8.00000000    1.43913543E+0005    2.19475951E-0025     13.55000000
  0.20560606     -3.12201121      8.00000000    1.12589407E+0005    1.71704947E-0025     13.57000000
  0.20590909     -3.12201121      8.00000000    1.32124894E+0005    2.01497622E-0025     13.59000000
  0.20621212     -2.98938565      8.00000000    2.10424994E+0005    3.20909518E-0025     13.61000000
  0.20651515     -3.18895799      8.00000000    1.55959596E+0005    2.37846834E-0025     13.63000000
  0.20681818     -3.12201121      8.00000000    2.13523658E+0005    3.25635149E-0025     13.65000000
  0.20712121     -3.22674655      8.00000000    1.96878267E+0005    3.00250025E-0025     13.67000000
  0.20742424     -3.36504926      8.00000000    1.68028203E+0005    2.56252115E-0025     13.69000000
  0.20772727     -3.42304120      8.00000000    1.72535059E+0005    2.63125314E-0025     13.71000000
  0.20803030     -3.36504926      8.00000000    2.31396304E+0005    3.52891902E-0025     13.73000000
  0.20833333     -3.22674655      8.00000000    3.73375868E+0005    5.69418431E-0025     13.75000000
  0.20863636     -3.36504926      8.00000000    3.18662274E+0005    4.85977236E-0025     13.77000000
  0.20893939     -3.66607925      8.00000000    1.86976822E+0005    2.85149784E-0025     13.79000000
  0.20924242     -3.36504926      8.00000000    4.38838665E+0005    6.69252744E-0025     13.81000000
  0.20954545     -3.79101798      8.00000000    1.93118233E+0005    2.94515771E-0025     13.83000000
  0.20984848     -3.42304120      8.00000000    5.28794801E+0005    8.06440726E-0025     13.85000000
  0.21015152     -3.66607925      8.00000000    3.54597967E+0005    5.40781114E-0025     13.87000000
  0.21045455     -3.66607925      8.00000000    4.16124569E+0005    6.34612516E-0025     13.89000000
  0.21075758     -3.36504926      8.00000000    9.76653411E+0005    1.48944937E-0024     13.91000000
  0.21106061     -4.26813924      8.00000000    1.43264174E+0005    2.18485629E-0025     13.93000000
  0.21136364     -4.26813924      8.00000000    1.68122066E+0005    2.56395261E-0025     13.95000000
  0.21166667     -4.26813924      8.00000000    1.97293072E+0005    3.00882626E-0025     13.97000000
  0.21196970     -3.79101798      8.00000000    6.94576710E+0005    1.05926712E-0024     13.99000000
  0.21227273     -3.66607925      8.00000000    1.08679107E+0006    1.65741527E-0024     14.01000000
  0.21257576     -4.26813924      8.00000000    3.18840284E+0005    4.86248709E-0025     14.03000000
  0.21287879     -4.26813924      8.00000000    3.74162539E+0005    5.70618146E-0025     14.05000000
  0.21318182     -4.26813924      8.00000000    4.39083807E+0005    6.69626598E-0025     14.07000000
  0.21348485     -4.26813924      8.00000000    5.15269621E+0005    7.85814092E-0025     14.09000000
  0.21378788     -3.79101798      8.00000000    1.81402354E+0006    2.76648420E-0024     14.11000000
  0.21530303     -3.96710925      8.00000000    2.69145570E+0006    4.10461579E-0024     14.21000000
  0.21954545     -4.26813924      8.00000000    1.26408675E+0007    1.92780079E-0023     14.49000000
  0.22318182     -4.26813924      8.00000000    8.62228324E+0007    1.31494492E-0022     14.73000000
  0.22954545     -4.26813924      8.00000000    2.48228558E+0009    3.78562002E-0021     15.15000000
