  0.13439394     -3.84200855      7.50187547    7.23414579E-0013    1.10324643E-0042      8.87000000
  0.13681818     -3.54097855      7.50187547    4.80508364E-0012    7.32801293E-0042      9.03000000
  0.13772727     -3.54097855      7.50187547    7.53671927E-0012    1.14939053E-0041      9.09000000
  0.13803030     -3.54097855      7.50187547    8.75674698E-0012    1.33545137E-0041      9.11000000
  0.13833333     -3.54097855      7.50187547    1.01742701E-0011    1.55163133E-0041      9.13000000
  0.13863636     -3.23994855      7.50187547    2.36425177E-0011    3.60561205E-0041      9.15000000
  0.13893939     -3.36488729      7.50187547    2.06022877E-0011    3.14196051E-0041      9.17000000
  0.13924242     -3.54097855      7.50187547    1.59582275E-0011    2.43371616E-0041      9.19000000
  0.13954545     -3.54097855      7.50187547    1.85415106E-0011    2.82768084E-0041      9.21000000
  0.13984848     -3.84200855      7.50187547    1.07714850E-0011    1.64270983E-0041      9.23000000
  0.14015152     -3.54097855      7.50187547    2.50302990E-0011    3.81725624E-0041      9.25000000
  0.14045455     -3.23994855      7.50187547    5.81642987E-0011    8.87037073E-0041      9.27000000
  0.14075758     -3.54097855      7.50187547    3.37899044E-0011    5.15314352E-0041      9.29000000
  0.14106061     -3.54097855      7.50187547    3.92597406E-0011    5.98732317E-0041      9.31000000
  0.14136364     -2.88776605      7.50187547    2.05267594E-0010    3.13044204E-0040      9.33000000
  0.14166667     -3.23994855      7.50187547    1.05998165E-0010    1.61652945E-0040      9.35000000
  0.14196970     -2.76282730      7.50187547    3.69470751E-0010    5.63462915E-0040      9.37000000
  0.14227273     -2.99691049      7.50187547    2.50413266E-0010    3.81893799E-0040      9.39000000
  0.14257576     -2.93891856      7.50187547    3.32513842E-0010    5.07101627E-0040      9.41000000
  0.14287879     -2.54097853      7.50187547    9.65851186E-0010    1.47297540E-0039      9.43000000
  0.14318182     -2.69588050      7.50187547    7.85540742E-0010    1.19799220E-0039      9.45000000
  0.14348485     -2.72806520      7.50187547    8.47509304E-0010    1.29249761E-0039      9.47000000
  0.14378788     -2.56325496      7.50187547    1.43918021E-0009    2.19482781E-0039      9.49000000
  0.14409091     -2.54097853      7.50187547    1.76015967E-0009    2.68433888E-0039      9.51000000
  0.14439394     -2.46179730      7.50187547    2.45410849E-0009    3.74264843E-0039      9.53000000
  0.14469697     -2.36488728      7.50187547    3.56421784E-0009    5.43562533E-0039      9.55000000
  0.14500000     -2.18879604      7.50187547    6.21177827E-0009    9.47329846E-0039      9.57000000
  0.14530303     -2.28570605      7.50187547    5.77386193E-0009    8.80545231E-0039      9.59000000
  0.14560606     -2.36488728      7.50187547    5.59043531E-0009    8.52571678E-0039      9.61000000
  0.14590909     -2.16076731      7.50187547    1.03926444E-0008    1.58493458E-0038      9.63000000
  0.14621212     -2.06385729      7.50187547    1.50937290E-0008    2.30187545E-0038      9.65000000
  0.14651515     -2.10961480      7.50187547    1.57833615E-0008    2.40704815E-0038      9.67000000
  0.14681818     -2.02246459      7.50187547    2.24135253E-0008    3.41818406E-0038      9.69000000
  0.14712121     -2.01593376      7.50187547    2.64363484E-0008    4.03168638E-0038      9.71000000
  0.14742424     -1.98467606      7.50187547    3.30080316E-0008    5.03390368E-0038      9.73000000
  0.14772727     -1.94438144      7.50187547    4.20799005E-0008    6.41741284E-0038      9.75000000
  0.14803030     -1.83340836      7.50187547    6.31259963E-0008    9.62705649E-0038      9.77000000
  0.14833333     -1.81262476      7.50187547    7.69400237E-0008    1.17337705E-0037      9.79000000
  0.14863636     -1.77382267      7.50187547    9.77495723E-0008    1.49073395E-0037      9.81000000
  0.14893939     -1.68364606      7.50187547    1.39782220E-0007    2.13175460E-0037      9.83000000
  0.14924242     -1.57249559      7.50187547    2.09779415E-0007    3.19924975E-0037      9.85000000
  0.14954545     -1.61669925      7.50187547    2.20150498E-0007    3.35741438E-0037      9.87000000
  0.14984848     -1.55420681      7.50187547    2.95374212E-0007    4.50461678E-0037      9.89000000
  0.15015152     -1.55870732      7.50187547    3.39650713E-0007    5.17985742E-0037      9.91000000
  0.15045455     -1.52603820      7.50187547    4.25463309E-0007    6.48854601E-0037      9.93000000
  0.15075758     -1.46543156      7.50187547    5.68367463E-0007    8.66791179E-0037      9.95000000
  0.15106061     -1.40584589      7.50187547    7.57487278E-0007    1.15520915E-0036      9.97000000
  0.15136364     -1.40109946      7.50187547    8.89779176E-0007    1.35696146E-0036      9.99000000
  0.15166667     -1.39022210      7.50187547    1.06003464E-0006    1.61661027E-0036     10.01000000
  0.15196970     -1.30167908      7.50187547    1.51016201E-0006    2.30307890E-0036     10.03000000
  0.15227273     -1.31956430      7.50187547    1.68383211E-0006    2.56793521E-0036     10.05000000
  0.15257576     -1.27616072      7.50187547    2.16203551E-0006    3.29722131E-0036     10.07000000
  0.15287879     -1.19364854      7.50187547    3.03763413E-0006    4.63255665E-0036     10.09000000
  0.15318182     -1.19267369      7.50187547    3.53729094E-0006    5.39456036E-0036     10.11000000
  0.15348485     -1.17642753      7.50187547    4.26655556E-0006    6.50672842E-0036     10.13000000
  0.15378788     -1.10720873      7.50187547    5.81375423E-0006    8.86629023E-0036     10.15000000
  0.15409091     -1.04335791      7.50187547    7.82470462E-0006    1.19330985E-0035     10.17000000
  0.15439394     -1.05384015      7.50187547    8.87454644E-0006    1.35341642E-0035     10.19000000
  0.15469697     -1.03379757      7.50187547    1.07981464E-0005    1.64677583E-0035     10.21000000
  0.15500000     -0.97987717      7.50187547    1.42046349E-0005    2.16628380E-0035     10.23000000
  0.15530303     -0.98588409      7.50187547    1.62773469E-0005    2.48238360E-0035     10.25000000
  0.15560606     -0.94383205      7.50187547    2.08351256E-0005    3.17746955E-0035     10.27000000
  0.15590909     -0.90248928      7.50187547    2.66255970E-0005    4.06054782E-0035     10.29000000
  0.15621212     -0.89018553      7.50187547    3.18246451E-0005    4.85343082E-0035     10.31000000
  0.15651515     -0.85568475      7.50187547    4.00336146E-0005    6.10534315E-0035     10.33000000
  0.15681818     -0.82664879      7.50187547    4.97303169E-0005    7.58414279E-0035     10.35000000
  0.15712121     -0.79512336      7.50187547    6.21308252E-0005    9.47528752E-0035     10.37000000
  0.15742424     -0.79825341      7.50187547    7.16700218E-0005    1.09300667E-0034     10.39000000
  0.15772727     -0.77234043      7.50187547    8.83915959E-0005    1.34801973E-0034     10.41000000
  0.15803030     -0.72773126      7.50187547    1.13810048E-0004    1.73566490E-0034     10.43000000
  0.15833333     -0.70497109      7.50187547    1.39348160E-0004    2.12513495E-0034     10.45000000
  0.15863636     -0.67086738      7.50187547    1.75131962E-0004    2.67085733E-0034     10.47000000
  0.15893939     -0.64666247      7.50187547    2.15144765E-0004    3.28107424E-0034     10.49000000
  0.15924242     -0.63169002      7.50187547    2.58740074E-0004    3.94592632E-0034     10.51000000
  0.15954545     -0.61747548      7.50187547    3.10626645E-0004    4.73722465E-0034     10.53000000
  0.15984848     -0.59207678      7.50187547    3.82646607E-0004    5.83556810E-0034     10.55000000
  0.16015152     -0.59110083      7.50187547    4.45588814E-0004    6.79547086E-0034     10.57000000
  0.16045455     -0.56120262      7.50187547    5.54616709E-0004    8.45820535E-0034     10.59000000
  0.16075758     -0.55443075      7.50187547    6.54523549E-0004    9.98183878E-0034     10.61000000
  0.16106061     -0.52877427      7.50187547    8.06756034E-0004    1.23034667E-0033     10.63000000
  0.16136364     -0.50574900      7.50187547    9.88389122E-0004    1.50734697E-0033     10.65000000
  0.16166667     -0.49565555      7.50187547    1.17538967E-0003    1.79253294E-0033     10.67000000
  0.16196970     -0.47334982      7.50187547    1.43763308E-0003    2.19246835E-0033     10.69000000
  0.16227273     -0.45622357      7.50187547    1.73753983E-0003    2.64984239E-0033     10.71000000
  0.16257576     -0.45640227      7.50187547    2.01797850E-0003    3.07752657E-0033     10.73000000
  0.16287879     -0.42570095      7.50187547    2.51639215E-0003    3.83763438E-0033     10.75000000
  0.16318182     -0.40839871      7.50187547    3.04257312E-0003    4.64008887E-0033     10.77000000
  0.16348485     -0.39562673      7.50187547    3.64060420E-0003    5.55211868E-0033     10.79000000
  0.16378788     -0.37425250      7.50187547    4.44332577E-0003    6.77631257E-0033     10.81000000
  0.16409091     -0.36329778      7.50187547    5.29448035E-0003    8.07436942E-0033     10.83000000
  0.16439394     -0.35671312      7.50187547    6.24551799E-0003    9.52475337E-0033     10.85000000
  0.16469697     -0.33455749      7.50187547    7.63632760E-0003    1.16458134E-0032     10.87000000
  0.16500000     -0.33631604      7.50187547    8.83662586E-0003    1.34763333E-0032     10.89000000
  0.16530303     -0.31257819      7.50187547    1.08438818E-0002    1.65375073E-0032     10.91000000
  0.16560606     -0.30989143      7.50187547    1.26774527E-0002    1.93338023E-0032     10.93000000
  0.16590909     -0.29818875      7.50187547    1.51319586E-0002    2.30770568E-0032     10.95000000
  0.16621212     -0.28306011      7.50187547    1.82047300E-0002    2.77631997E-0032     10.97000000
  0.16651515     -0.28318004      7.50187547    2.11458319E-0002    3.22485395E-0032     10.99000000
  0.16681818     -0.26291120      7.50187547    2.57426993E-0002    3.92590114E-0032     11.01000000
  0.16712121     -0.26165388      7.50187547    2.99965882E-0002    4.57464225E-0032     11.03000000
  0.16742424     -0.24717420      7.50187547    3.60339606E-0002    5.49537424E-0032     11.05000000
  0.16772727     -0.25767732      7.50187547    4.08666795E-0002    6.23239006E-0032     11.07000000
  0.16803030     -0.23380352      7.50187547    5.01653225E-0002    7.65048350E-0032     11.09000000
  0.16833333     -0.23358951      7.50187547    5.83147050E-0002    8.89330849E-0032     11.11000000
  0.16863636     -0.22114408      7.50187547    6.97242689E-0002    1.06333288E-0031     11.13000000
  0.16893939     -0.23049766      7.50187547    7.92849673E-0002    1.20913871E-0031     11.15000000
  0.16924242     -0.20341947      7.50187547    9.80459153E-0002    1.49525334E-0031     11.17000000
  0.16954545     -0.20945003      7.50187547    1.12346466E-0001    1.71334448E-0031     11.19000000
  0.16984848     -0.20793451      7.50187547    1.30989171E-0001    1.99765584E-0031     11.21000000
  0.17015152     -0.19954401      7.50187547    1.55162352E-0001    2.36630995E-0031     11.23000000
  0.17045455     -0.21086929      7.50187547    1.75639235E-0001    2.67859350E-0031     11.25000000
  0.17075758     -0.18898910      7.50187547    2.14616048E-0001    3.27301102E-0031     11.27000000
  0.17106061     -0.20212382      7.50187547    2.41929002E-0001    3.68954837E-0031     11.29000000
  0.17136364     -0.19629160      7.50187547    2.84892236E-0001    4.34476097E-0031     11.31000000
  0.17166667     -0.19737302      7.50187547    3.30186762E-0001    5.03552704E-0031     11.33000000
  0.17196970     -0.19944509      7.50187547    3.81810662E-0001    5.82281949E-0031     11.35000000
  0.17227273     -0.18792829      7.50187547    4.55538736E-0001    6.94721256E-0031     11.37000000
  0.17257576     -0.19189540      7.50187547    5.24467604E-0001    7.99841515E-0031     11.39000000
  0.17287879     -0.18976221      7.50187547    6.12367753E-0001    9.33894006E-0031     11.41000000
  0.17318182     -0.18898910      7.50187547    7.12764222E-0001    1.08700406E-0030     11.43000000
  0.17348485     -0.20182535      7.50187547    8.04026013E-0001    1.22618324E-0030     11.45000000
  0.17378788     -0.20481913      7.50187547    9.27762425E-0001    1.41488797E-0030     11.47000000
  0.17409091     -0.19697948      7.50187547    1.09758181E+0000    1.67387173E-0030     11.49000000
  0.17439394     -0.18889255      7.50187547    1.29922476E+0000    1.98138816E-0030     11.51000000
  0.17469697     -0.21005771      7.50187547    1.43773747E+0000    2.19262755E-0030     11.53000000
  0.17500000     -0.20965251      7.50187547    1.67203459E+0000    2.54994335E-0030     11.55000000
  0.17530303     -0.22114408      7.50187547    1.89196955E+0000    2.88535608E-0030     11.57000000
  0.17560606     -0.21659319      7.50187547    2.22139350E+0000    3.38774545E-0030     11.59000000
  0.17590909     -0.23681126      7.50187547    2.46358692E+0000    3.75710354E-0030     11.61000000
  0.17621212     -0.22104012      7.50187547    2.96824330E+0000    4.52673187E-0030     11.63000000
  0.17651515     -0.24070923      7.50187547    3.29602767E+0000    5.02662079E-0030     11.65000000
  0.17681818     -0.24861171      7.50187547    3.76052799E+0000    5.73500896E-0030     11.67000000
  0.17712121     -0.24596153      7.50187547    4.39601813E+0000    6.70416585E-0030     11.69000000
  0.17742424     -0.25915007      7.50187547    4.95486005E+0000    7.55643006E-0030     11.71000000
  0.17772727     -0.27123217      7.50187547    5.59899082E+0000    8.53876439E-0030     11.73000000
  0.17803030     -0.26394265      7.50187547    6.61545525E+0000    1.00889277E-0029     11.75000000
  0.17833333     -0.26578241      7.50187547    7.65385865E+0000    1.16725492E-0029     11.77000000
  0.17863636     -0.27840880      7.50187547    8.63802613E+0000    1.31734579E-0029     11.79000000
  0.17893939     -0.30067897      7.50187547    9.53465112E+0000    1.45408596E-0029     11.81000000
  0.17924242     -0.30268147      7.50187547    1.10271369E+0001    1.68169813E-0029     11.83000000
  0.17954545     -0.31592784      7.50187547    1.24273021E+0001    1.89523091E-0029     11.85000000
  0.17984848     -0.32719526      7.50187547    1.40692161E+0001    2.14563170E-0029     11.87000000
  0.18015152     -0.33415268      7.50187547    1.60869214E+0001    2.45334269E-0029     11.89000000
  0.18045455     -0.34067537      7.50187547    1.84124133E+0001    2.80799280E-0029     11.91000000
  0.18075758     -0.36401957      7.50187547    2.02734183E+0001    3.09180614E-0029     11.93000000
  0.18106061     -0.36214544      7.50187547    2.36571036E+0001    3.60783649E-0029     11.95000000
  0.18136364     -0.37233376      7.50187547    2.68493465E+0001    4.09467082E-0029     11.97000000
  0.18166667     -0.40299183      7.50187547    2.90694027E+0001    4.43324144E-0029     11.99000000
  0.18196970     -0.40157177      7.50187547    3.38857130E+0001    5.16775485E-0029     12.01000000
  0.18227273     -0.43156875      7.50187547    3.67434652E+0001    5.60357754E-0029     12.03000000
  0.18257576     -0.42403890      7.50187547    4.34380607E+0001    6.62453964E-0029     12.05000000
  0.18287879     -0.44546051      7.50187547    4.80406944E+0001    7.32646621E-0029     12.07000000
  0.18318182     -0.45426287      7.50187547    5.46974880E+0001    8.34166331E-0029     12.09000000
  0.18348485     -0.46361062      7.50187547    6.21985251E+0001    9.48561212E-0029     12.11000000
  0.18378788     -0.48674865      7.50187547    6.85176605E+0001    1.04493145E-0028     12.13000000
  0.18409091     -0.50695202      7.50187547    7.59905549E+0001    1.15889714E-0028     12.15000000
  0.18439394     -0.54468582      7.50187547    8.09443015E+0001    1.23444446E-0028     12.17000000
  0.18469697     -0.55375930      7.50187547    9.21028910E+0001    1.40461900E-0028     12.19000000
  0.18500000     -0.57436754      7.50187547    1.02052932E+0002    1.55636251E-0028     12.21000000
  0.18530303     -0.58361073      7.50187547    1.16076087E+0002    1.77022322E-0028     12.23000000
  0.18560606     -0.61309514      7.50187547    1.26014004E+0002    1.92178184E-0028     12.25000000
  0.18590909     -0.61463609      7.50187547    1.45894299E+0002    2.22496712E-0028     12.27000000
  0.18621212     -0.63303002      7.50187547    1.62481849E+0002    2.47793624E-0028     12.29000000
  0.18651515     -0.65930863      7.50187547    1.77699706E+0002    2.71001680E-0028     12.31000000
  0.18681818     -0.69217383      7.50187547    1.91417644E+0002    2.91922280E-0028     12.33000000
  0.18712121     -0.70624004      7.50187547    2.15315957E+0002    3.28368502E-0028     12.35000000
  0.18742424     -0.71393254      7.50187547    2.45778666E+0002    3.74825784E-0028     12.37000000
  0.18772727     -0.74336482      7.50187547    2.66853172E+0002    4.06965547E-0028     12.39000000
  0.18803030     -0.74163800      7.50187547    3.11286041E+0002    4.74728080E-0028     12.41000000
  0.18833333     -0.77942654      7.50187547    3.31536667E+0002    5.05611382E-0028     12.43000000
  0.18863636     -0.77382268      7.50187547    3.90207752E+0002    5.95087966E-0028     12.45000000
  0.18893939     -0.82206185      7.50187547    4.05711373E+0002    6.18731827E-0028     12.47000000
  0.18924242     -0.83383436      7.50187547    4.58780701E+0002    6.99665429E-0028     12.49000000
  0.18954545     -0.87446058      7.50187547    4.85444265E+0002    7.40328809E-0028     12.51000000
  0.18984848     -0.87166166      7.50187547    5.67673681E+0002    8.65733124E-0028     12.53000000
  0.19015152     -0.91566608      7.50187547    5.96011721E+0002    9.08950171E-0028     12.55000000
  0.19045455     -0.95158752      7.50187547    6.37520025E+0002    9.72252583E-0028     12.57000000
  0.19075758     -0.96810695      7.50187547    7.13074424E+0002    1.08747714E-0027     12.59000000
  0.19106061     -0.96636860      7.50187547    8.31828269E+0002    1.26858318E-0027     12.61000000
  0.19136364     -0.99197529      7.50187547    9.11144885E+0002    1.38954532E-0027     12.63000000
  0.19166667     -0.99629053      7.50187547    1.04817226E+0003    1.59851949E-0027     12.65000000
  0.19196970     -1.06968683      7.50187547    1.02848231E+0003    1.56849126E-0027     12.67000000
  0.19227273     -1.09150016      7.50187547    1.13643333E+0003    1.73312240E-0027     12.69000000
  0.19257576     -1.10561204      7.50187547    1.27818154E+0003    1.94929611E-0027     12.71000000
  0.19287879     -1.12851801      7.50187547    1.40879251E+0003    2.14848491E-0027     12.73000000
  0.19318182     -1.19658626      7.50187547    1.39939156E+0003    2.13414795E-0027     12.75000000
  0.19348485     -1.20451881      7.50187547    1.59649352E+0003    2.43473913E-0027     12.77000000
  0.19378788     -1.23778248      7.50187547    1.71816139E+0003    2.62028921E-0027     12.79000000
  0.19409091     -1.24541144      7.50187547    1.96153226E+0003    2.99144299E-0027     12.81000000
  0.19439394     -1.25654781      7.50187547    2.22136309E+0003    3.38769908E-0027     12.83000000
  0.19469697     -1.30798243      7.50187547    2.29269027E+0003    3.49647689E-0027     12.85000000
  0.19500000     -1.30545011      7.50187547    2.67940383E+0003    4.08623603E-0027     12.87000000
  0.19530303     -1.36488728      7.50187547    2.71494771E+0003    4.14044237E-0027     12.89000000
  0.19560606     -1.38111070      7.50187547    3.03877473E+0003    4.63429613E-0027     12.91000000
  0.19590909     -1.40109946      7.50187547    3.37186525E+0003    5.14227721E-0027     12.93000000
  0.19621212     -1.42370726      7.50187547    3.71897168E+0003    5.67163333E-0027     12.95000000
  0.19651515     -1.44233480      7.50187547    4.13957535E+0003    6.31307672E-0027     12.97000000
  0.19681818     -1.53025469      7.50187547    3.92822514E+0003    5.99075619E-0027     12.99000000
  0.19712121     -1.53881247      7.50187547    4.47506188E+0003    6.82471186E-0027     13.01000000
  0.19742424     -1.58673605      7.50187547    4.65624616E+0003    7.10102770E-0027     13.03000000
  0.19772727     -1.62190045      7.50187547    4.98921239E+0003    7.60881924E-0027     13.05000000
  0.19803030     -1.64610890      7.50187547    5.48256768E+0003    8.36121280E-0027     13.07000000
  0.19833333     -1.65731711      7.50187547    6.20777922E+0003    9.46719970E-0027     13.09000000
  0.19863636     -1.69588050      7.50187547    6.59983889E+0003    1.00651119E-0026     13.11000000
  0.19893939     -1.71815690      7.50187547    7.28479595E+0003    1.11097086E-0026     13.13000000
  0.19924242     -1.69278944      7.50187547    8.97315811E+0003    1.36845523E-0026     13.15000000
  0.19954545     -1.78893011      7.50187547    8.35535890E+0003    1.27423751E-0026     13.17000000
  0.19984848     -1.78131070      7.50187547    9.87972781E+0003    1.50671203E-0026     13.19000000
  0.20015152     -1.90248929      7.50187547    8.68414071E+0003    1.32437851E-0026     13.21000000
  0.20045455     -1.93891854      7.50187547    9.27807898E+0003    1.41495732E-0026     13.23000000
  0.20075758     -1.97277682      7.50187547    9.97149440E+0003    1.52070693E-0026     13.25000000
  0.20106061     -2.04961683      7.50187547    9.70690323E+0003    1.48035534E-0026     13.27000000
  0.20136364     -2.04266801      7.50187547    1.14601417E+0004    1.74773371E-0026     13.29000000
  0.20166667     -2.01593376      7.50187547    1.41606992E+0004    2.15958336E-0026     13.31000000
  0.20196970     -2.04961683      7.50187547    1.52251678E+0004    2.32192059E-0026     13.33000000
  0.20227273     -2.15181245      7.50187547    1.39806360E+0004    2.13212274E-0026     13.35000000
  0.20257576     -2.29794049      7.50187547    1.16027078E+0004    1.76947581E-0026     13.37000000
  0.20287879     -2.14303854      7.50187547    1.92584691E+0004    2.93702089E-0026     13.39000000
  0.20318182     -2.27380681      7.50187547    1.65582316E+0004    2.52522005E-0026     13.41000000
  0.20348485     -2.26222496      7.50187547    1.97586045E+0004    3.01329424E-0026     13.43000000
  0.20378788     -2.33685857      7.50187547    1.93322822E+0004    2.94827778E-0026     13.45000000
  0.20409091     -2.22922469      7.50187547    2.87791169E+0004    4.38897128E-0026     13.47000000
  0.20439394     -2.46179730      7.50187547    1.95733568E+0004    2.98504298E-0026     13.49000000
  0.20469697     -2.46179730      7.50187547    2.27418492E+0004    3.46825524E-0026     13.51000000
  0.20500000     -2.44406854      7.50187547    2.75242188E+0004    4.19759251E-0026     13.53000000
  0.20530303     -2.51978924      7.50187547    2.68630157E+0004    4.09675546E-0026     13.55000000
  0.20560606     -2.56325496      7.50187547    2.82390127E+0004    4.30660245E-0026     13.57000000
  0.20590909     -2.49958586      7.50187547    3.79908554E+0004    5.79381131E-0026     13.59000000
  0.20621212     -2.46179730      7.50187547    4.81535254E+0004    7.34367355E-0026     13.61000000
  0.20651515     -2.66591728      7.50187547    3.49678212E+0004    5.33278222E-0026     13.63000000
  0.20681818     -2.56325496      7.50187547    5.14625566E+0004    7.84831875E-0026     13.65000000
  0.20712121     -2.76282730      7.50187547    3.77641296E+0004    5.75923439E-0026     13.67000000
  0.20742424     -2.99691049      7.50187547    2.55950951E+0004    3.90339070E-0026     13.69000000
  0.20772727     -3.06385729      7.50187547    2.54900336E+0004    3.88736825E-0026     13.71000000
  0.20803030     -3.06385729      7.50187547    2.96163048E+0004    4.51664696E-0026     13.73000000
  0.20833333     -3.06385729      7.50187547    3.44105277E+0004    5.24779194E-0026     13.75000000
  0.20863636     -2.93891856      7.50187547    5.33077721E+0004    8.12972410E-0026     13.77000000
  0.20893939     -2.93891856      7.50187547    6.19371182E+0004    9.44574614E-0026     13.79000000
  0.20924242     -2.99691049      7.50187547    6.29679454E+0004    9.60295287E-0026     13.81000000
  0.20954545     -3.23994855      7.50187547    4.18063184E+0004    6.37569009E-0026     13.83000000
  0.20984848     -2.99691049      7.50187547    8.50042123E+0004    1.29636030E-0025     13.85000000
  0.21015152     -3.14303852      7.50187547    7.05460788E+0004    1.07586593E-0025     13.87000000
  0.21075758     -3.14303852      7.50187547    9.52343899E+0004    1.45237605E-0025     13.91000000
  0.21106061     -3.36488729      7.50187547    6.63904327E+0004    1.01249007E-0025     13.93000000
  0.21136364     -3.14303852      7.50187547    1.28562624E+0005    1.96064968E-0025     13.95000000
  0.21166667     -3.36488729      7.50187547    8.96244336E+0004    1.36682118E-0025     13.97000000
  0.21196970     -3.36488729      7.50187547    1.04132642E+0005    1.58807921E-0025     13.99000000
  0.21227273     -3.36488729      7.50187547    1.20989407E+0005    1.84515402E-0025     14.01000000
  0.21257576     -3.84200855      7.50187547    4.68583030E+0004    7.14614512E-0026     14.03000000
  0.21287879     -3.54097855      7.50187547    1.08887246E+0005    1.66058951E-0025     14.05000000
  0.21318182     -3.36488729      7.50187547    1.89770515E+0005    2.89410318E-0025     14.07000000
  0.21409091     -3.84200855      7.50187547    9.92176345E+0004    1.51312269E-0025     14.13000000
  0.21439394     -3.84200855      7.50187547    1.15278769E+0005    1.75806370E-0025     14.15000000
  0.21469697     -3.84200855      7.50187547    1.33939845E+0005    2.04265522E-0025     14.17000000
  0.21530303     -3.84200855      7.50187547    1.80813444E+0005    2.75750300E-0025     14.21000000
  0.21560606     -3.84200855      7.50187547    2.10083131E+0005    3.20388158E-0025     14.23000000
  0.21590909     -3.84200855      7.50187547    2.44090930E+0005    3.72251895E-0025     14.25000000
  0.21742424     -3.84200855      7.50187547    5.16837426E+0005    7.88205080E-0025     14.35000000
  0.21893939     -3.84200855      7.50187547    1.09435006E+0006    1.66894314E-0024     14.45000000
