  0.14287879     -4.25651616      5.99880024    6.98256032E-0012    1.06487828E-0041      9.43000000
  0.14318182     -4.25651616      5.99880024    7.87262587E-0012    1.20061810E-0041      9.45000000
  0.14409091     -4.25651616      5.99880024    1.12832540E-0011    1.72075737E-0041      9.51000000
  0.14500000     -3.95548617      5.99880024    3.23429113E-0011    4.93246923E-0041      9.57000000
  0.14530303     -3.95548617      5.99880024    3.64656556E-0011    5.56121008E-0041      9.59000000
  0.14560606     -3.95548617      5.99880024    4.11139254E-0011    6.27009640E-0041      9.61000000
  0.14590909     -3.47836492      5.99880024    1.39064124E-0010    2.12080325E-0040      9.63000000
  0.14621212     -3.95548617      5.99880024    5.22635345E-0011    7.97047221E-0041      9.65000000
  0.14651515     -3.95548617      5.99880024    5.89255566E-0011    8.98646668E-0041      9.67000000
  0.14681818     -3.30227367      5.99880024    2.98965519E-0010    4.55938616E-0040      9.69000000
  0.14712121     -3.95548617      5.99880024    7.49054690E-0011    1.14234899E-0040      9.71000000
  0.14742424     -3.25651618      5.99880024    4.22268253E-0010    6.43981967E-0040      9.73000000
  0.14772727     -3.55754617      5.99880024    2.38047351E-0010    3.63035109E-0040      9.75000000
  0.14803030     -3.30227367      5.99880024    4.83104151E-0010    7.36760009E-0040      9.77000000
  0.14833333     -3.11038813      5.99880024    8.47288342E-0010    1.29216063E-0039      9.79000000
  0.14863636     -3.02606724      5.99880024    1.15999746E-0009    1.76905899E-0039      9.81000000
  0.14893939     -3.14257282      5.99880024    1.00012982E-0009    1.52525218E-0039      9.83000000
  0.14924242     -3.02606724      5.99880024    1.47457502E-0009    2.24880681E-0039      9.85000000
  0.14954545     -2.95548618      5.99880024    1.95592792E-0009    2.98289606E-0039      9.87000000
  0.14984848     -2.79411817      5.99880024    3.19761210E-0009    4.87653172E-0039      9.89000000
  0.15015152     -2.76515447      5.99880024    3.85384633E-0009    5.87732448E-0039      9.91000000
  0.15045455     -2.72503724      5.99880024    4.76558846E-0009    7.26778064E-0039      9.93000000
  0.15075758     -2.87630493      5.99880024    3.79274606E-0009    5.78414326E-0039      9.95000000
  0.15106061     -2.75136618      5.99880024    5.70160897E-0009    8.69526263E-0039      9.97000000
  0.15136364     -2.65445619      5.99880024    8.03548957E-0009    1.22545570E-0038      9.99000000
  0.15166667     -2.65445619      5.99880024    9.05977180E-0009    1.38166429E-0038     10.01000000
  0.15196970     -2.54894599      5.99880024    1.30236396E-0008    1.98617561E-0038     10.03000000
  0.15227273     -2.41141812      5.99880024    2.01541813E-0008    3.07362185E-0038     10.05000000
  0.15257576     -2.33223689      5.99880024    2.72678757E-0008    4.15849880E-0038     10.07000000
  0.15287879     -2.51615348      5.99880024    2.01298082E-0008    3.06990483E-0038     10.09000000
  0.15318182     -2.35342619      5.99880024    3.30120002E-0008    5.03450891E-0038     10.11000000
  0.15348485     -2.31699690      5.99880024    4.04767883E-0008    6.17292955E-0038     10.13000000
  0.15378788     -2.22713237      5.99880024    5.61274732E-0008    8.55974381E-0038     10.15000000
  0.15409091     -2.25219478      5.99880024    5.97335056E-0008    9.10968329E-0038     10.17000000
  0.15439394     -2.12941136      5.99880024    8.93524234E-0008    1.36267287E-0037     10.19000000
  0.15469697     -2.13266453      5.99880024    9.99903483E-0008    1.52490699E-0037     10.21000000
  0.15500000     -2.12618240      5.99880024    1.14431378E-0007    1.74514051E-0037     10.23000000
  0.15530303     -1.98005436      5.99880024    1.80625096E-0007    2.75463058E-0037     10.25000000
  0.15560606     -1.94264893      5.99880024    2.21967011E-0007    3.38511720E-0037     10.27000000
  0.15590909     -1.96426010      5.99880024    2.38112493E-0007    3.63134455E-0037     10.29000000
  0.15621212     -1.91016317      5.99880024    3.04077316E-0007    4.63734384E-0037     10.31000000
  0.15651515     -1.86031681      5.99880024    3.84534498E-0007    5.86435945E-0037     10.33000000
  0.15681818     -1.80626706      5.99880024    4.91009584E-0007    7.48816221E-0037     10.35000000
  0.15712121     -1.73537807      5.99880024    6.51754259E-0007    9.93960562E-0037     10.37000000
  0.15742424     -1.73276968      5.99880024    7.39259968E-0007    1.12741151E-0036     10.39000000
  0.15772727     -1.70021367      5.99880024    8.98375935E-0007    1.37007198E-0036     10.41000000
  0.15803030     -1.68132833      5.99880024    1.05790915E-0006    1.61336878E-0036     10.43000000
  0.15833333     -1.58257416      5.99880024    1.49729527E-0006    2.28345641E-0036     10.45000000
  0.15863636     -1.58719927      5.99880024    1.67027223E-0006    2.54725566E-0036     10.47000000
  0.15893939     -1.51932351      5.99880024    2.20174967E-0006    3.35778755E-0036     10.49000000
  0.15924242     -1.51300639      5.99880024    2.51877851E-0006    3.84127371E-0036     10.51000000
  0.15954545     -1.45855652      5.99880024    3.21917629E-0006    4.90941827E-0036     10.53000000
  0.15984848     -1.47118634      5.99880024    3.52549303E-0006    5.37656791E-0036     10.55000000
  0.16015152     -1.40464658      5.99880024    4.63302391E-0006    7.06561251E-0036     10.57000000
  0.16045455     -1.38963836      5.99880024    5.40726527E-0006    8.24637255E-0036     10.59000000
  0.16075758     -1.34429409      5.99880024    6.76747810E-0006    1.03207708E-0035     10.61000000
  0.16106061     -1.31401207      5.99880024    8.18113953E-0006    1.24766811E-0035     10.63000000
  0.16136364     -1.26175922      5.99880024    1.04033105E-0005    1.58656122E-0035     10.65000000
  0.16166667     -1.20613641      5.99880024    1.33321224E-0005    2.03322090E-0035     10.67000000
  0.16196970     -1.19961130      5.99880024    1.52591140E-0005    2.32709757E-0035     10.69000000
  0.16227273     -1.18426625      5.99880024    1.78229375E-0005    2.71809454E-0035     10.71000000
  0.16257576     -1.16625809      5.99880024    2.09455785E-0005    3.19431421E-0035     10.73000000
  0.16287879     -1.13233813      5.99880024    2.55339052E-0005    3.89405890E-0035     10.75000000
  0.16318182     -1.08449736      5.99880024    3.21412617E-0005    4.90171657E-0035     10.77000000
  0.16348485     -1.06478578      5.99880024    3.79209684E-0005    5.78315317E-0035     10.79000000
  0.16378788     -1.02888650      5.99880024    4.64390814E-0005    7.08221155E-0035     10.81000000
  0.16409091     -1.00076138      5.99880024    5.58616362E-0005    8.51920221E-0035     10.83000000
  0.16439394     -0.98770427      5.99880024    6.49046311E-0005    9.89830794E-0035     10.85000000
  0.16469697     -0.95963170      5.99880024    7.80644264E-0005    1.19052480E-0034     10.87000000
  0.16500000     -0.92630537      5.99880024    9.50351827E-0005    1.44933803E-0034     10.89000000
  0.16530303     -0.90279225      5.99880024    1.13110379E-0004    1.72499457E-0034     10.91000000
  0.16560606     -0.87648593      5.99880024    1.35492012E-0004    2.06632660E-0034     10.93000000
  0.16590909     -0.85615090      5.99880024    1.60086103E-0004    2.44139982E-0034     10.95000000
  0.16621212     -0.83623029      5.99880024    1.88964041E-0004    2.88180402E-0034     10.97000000
  0.16651515     -0.79893701      5.99880024    2.32154634E-0004    3.54048397E-0034     10.99000000
  0.16681818     -0.78979680      5.99880024    2.67314485E-0004    4.07669075E-0034     11.01000000
  0.16712121     -0.76937779      5.99880024    3.15897666E-0004    4.81761059E-0034     11.03000000
  0.16742424     -0.74329855      5.99880024    3.78207876E-0004    5.76787505E-0034     11.05000000
  0.16772727     -0.71133281      5.99880024    4.58987894E-0004    6.99981409E-0034     11.07000000
  0.16803030     -0.69102252      5.99880024    5.42271064E-0004    8.26992757E-0034     11.09000000
  0.16833333     -0.67263755      5.99880024    6.37832025E-0004    9.72728400E-0034     11.11000000
  0.16863636     -0.66389534      5.99880024    7.33759006E-0004    1.11902224E-0033     11.13000000
  0.16893939     -0.64831116      5.99880024    8.57516618E-0004    1.30775931E-0033     11.15000000
  0.16924242     -0.62143473      5.99880024    1.02854642E-0003    1.56858903E-0033     11.17000000
  0.16954545     -0.58840992      5.99880024    1.25127747E-0003    1.90826594E-0033     11.19000000
  0.16984848     -0.57581814      5.99880024    1.45227988E-0003    2.21480551E-0033     11.21000000
  0.17015152     -0.56979054      5.99880024    1.66028572E-0003    2.53202569E-0033     11.23000000
  0.17045455     -0.54860552      5.99880024    1.96549875E-0003    2.99749209E-0033     11.25000000
  0.17075758     -0.53388224      5.99880024    2.29245576E-0003    3.49611926E-0033     11.27000000
  0.17106061     -0.51105101      5.99880024    2.72418824E-0003    4.15453468E-0033     11.29000000
  0.17136364     -0.49308819      5.99880024    3.20114137E-0003    4.88191404E-0033     11.31000000
  0.17166667     -0.47627087      5.99880024    3.75169125E-0003    5.72153245E-0033     11.33000000
  0.17196970     -0.48003290      5.99880024    4.19343556E-0003    6.39521645E-0033     11.35000000
  0.17227273     -0.46279559      5.99880024    4.91940074E-0003    7.50235269E-0033     11.37000000
  0.17257576     -0.43815827      5.99880024    5.87022080E-0003    8.95240481E-0033     11.39000000
  0.17287879     -0.42184120      5.99880024    6.87189357E-0003    1.04800101E-0032     11.41000000
  0.17318182     -0.41378216      5.99880024    7.89296881E-0003    1.20372051E-0032     11.43000000
  0.17348485     -0.40980801      5.99880024    8.98089144E-0003    1.36963461E-0032     11.45000000
  0.17378788     -0.39480256      5.99880024    1.04816539E-0002    1.59850901E-0032     11.47000000
  0.17409091     -0.38459312      5.99880024    1.20988521E-0002    1.84514051E-0032     11.49000000
  0.17439394     -0.35949421      5.99880024    1.44526670E-0002    2.20411004E-0032     11.51000000
  0.17469697     -0.34754887      5.99880024    1.67493616E-0002    2.55436840E-0032     11.53000000
  0.17500000     -0.34964262      5.99880024    1.87935758E-0002    2.86612215E-0032     11.55000000
  0.17530303     -0.33686287      5.99880024    2.18219767E-0002    3.32796969E-0032     11.57000000
  0.17560606     -0.32389023      5.99880024    2.53496312E-0002    3.86595612E-0032     11.59000000
  0.17590909     -0.30834781      5.99880024    2.96223139E-0002    4.51756339E-0032     11.61000000
  0.17621212     -0.29776123      5.99880024    3.42224014E-0002    5.21910165E-0032     11.63000000
  0.17651515     -0.30020362      5.99880024    3.83683395E-0002    5.85137969E-0032     11.65000000
  0.17681818     -0.28195841      5.99880024    4.51152253E-0002    6.88031633E-0032     11.67000000
  0.17712121     -0.27438065      5.99880024    5.17613755E-0002    7.89389024E-0032     11.69000000
  0.17742424     -0.27104480      5.99880024    5.88093767E-0002    8.96874862E-0032     11.71000000
  0.17772727     -0.25530184      5.99880024    6.87534434E-0002    1.04852727E-0031     11.73000000
  0.17803030     -0.26702183      5.99880024    7.54534979E-0002    1.15070673E-0031     11.75000000
  0.17833333     -0.26022343      5.99880024    8.64137203E-0002    1.31785606E-0031     11.77000000
  0.17863636     -0.24503028      5.99880024    1.00897582E-0001    1.53874280E-0031     11.79000000
  0.17893939     -0.24872571      5.99880024    1.12795105E-0001    1.72018648E-0031     11.81000000
  0.17924242     -0.23429406      5.99880024    1.31470048E-0001    2.00498947E-0031     11.83000000
  0.17954545     -0.23474817      5.99880024    1.48073596E-0001    2.25820258E-0031     11.85000000
  0.17984848     -0.22535017      5.99880024    1.70600596E-0001    2.60175154E-0031     11.87000000
  0.18015152     -0.22180749      5.99880024    1.93922472E-0001    2.95742279E-0031     11.89000000
  0.18045455     -0.22285120      5.99880024    2.18116914E-0001    3.32640113E-0031     11.91000000
  0.18075758     -0.22725417      5.99880024    2.43439635E-0001    3.71258634E-0031     11.93000000
  0.18106061     -0.21619079      5.99880024    2.81552629E-0001    4.29383016E-0031     11.95000000
  0.18136364     -0.22204814      5.99880024    3.13189471E-0001    4.77630914E-0031     11.97000000
  0.18166667     -0.21670561      5.99880024    3.57482351E-0001    5.45179956E-0031     11.99000000
  0.18196970     -0.21405879      5.99880024    4.05514460E-0001    6.18431524E-0031     12.01000000
  0.18227273     -0.21441341      5.99880024    4.56832128E-0001    6.96693749E-0031     12.03000000
  0.18257576     -0.21662636      5.99880024    5.12446590E-0001    7.81508818E-0031     12.05000000
  0.18287879     -0.21280030      5.99880024    5.82880577E-0001    8.88924465E-0031     12.07000000
  0.18318182     -0.21698308      5.99880024    6.50881182E-0001    9.92629071E-0031     12.09000000
  0.18348485     -0.21968772      5.99880024    7.29292913E-0001    1.11221121E-0030     12.11000000
  0.18378788     -0.22192782      5.99880024    8.18025440E-0001    1.24753312E-0030     12.13000000
  0.18409091     -0.22321308      5.99880024    9.19573546E-0001    1.40239949E-0030     12.15000000
  0.18439394     -0.22583551      5.99880024    1.03054973E+0000    1.57164418E-0030     12.17000000
  0.18469697     -0.22749782      5.99880024    1.15747484E+0000    1.76521185E-0030     12.19000000
  0.18500000     -0.22729476      5.99880024    1.30562825E+0000    1.99115383E-0030     12.21000000
  0.18530303     -0.23112836      5.99880024    1.45911947E+0000    2.22523626E-0030     12.23000000
  0.18560606     -0.24132412      5.99880024    1.60694129E+0000    2.45067255E-0030     12.25000000
  0.18590909     -0.25112113      5.99880024    1.77136441E+0000    2.70142671E-0030     12.27000000
  0.18621212     -0.24418519      5.99880024    2.02931177E+0000    3.09481041E-0030     12.29000000
  0.18651515     -0.25365925      5.99880024    2.23861614E+0000    3.41401091E-0030     12.31000000
  0.18681818     -0.25404770      5.99880024    2.52171557E+0000    3.84575289E-0030     12.33000000
  0.18712121     -0.25978563      5.99880024    2.80584119E+0000    4.27905986E-0030     12.35000000
  0.18742424     -0.27492404      5.99880024    3.05512930E+0000    4.65923773E-0030     12.37000000
  0.18772727     -0.27902118      5.99880024    3.41222275E+0000    5.20382459E-0030     12.39000000
  0.18803030     -0.28817333      5.99880024    3.76695243E+0000    5.74480657E-0030     12.41000000
  0.18833333     -0.29220940      5.99880024    4.20783773E+0000    6.41718055E-0030     12.43000000
  0.18863636     -0.29991559      5.99880024    4.66077046E+0000    7.10792750E-0030     12.45000000
  0.18893939     -0.29823905      5.99880024    5.27520285E+0000    8.04497020E-0030     12.47000000
  0.18924242     -0.31899826      5.99880024    5.67002375E+0000    8.64709345E-0030     12.49000000
  0.18954545     -0.32536353      5.99880024    6.29976754E+0000    9.60748686E-0030     12.51000000
  0.18984848     -0.33811883      5.99880024    6.89722087E+0000    1.05186356E-0029     12.53000000
  0.19015152     -0.34535856      5.99880024    7.64784939E+0000    1.16633847E-0029     12.55000000
  0.19045455     -0.35082820      5.99880024    8.51480299E+0000    1.29855360E-0029     12.57000000
  0.19075758     -0.36076221      5.99880024    9.38308192E+0000    1.43097084E-0029     12.59000000
  0.19106061     -0.36867391      5.99880024    1.03881623E+0001    1.58425104E-0029     12.61000000
  0.19136364     -0.38652217      5.99880024    1.12407524E+0001    1.71427566E-0029     12.63000000
  0.19166667     -0.39557955      5.99880024    1.24120331E+0001    1.89290230E-0029     12.65000000
  0.19196970     -0.40678973      5.99880024    1.36375909E+0001    2.07980651E-0029     12.67000000
  0.19227273     -0.42413502      5.99880024    1.47739725E+0001    2.25311086E-0029     12.69000000
  0.19257576     -0.43855435      5.99880024    1.61132398E+0001    2.45735638E-0029     12.71000000
  0.19287879     -0.44027486      5.99880024    1.80953621E+0001    2.75964078E-0029     12.73000000
  0.19318182     -0.46244656      5.99880024    1.93865483E+0001    2.95655366E-0029     12.75000000
  0.19348485     -0.47390024      5.99880024    2.12888269E+0001    3.24666146E-0029     12.77000000
  0.19378788     -0.47879941      5.99880024    2.37332646E+0001    3.61945146E-0029     12.79000000
  0.19409091     -0.49263914      5.99880024    2.59192638E+0001    3.95282818E-0029     12.81000000
  0.19439394     -0.51544340      5.99880024    2.77283047E+0001    4.22871671E-0029     12.83000000
  0.19469697     -0.53710199      5.99880024    2.97419643E+0001    4.53581072E-0029     12.85000000
  0.19500000     -0.54971307      5.99880024    3.25734297E+0001    4.96762453E-0029     12.87000000
  0.19530303     -0.57464202      5.99880024    3.46768352E+0001    5.28840527E-0029     12.89000000
  0.19560606     -0.58943696      5.99880024    3.77876106E+0001    5.76281538E-0029     12.91000000
  0.19590909     -0.60757099      5.99880024    4.08620658E+0001    6.23168645E-0029     12.93000000
  0.19621212     -0.61188067      5.99880024    4.56158269E+0001    6.95666077E-0029     12.95000000
  0.19651515     -0.64468668      5.99880024    4.76885874E+0001    7.27276799E-0029     12.97000000
  0.19681818     -0.64799013      5.99880024    5.33600129E+0001    8.13769111E-0029     12.99000000
  0.19712121     -0.65772566      5.99880024    5.88281662E+0001    8.97161411E-0029     13.01000000
  0.19742424     -0.67684687      5.99880024    6.34700761E+0001    9.67953053E-0029     13.03000000
  0.19772727     -0.70948025      5.99880024    6.63805060E+0001    1.01233869E-0028     13.05000000
  0.19803030     -0.71656231      5.99880024    7.36314594E+0001    1.12291965E-0028     13.07000000
  0.19833333     -0.74974061      5.99880024    7.69112788E+0001    1.17293868E-0028     13.09000000
  0.19863636     -0.76124943      5.99880024    8.44473696E+0001    1.28786814E-0028     13.11000000
  0.19893939     -0.77122073      5.99880024    9.30507219E+0001    1.41907393E-0028     13.13000000
  0.19924242     -0.81184692      5.99880024    9.55429106E+0001    1.45708116E-0028     13.15000000
  0.19954545     -0.82499159      5.99880024    1.04510210E+0002    1.59383733E-0028     13.17000000
  0.19984848     -0.83937674      5.99880024    1.13993080E+0002    1.73845624E-0028     13.19000000
  0.20015152     -0.87522052      5.99880024    1.18342196E+0002    1.80478261E-0028     13.21000000
  0.20045455     -0.88489425      5.99880024    1.30488071E+0002    1.99001378E-0028     13.23000000
  0.20075758     -0.89478833      5.99880024    1.43807537E+0002    2.19314287E-0028     13.25000000
  0.20106061     -0.93409010      5.99880024    1.48110141E+0002    2.25875990E-0028     13.27000000
  0.20136364     -0.95700886      5.99880024    1.58405751E+0002    2.41577354E-0028     13.29000000
  0.20166667     -0.98282057      5.99880024    1.68292265E+0002    2.56654823E-0028     13.31000000
  0.20196970     -1.00124365      5.99880024    1.81863686E+0002    2.77351976E-0028     13.33000000
  0.20227273     -1.00780742      5.99880024    2.01970125E+0002    3.08015384E-0028     13.35000000
  0.20257576     -1.04379601      5.99880024    2.09605880E+0002    3.19660325E-0028     13.37000000
  0.20287879     -1.06786886      5.99880024    2.23581326E+0002    3.40973637E-0028     13.39000000
  0.20318182     -1.09186594      5.99880024    2.38530198E+0002    3.63771477E-0028     13.41000000
  0.20348485     -1.14024059      5.99880024    2.40587822E+0002    3.66909465E-0028     13.43000000
  0.20378788     -1.16414646      5.99880024    2.56727672E+0002    3.91523610E-0028     13.45000000
  0.20409091     -1.16802567      5.99880024    2.86878756E+0002    4.37505647E-0028     13.47000000
  0.20439394     -1.18500237      5.99880024    3.11047421E+0002    4.74364171E-0028     13.49000000
  0.20469697     -1.23864844      5.99880024    3.09945586E+0002    4.72683813E-0028     13.51000000
  0.20500000     -1.26440466      5.99880024    3.29332163E+0002    5.02249394E-0028     13.53000000
  0.20530303     -1.24706527      5.99880024    3.86436783E+0002    5.89337034E-0028     13.55000000
  0.20560606     -1.29178526      5.99880024    3.93064108E+0002    5.99444064E-0028     13.57000000
  0.20590909     -1.33223686      5.99880024    4.03753869E+0002    6.15746528E-0028     13.59000000
  0.20621212     -1.37684695      5.99880024    4.10782115E+0002    6.26464984E-0028     13.61000000
  0.20651515     -1.39082012      5.99880024    4.48480203E+0002    6.83956611E-0028     13.63000000
  0.20681818     -1.37228741      5.99880024    5.27692480E+0002    8.04759626E-0028     13.65000000
  0.20712121     -1.41578295      5.99880024    5.38257736E+0002    8.20872213E-0028     13.67000000
  0.20742424     -1.49534034      5.99880024    5.05286626E+0002    7.70589485E-0028     13.69000000
  0.20772727     -1.47476079      5.99880024    5.97340926E+0002    9.10977280E-0028     13.71000000
  0.20803030     -1.54302563      5.99880024    5.75522557E+0002    8.77703086E-0028     13.73000000
  0.20833333     -1.53884565      5.99880024    6.55159805E+0002    9.99154204E-0028     13.75000000
  0.20863636     -1.59281525      5.99880024    6.52352846E+0002    9.94873440E-0028     13.77000000
  0.20893939     -1.58165502      5.99880024    7.54653708E+0002    1.15088780E-0027     13.79000000
  0.20924242     -1.63846808      5.99880024    7.46516774E+0002    1.13847853E-0027     13.81000000
  0.20954545     -1.65882097      5.99880024    8.03140632E+0002    1.22483298E-0027     13.83000000
  0.20984848     -1.77507351      5.99880024    6.92857575E+0002    1.05664535E-0027     13.85000000
  0.21015152     -1.70751290      5.99880024    9.12661005E+0002    1.39185749E-0027     13.87000000
  0.21045455     -1.72503724      5.99880024    9.88302915E+0002    1.50721550E-0027     13.89000000
  0.21075758     -1.74329854      5.99880024    1.06839953E+0003    1.62936717E-0027     13.91000000
  0.21106061     -1.84997599      5.99880024    9.42239180E+0002    1.43696581E-0027     13.93000000
  0.21136364     -1.86912634      5.99880024    1.01651953E+0003    1.55024737E-0027     13.95000000
  0.21166667     -1.83656042      5.99880024    1.23534017E+0003    1.88396069E-0027     13.97000000
  0.21196970     -1.89858132      5.99880024    1.20745396E+0003    1.84143272E-0027     13.99000000
  0.21227273     -1.96426010      5.99880024    1.17029868E+0003    1.78476891E-0027     14.01000000
  0.21257576     -1.97321494      5.99880024    1.29254833E+0003    1.97120624E-0027     14.03000000
  0.21287879     -1.97548281      5.99880024    1.44971901E+0003    2.21090005E-0027     14.05000000
  0.21318182     -2.08919881      5.99880024    1.25797716E+0003    1.91848333E-0027     14.07000000
  0.21348485     -2.03120689      5.99880024    1.62094988E+0003    2.47203641E-0027     14.09000000
  0.21378788     -2.19961131      5.99880024    1.24013820E+0003    1.89127795E-0027     14.11000000
  0.21409091     -2.09815369      5.99880024    1.76617049E+0003    2.69350570E-0027     14.13000000
  0.21439394     -2.14592646      5.99880024    1.78387643E+0003    2.72050822E-0027     14.15000000
  0.21469697     -2.26088096      5.99880024    1.54353042E+0003    2.35396753E-0027     14.17000000
  0.21500000     -2.29747476      5.99880024    1.59965492E+0003    2.43956043E-0027     14.19000000
  0.21530303     -2.40525781      5.99880024    1.40717520E+0003    2.14601843E-0027     14.21000000
  0.21560606     -2.28803320      5.99880024    2.07815385E+0003    3.16929723E-0027     14.23000000
  0.21590909     -2.34270232      5.99880024    2.06591996E+0003    3.15063989E-0027     14.25000000
  0.21621212     -2.40525781      5.99880024    2.01680042E+0003    3.07572993E-0027     14.27000000
  0.21651515     -2.45033619      5.99880024    2.04969605E+0003    3.12589754E-0027     14.29000000
  0.21681818     -2.35342619      5.99880024    2.88871287E+0003    4.40544365E-0027     14.31000000
  0.21712121     -2.45717561      5.99880024    2.56483760E+0003    3.91151632E-0027     14.33000000
  0.21742424     -2.50832814      5.99880024    2.57046836E+0003    3.92010354E-0027     14.35000000
  0.21772727     -2.60330366      5.99880024    2.32885076E+0003    3.55162360E-0027     14.37000000
  0.21803030     -2.61306350      5.99880024    2.56735980E+0003    3.91536281E-0027     14.39000000
  0.21833333     -2.79411817      5.99880024    1.90781819E+0003    2.90952612E-0027     14.41000000
  0.21863636     -2.77939491      5.99880024    2.22518006E+0003    3.39352017E-0027     14.43000000
  0.21893939     -2.71244811      5.99880024    2.92696056E+0003    4.46377346E-0027     14.45000000
  0.21924242     -2.79411817      5.99880024    2.73433509E+0003    4.17000918E-0027     14.47000000
  0.21954545     -2.79411817      5.99880024    3.08288023E+0003    4.70155940E-0027     14.49000000
  0.21984848     -2.76515447      5.99880024    3.71556846E+0003    5.66644323E-0027     14.51000000
  0.22015152     -2.91409349      5.99880024    2.97297433E+0003    4.53394695E-0027     14.53000000
  0.22045455     -3.25651618      5.99880024    1.52360852E+0003    2.32358554E-0027     14.55000000
  0.22075758     -2.82515240      5.99880024    4.63812110E+0003    7.07338601E-0027     14.57000000
  0.22106061     -3.11038813      5.99880024    2.71151039E+0003    4.13520028E-0027     14.59000000
  0.22136364     -2.95548618      5.99880024    4.36735140E+0003    6.66044754E-0027     14.61000000
  0.22166667     -3.08042490      5.99880024    3.69304273E+0003    5.63209028E-0027     14.63000000
  0.22196970     -3.00124368      5.99880024    4.99655273E+0003    7.62001367E-0027     14.65000000
  0.22227273     -3.30227367      5.99880024    2.81673115E+0003    4.29566763E-0027     14.67000000
  0.22257576     -3.14257282      5.99880024    4.58723693E+0003    6.99578488E-0027     14.69000000
  0.22287879     -3.17733492      5.99880024    4.77412713E+0003    7.28080257E-0027     14.71000000
  0.22318182     -3.25651618      5.99880024    4.48557004E+0003    6.84073738E-0027     14.73000000
  0.22348485     -3.25651618      5.99880024    5.05734475E+0003    7.71272478E-0027     14.75000000
  0.22378788     -3.65445617      5.99880024    2.28080147E+0003    3.47834584E-0027     14.77000000
  0.22409091     -3.41141813      5.99880024    4.50018581E+0003    6.86302722E-0027     14.79000000
  0.22439394     -3.47836492      5.99880024    4.34899159E+0003    6.63244784E-0027     14.81000000
  0.22469697     -3.77939492      5.99880024    2.45167834E+0003    3.73894231E-0027     14.83000000
  0.22500000     -3.77939492      5.99880024    2.76419328E+0003    4.21554453E-0027     14.85000000
  0.22530303     -3.95548617      5.99880024    2.07769633E+0003    3.16859949E-0027     14.87000000
  0.22590909     -3.55754617      5.99880024    6.60285711E+0003    1.00697149E-0026     14.91000000
  0.22621212     -3.95548617      5.99880024    2.97780890E+0003    4.54131993E-0027     14.93000000
  0.22651515     -3.95548617      5.99880024    3.35738960E+0003    5.12020107E-0027     14.95000000
  0.22681818     -3.77939492      5.99880024    5.67803293E+0003    8.65930790E-0027     14.97000000
  0.22712121     -3.77939492      5.99880024    6.40181064E+0003    9.76310812E-0027     14.99000000
  0.22742424     -3.95548617      5.99880024    4.81189887E+0003    7.33840652E-0027     15.01000000
  0.22772727     -3.77939492      5.99880024    8.13790579E+0003    1.24107473E-0026     15.03000000
  0.22803030     -3.77939492      5.99880024    9.17524299E+0003    1.39927427E-0026     15.05000000
  0.22833333     -3.77939492      5.99880024    1.03448094E+0004    1.57763948E-0026     15.07000000
  0.22863636     -3.95548617      5.99880024    7.77564024E+0003    1.18582727E-0026     15.09000000
  0.22893939     -4.25651616      5.99880024    4.38339976E+0003    6.68492216E-0027     15.11000000
  0.22924242     -3.95548617      5.99880024    9.88430169E+0003    1.50740957E-0026     15.13000000
  0.22984848     -3.95548617      5.99880024    1.25648071E+0004    1.91620117E-0026     15.17000000
  0.23015152     -4.25651616      5.99880024    7.08322027E+0003    1.08022947E-0026     15.19000000
  0.23045455     -4.25651616      5.99880024    7.98611692E+0003    1.21792610E-0026     15.21000000
  0.23075758     -4.25651616      5.99880024    9.00410563E+0003    1.37317490E-0026     15.23000000
  0.23106061     -4.25651616      5.99880024    1.01518571E+0004    1.54821322E-0026     15.25000000
  0.23196970     -4.25651616      5.99880024    1.45499080E+0004    2.21893982E-0026     15.31000000
  0.23257576     -4.25651616      5.99880024    1.84956706E+0004    2.82068999E-0026     15.35000000
  0.23287879     -4.25651616      5.99880024    2.08533100E+0004    3.18024277E-0026     15.37000000
  0.23348485     -4.25651616      5.99880024    2.65084804E+0004    4.04268690E-0026     15.41000000
  0.23590909     -4.25651616      5.99880024    6.92188162E+0004    1.05562445E-0025     15.57000000
