  0.11136364     -4.23090549     21.97802198    5.48910006E-0016    8.37117503E-0046      7.35000000
  0.11196970     -3.92987549     21.97802198    2.64440817E-0015    4.03286575E-0045      7.39000000
  0.11287879     -3.92987549     21.97802198    9.88608887E-0015    1.50768212E-0044      7.45000000
  0.11318182     -3.53193548     21.97802198    3.83586397E-0014    5.84990041E-0044      7.47000000
  0.11348485     -3.27666299     21.97802198    1.07160409E-0013    1.63425430E-0043      7.49000000
  0.11378788     -3.38580744     21.97802198    1.29356598E-0013    1.97275822E-0043      7.51000000
  0.11409091     -3.11696214     21.97802198    3.72848639E-0013    5.68614378E-0043      7.53000000
  0.11439394     -2.83296547     21.97802198    1.11282764E-0012    1.69712245E-0042      7.55000000
  0.11469697     -2.79954170     21.97802198    1.86530709E-0012    2.84469439E-0042      7.57000000
  0.11500000     -2.56814765     21.97802198    4.93222708E-0012    7.52191356E-0042      7.59000000
  0.11530303     -2.44557565     21.97802198    1.01511147E-0011    1.54810000E-0041      7.61000000
  0.11560606     -2.31709162     21.97802198    2.11785609E-0011    3.22984530E-0041      7.63000000
  0.11590909     -2.12369552     21.97802198    5.13087244E-0011    7.82485850E-0041      7.65000000
  0.11621212     -1.99285938     21.97802198    1.07628189E-0010    1.64138820E-0040      7.67000000
  0.11651515     -1.92555410     21.97802198    1.95042827E-0010    2.97450880E-0040      7.69000000
  0.11681818     -1.76403785     21.97802198    4.39081271E-0010    6.69622731E-0040      7.71000000
  0.11712121     -1.66980411     21.97802198    8.46598165E-0010    1.29110808E-0039      7.73000000
  0.11742424     -1.55696348     21.97802198    1.70379219E-0009    2.59837542E-0039      7.75000000
  0.11772727     -1.45638853     21.97802198    3.33342165E-0009    5.08364864E-0039      7.77000000
  0.11803030     -1.36639441     21.97802198    6.36477482E-0009    9.70662648E-0039      7.79000000
  0.11833333     -1.25272497     21.97802198    1.28336786E-0008    1.95720553E-0038      7.81000000
  0.11863636     -1.15426503     21.97802198    2.49867498E-0008    3.81061474E-0038      7.83000000
  0.11893939     -1.09165626     21.97802198    4.47937286E-0008    6.83128634E-0038      7.85000000
  0.11924242     -0.97926726     21.97802198    9.00543900E-0008    1.37337825E-0037      7.87000000
  0.11954545     -0.89584898     21.97802198    1.69364286E-0007    2.58289714E-0037      7.89000000
  0.11984848     -0.81476447     21.97802198    3.16814481E-0007    4.83159251E-0037      7.91000000
  0.12015152     -0.75147415     21.97802198    5.68845086E-0007    8.67519581E-0037      7.93000000
  0.12045455     -0.68362317     21.97802198    1.03215203E-0006    1.57408777E-0036      7.95000000
  0.12075758     -0.60384702     21.97802198    1.92494572E-0006    2.93564652E-0036      7.97000000
  0.12106061     -0.54552206     21.97802198    3.41697752E-0006    5.21107587E-0036      7.99000000
  0.12136364     -0.48700391     21.97802198    6.06818690E-0006    9.25431384E-0036      8.01000000
  0.12166667     -0.42915887     21.97802198    1.07597619E-0005    1.64092199E-0035      8.03000000
  0.12196970     -0.36889342     21.97802198    1.91852200E-0005    2.92585002E-0035      8.05000000
  0.12227273     -0.32548740     21.97802198    3.29057260E-0005    5.01830152E-0035      8.07000000
  0.12257576     -0.27253274     21.97802198    5.76932245E-0005    8.79852935E-0035      8.09000000
  0.12287879     -0.23720477     21.97802198    9.71295683E-0005    1.48127855E-0034      8.11000000
  0.12318182     -0.18726818     21.97802198    1.69116788E-0004    2.57912265E-0034      8.13000000
  0.12348485     -0.14887451     21.97802198    2.86733917E-0004    4.37284760E-0034      8.15000000
  0.12378788     -0.10865682     21.97802198    4.88197356E-0004    7.44527422E-0034      8.17000000
  0.12409091     -0.07953561     21.97802198    8.10243032E-0004    1.23566453E-0033      8.19000000
  0.12439394     -0.04920478     21.97802198    1.34848095E-0003    2.05650651E-0033      8.21000000
  0.12469697     -0.02184644     21.97802198    2.22895768E-0003    3.39928124E-0033      8.23000000
  0.12500000      0.00851915     21.97802198    3.70993318E-0003    5.65784912E-0033      8.25000000
  0.12530303      0.02041635     21.97802198    5.91782290E-0003    9.02500059E-0033      8.27000000
  0.12560606      0.04994597     21.97802198    9.83083147E-0003    1.49925507E-0032      8.29000000
  0.12590909      0.07442439     21.97802198    1.61423718E-0002    2.46179917E-0032      8.31000000
  0.12621212      0.08973925     21.97802198    2.59526004E-0002    3.95791219E-0032      8.33000000
  0.12651515      0.10076469     21.97802198    4.13147375E-0002    6.30072135E-0032      8.35000000
  0.12681818      0.11330990     21.97802198    6.60007517E-0002    1.00654723E-0031      8.37000000
  0.12712121      0.11800270     21.97802198    1.03547675E-0001    1.57915815E-0031      8.39000000
  0.12742424      0.12685790     21.97802198    1.64019023E-0001    2.50137898E-0031      8.41000000
  0.12772727      0.13298841     21.97802198    2.58180484E-0001    3.93739228E-0031      8.43000000
  0.12803030      0.13302599     21.97802198    4.00737205E-0001    6.11145952E-0031      8.45000000
  0.12833333      0.13540539     21.97802198    6.25370991E-0001    9.53724648E-0031      8.47000000
  0.12863636      0.13280050     21.97802198    9.64787164E-0001    1.47135270E-0030      8.49000000
  0.12893939      0.13311993     21.97802198    1.49847541E+0000    2.28525620E-0030      8.51000000
  0.12924242      0.12127705     21.97802198    2.26310869E+0000    3.45136338E-0030      8.53000000
  0.12954545      0.11808050     21.97802198    3.48664343E+0000    5.31732016E-0030      8.55000000
  0.12984848      0.10555427     21.97802198    5.25750851E+0000    8.01798537E-0030      8.57000000
  0.13015152      0.09830928     21.97802198    8.02478990E+0000    1.22382394E-0029      8.59000000
  0.13045455      0.08615449     21.97802198    1.21109315E+0001    1.84698267E-0029      8.61000000
  0.13075758      0.07367123     21.97802198    1.82638765E+0001    2.78534014E-0029      8.63000000
  0.13106061      0.05413395     21.97802198    2.70990679E+0001    4.13275470E-0029      8.65000000
  0.13136364      0.03970348     21.97802198    4.06838986E+0001    6.20451500E-0029      8.67000000
  0.13166667      0.01966090     21.97802198    6.02946324E+0001    9.19525816E-0029      8.69000000
  0.13196970     -0.00048211     21.97802198    8.93376074E+0001    1.36244692E-0028      8.71000000
  0.13227273     -0.02122964     21.97802198    1.32186001E+0002    2.01590814E-0028      8.73000000
  0.13257576     -0.05417771     21.97802198    1.90167397E+0002    2.90015585E-0028      8.75000000
  0.13287879     -0.07396278     21.97802198    2.82000362E+0002    4.30065832E-0028      8.77000000
  0.13318182     -0.10350907     21.97802198    4.08885818E+0002    6.23573029E-0028      8.79000000
  0.13348485     -0.14156568     21.97802198    5.81358622E+0002    8.86603400E-0028      8.81000000
  0.13378788     -0.16596107     21.97802198    8.52996799E+0002    1.30086634E-0027      8.83000000
  0.13409091     -0.20864209     21.97802198    1.19995524E+0003    1.82999676E-0027      8.85000000
  0.13439394     -0.23221034     21.97802198    1.76398738E+0003    2.69017634E-0027      8.87000000
  0.13469697     -0.27334609     21.97802198    2.49033858E+0003    3.79790127E-0027      8.89000000
  0.13500000     -0.30482040     21.97802198    3.59486641E+0003    5.48236607E-0027      8.91000000
  0.13530303     -0.35226881     21.97802198    5.00187717E+0003    7.62813371E-0027      8.93000000
  0.13560606     -0.38873325     21.97802198    7.13784738E+0003    1.08856040E-0026      8.95000000
  0.13590909     -0.43287667     21.97802198    1.00074287E+0004    1.52618711E-0026      8.97000000
  0.13621212     -0.46815190     21.97802198    1.43200967E+0004    2.18389234E-0026      8.99000000
  0.13651515     -0.51157420     21.97802198    2.01104751E+0004    3.06695643E-0026      9.01000000
  0.13681818     -0.54767826     21.97802198    2.87221497E+0004    4.38028346E-0026      9.03000000
  0.13712121     -0.61045709     21.97802198    3.85777405E+0004    5.88331446E-0026      9.05000000
  0.13742424     -0.66364378     21.97802198    5.29722926E+0004    8.07856167E-0026      9.07000000
  0.13772727     -0.70573106     21.97802198    7.46208449E+0004    1.13800832E-0025      9.09000000
  0.13803030     -0.75567025     21.97802198    1.03233261E+0005    1.57436316E-0025      9.11000000
  0.13833333     -0.79857770     21.97802198    1.45147938E+0005    2.21358470E-0025      9.13000000
  0.13863636     -0.86113320     21.97802198    1.95053630E+0005    2.97467355E-0025      9.15000000
  0.13893939     -0.90909999     21.97802198    2.71072791E+0005    4.13400695E-0025      9.17000000
  0.13924242     -0.96774303     21.97802198    3.67571271E+0005    5.60566105E-0025      9.19000000
  0.13954545     -1.02515994     21.97802198    4.99831151E+0005    7.62269589E-0025      9.21000000
  0.13984848     -1.10282945     21.97802198    6.48712824E+0005    9.89322208E-0025      9.23000000
  0.14015152     -1.12984610     21.97802198    9.46094466E+0005    1.44284533E-0024      9.25000000
  0.14045455     -1.19547576     21.97802198    1.26241898E+0006    1.92525735E-0024      9.27000000
  0.14075758     -1.26009388     21.97802198    1.68843394E+0006    2.57495324E-0024      9.29000000
  0.14106061     -1.29995643     21.97802198    2.39067309E+0006    3.64590600E-0024      9.31000000
  0.14136364     -1.36461816     21.97802198    3.19710679E+0006    4.87576110E-0024      9.33000000
  0.14166667     -1.46822690     21.97802198    3.90883265E+0006    5.96118160E-0024      9.35000000
  0.14196970     -1.49212492     21.97802198    5.74179560E+0006    8.75654941E-0024      9.37000000
  0.14227273     -1.61600828     21.97802198    6.69981859E+0006    1.02175864E-0023      9.39000000
  0.14257576     -1.62560044     21.97802198    1.01711381E+0007    1.55115368E-0023      9.41000000
  0.14287879     -1.67823727     21.97802198    1.39839995E+0007    2.13263570E-0023      9.43000000
  0.14318182     -1.76552264     21.97802198    1.77518942E+0007    2.70726006E-0023      9.45000000
  0.14348485     -1.88848281     21.97802198    2.07578900E+0007    3.16569071E-0023      9.47000000
  0.14378788     -1.94760423     21.97802198    2.81164479E+0007    4.28791066E-0023      9.49000000
  0.14409091     -2.01342152     21.97802198    3.75009127E+0007    5.71909239E-0023      9.51000000
  0.14439394     -2.08477743     21.97802198    4.93838112E+0007    7.53129881E-0023      9.53000000
  0.14469697     -2.17400062     21.97802198    6.24108490E+0007    9.51799265E-0023      9.55000000
  0.14500000     -2.18558250     21.97802198    9.43141546E+0007    1.43834196E-0022      9.57000000
  0.14530303     -2.33327840     21.97802198    1.04178873E+0008    1.58878426E-0022      9.59000000
  0.14560606     -2.38580743     21.97802198    1.43268034E+0008    2.18491515E-0022      9.61000000
  0.14590909     -2.39205638     21.97802198    2.19179039E+0008    3.34259911E-0022      9.63000000
  0.14621212     -2.58745280     21.97802198    2.16920840E+0008    3.30816036E-0022      9.65000000
  0.14651515     -2.62884549     21.97802198    3.06060480E+0008    4.66758816E-0022      9.67000000
  0.14681818     -2.75378422     21.97802198    3.56260117E+0008    5.43315982E-0022      9.69000000
  0.14712121     -2.81593214     21.97802198    4.79201264E+0008    7.30807894E-0022      9.71000000
  0.14742424     -2.92987549     21.97802198    5.72101754E+0008    8.72486175E-0022      9.73000000
  0.14772727     -2.90868620     21.97802198    9.32311921E+0008    1.42182620E-0021      9.75000000
  0.14803030     -3.02678551     21.97802198    1.10245433E+0009    1.68130259E-0021      9.77000000
  0.14833333     -2.85069422     21.97802198    2.56655495E+0009    3.91413537E-0021      9.79000000
  0.14863636     -3.08477744     21.97802198    2.32362488E+0009    3.54365386E-0021      9.81000000
  0.14893939     -3.45275421     21.97802198    1.54556731E+0009    2.35707389E-0021      9.83000000
  0.14924242     -3.27666299     21.97802198    3.59813802E+0009    5.48735546E-0021      9.85000000
  0.14954545     -3.32781550     21.97802198    4.96391091E+0009    7.57023312E-0021      9.87000000
  0.14984848     -3.45275421     21.97802198    5.77808521E+0009    8.81189304E-0021      9.89000000
  0.15015152     -4.23090549     21.97802198    1.49462189E+0009    2.27937937E-0021      9.91000000
  0.15045455     -3.62884550     21.97802198    9.27876131E+0009    1.41506138E-0020      9.93000000
  0.15075758     -3.92987549     21.97802198    7.20043411E+0009    1.09810522E-0020      9.95000000
  0.15106061     -3.75378421     21.97802198    1.67628802E+0010    2.55643006E-0020      9.97000000
  0.15136364     -4.23090549     21.97802198    8.67213504E+0009    1.32254758E-0020      9.99000000
  0.15166667     -3.75378421     21.97802198    4.03781100E+0010    6.15788057E-0020     10.01000000
  0.15227273     -4.23090549     21.97802198    3.24206749E+0010    4.94432861E-0020     10.05000000
  0.15257576     -4.23090549     21.97802198    5.03176935E+0010    7.67372091E-0020     10.07000000
