  0.11681818     -4.23255143     14.00560224    4.62915965E-0016    7.05971931E-0046      7.71000000
  0.11833333     -4.23255143     14.00560224    1.87826876E-0015    2.86446164E-0045      7.81000000
  0.11893939     -4.23255143     14.00560224    3.28897042E-0015    5.01585810E-0045      7.85000000
  0.11984848     -4.23255143     14.00560224    7.62102372E-0015    1.16224741E-0044      7.91000000
  0.12045455     -4.23255143     14.00560224    1.33449068E-0014    2.03517059E-0044      7.95000000
  0.12075758     -3.75543018     14.00560224    5.29770663E-0014    8.07928968E-0044      7.97000000
  0.12106061     -3.63049144     14.00560224    9.34711887E-0014    1.42548628E-0043      7.99000000
  0.12136364     -3.63049144     14.00560224    1.23688374E-0013    1.88631473E-0043      8.01000000
  0.12166667     -3.75543018     14.00560224    1.22755582E-0013    1.87208915E-0043      8.03000000
  0.12196970     -3.27830894     14.00560224    4.87319297E-0013    7.43188335E-0043      8.05000000
  0.12227273     -3.32946144     14.00560224    5.73207974E-0013    8.74173220E-0043      8.07000000
  0.12257576     -3.11860808     14.00560224    1.23258449E-0012    1.87975813E-0042      8.09000000
  0.12287879     -3.27830894     14.00560224    1.12918982E-0012    1.72207567E-0042      8.11000000
  0.12318182     -3.02843145     14.00560224    2.65641280E-0012    4.05117347E-0042      8.13000000
  0.12348485     -2.91033215     14.00560224    4.61366416E-0012    7.03608785E-0042      8.15000000
  0.12378788     -2.83461143     14.00560224    7.26804846E-0012    1.10841677E-0041      8.17000000
  0.12409091     -2.67624895     14.00560224    1.38494143E-0011    2.11211073E-0041      8.19000000
  0.12439394     -2.49218874     14.00560224    2.79990134E-0011    4.27000127E-0041      8.21000000
  0.12469697     -2.48436341     14.00560224    3.77241256E-0011    5.75313357E-0041      8.23000000
  0.12500000     -2.46169942     14.00560224    5.25937677E-0011    8.02083456E-0041      8.25000000
  0.12530303     -2.31873759     14.00560224    9.67268906E-0011    1.47513750E-0040      8.27000000
  0.12560606     -2.25028021     14.00560224    1.49849649E-0010    2.28528834E-0040      8.29000000
  0.12590909     -2.16066942     14.00560224    2.43734847E-0010    3.71708849E-0040      8.31000000
  0.12621212     -2.05646017     14.00560224    4.09994470E-0010    6.25263783E-0040      8.33000000
  0.12651515     -2.01244334     14.00560224    6.00407275E-0010    9.15653628E-0040      8.35000000
  0.12681818     -1.91868420     14.00560224    9.85952965E-0010    1.50363170E-0039      8.37000000
  0.12712121     -1.83635209     14.00560224    1.57702806E-0009    2.40505325E-0039      8.39000000
  0.12742424     -1.72604642     14.00560224    2.69027211E-0009    4.10281074E-0039      8.41000000
  0.12772727     -1.66788537     14.00560224    4.07013085E-0009    6.20717009E-0039      8.43000000
  0.12803030     -1.61555109     14.00560224    6.07566432E-0009    9.26571732E-0039      8.45000000
  0.12833333     -1.52158832     14.00560224    9.98177224E-0009    1.52227435E-0038      8.47000000
  0.12863636     -1.46465382     14.00560224    1.50589008E-0008    2.29656397E-0038      8.49000000
  0.12893939     -1.40389155     14.00560224    2.29195798E-0008    3.49536012E-0038      8.51000000
  0.12924242     -1.34662510     14.00560224    3.46038339E-0008    5.27727217E-0038      8.53000000
  0.12954545     -1.27686367     14.00560224    5.37695955E-0008    8.20015467E-0038      8.55000000
  0.12984848     -1.24982805     14.00560224    7.57222491E-0008    1.15480533E-0037      8.57000000
  0.13015152     -1.17602771     14.00560224    1.18761304E-0007    1.81117424E-0037      8.59000000
  0.13045455     -1.10382916     14.00560224    1.85577201E-0007    2.83015287E-0037      8.61000000
  0.13075758     -1.07388746     14.00560224    2.63097932E-0007    4.01238603E-0037      8.63000000
  0.13106061     -1.00440782     14.00560224    4.08552798E-0007    6.23065155E-0037      8.65000000
  0.13136364     -0.95700974     14.00560224    6.02972333E-0007    9.19565481E-0037      8.67000000
  0.13166667     -0.90254372     14.00560224    9.04512389E-0007    1.37943041E-0036      8.69000000
  0.13196970     -0.86296454     14.00560224    1.31112717E-0006    1.99953998E-0036      8.71000000
  0.13227273     -0.81791228     14.00560224    1.92463417E-0006    2.93517140E-0036      8.73000000
  0.13257576     -0.77664121     14.00560224    2.80072445E-0006    4.27125654E-0036      8.75000000
  0.13287879     -0.72294573     14.00560224    4.19388938E-0006    6.39590856E-0036      8.77000000
  0.13318182     -0.67878972     14.00560224    6.14361656E-0006    9.36934815E-0036      8.79000000
  0.13348485     -0.63343285     14.00560224    9.02468560E-0006    1.37631346E-0035      8.81000000
  0.13378788     -0.60569801     14.00560224    1.27296964E-0005    1.94134767E-0035      8.83000000
  0.13409091     -0.56017645     14.00560224    1.87064216E-0005    2.85283066E-0035      8.85000000
  0.13439394     -0.53202078     14.00560224    2.64117699E-0005    4.02793802E-0035      8.87000000
  0.13469697     -0.49313734     14.00560224    3.82236417E-0005    5.82931248E-0035      8.89000000
  0.13500000     -0.45173024     14.00560224    5.56404034E-0005    8.48546301E-0035      8.91000000
  0.13530303     -0.43094194     14.00560224    7.72377630E-0005    1.17791774E-0034      8.93000000
  0.13560606     -0.39426917     14.00560224    1.11212492E-0004    1.69605076E-0034      8.95000000
  0.13590909     -0.36697372     14.00560224    1.56711237E-0004    2.38993128E-0034      8.97000000
  0.13621212     -0.34889000     14.00560224    2.16189685E-0004    3.29700985E-0034      8.99000000
  0.13651515     -0.31958581     14.00560224    3.06048518E-0004    4.66740574E-0034      9.01000000
  0.13681818     -0.29108969     14.00560224    4.32451607E-0004    6.59512133E-0034      9.03000000
  0.13712121     -0.27274709     14.00560224    5.96940751E-0004    9.10366992E-0034      9.05000000
  0.13742424     -0.24399247     14.00560224    8.43989346E-0004    1.28712948E-0033      9.07000000
  0.13772727     -0.22728510     14.00560224    1.16063442E-0003    1.77003038E-0033      9.09000000
  0.13803030     -0.20618162     14.00560224    1.61231555E-0003    2.45886858E-0033      9.11000000
  0.13833333     -0.18922844     14.00560224    2.21847399E-0003    3.38329304E-0033      9.13000000
  0.13863636     -0.16306834     14.00560224    3.11792426E-0003    4.75500344E-0033      9.15000000
  0.13893939     -0.15145627     14.00560224    4.23768567E-0003    6.46270027E-0033      9.17000000
  0.13924242     -0.13923484     14.00560224    5.76768174E-0003    8.79602719E-0033      9.19000000
  0.13954545     -0.12018106     14.00560224    7.97454991E-0003    1.21616207E-0032      9.21000000
  0.13984848     -0.11637553     14.00560224    1.06454208E-0002    1.62348435E-0032      9.23000000
  0.14015152     -0.10237853     14.00560224    1.45482562E-0002    2.21868790E-0032      9.25000000
  0.14045455     -0.09025584     14.00560224    1.97963329E-0002    3.01904803E-0032      9.27000000
  0.14075758     -0.08428819     14.00560224    2.65584982E-0002    4.05031488E-0032      9.29000000
  0.14106061     -0.07334530     14.00560224    3.60410574E-0002    5.49645655E-0032      9.31000000
  0.14136364     -0.06032807     14.00560224    4.91434747E-0002    7.49464618E-0032      9.33000000
  0.14166667     -0.05521698     14.00560224    6.58003297E-0002    1.00349068E-0031      9.35000000
  0.14196970     -0.04681101     14.00560224    8.87738695E-0002    1.35384961E-0031      9.37000000
  0.14227273     -0.04054183     14.00560224    1.19180567E-0001    1.81756823E-0031      9.39000000
  0.14257576     -0.04325768     14.00560224    1.56725879E-0001    2.39015457E-0031      9.41000000
  0.14287879     -0.03690080     14.00560224    2.10449895E-0001    3.20947493E-0031      9.43000000
  0.14318182     -0.03290595     14.00560224    2.81057177E-0001    4.28627424E-0031      9.45000000
  0.14348485     -0.03263177     14.00560224    3.72151671E-0001    5.67551464E-0031      9.47000000
  0.14378788     -0.03706690     14.00560224    4.87456598E-0001    7.43397725E-0031      9.49000000
  0.14409091     -0.03339986     14.00560224    6.50510203E-0001    9.92063308E-0031      9.51000000
  0.14439394     -0.03596078     14.00560224    8.55744882E-0001    1.30505732E-0030      9.53000000
  0.14469697     -0.03937116     14.00560224    1.12353095E+0000    1.71344558E-0030      9.55000000
  0.14500000     -0.03789836     14.00560224    1.49179436E+0000    2.27506723E-0030      9.57000000
  0.14530303     -0.04791677     14.00560224    1.92904189E+0000    2.94189342E-0030      9.59000000
  0.14560606     -0.05498608     14.00560224    2.51144383E+0000    3.83008792E-0030      9.61000000
  0.14590909     -0.06044495     14.00560224    3.28182722E+0000    5.00496434E-0030      9.63000000
  0.14621212     -0.07307448     14.00560224    4.21829845E+0000    6.43313371E-0030      9.65000000
  0.14651515     -0.07289402     14.00560224    5.58430179E+0000    8.51636282E-0030      9.67000000
  0.14681818     -0.08913063     14.00560224    7.11841624E+0000    1.08559705E-0029      9.69000000
  0.14712121     -0.08994300     14.00560224    9.40204064E+0000    1.43386214E-0029      9.71000000
  0.14742424     -0.10263606     14.00560224    1.20831503E+0001    1.84274590E-0029      9.73000000
  0.14772727     -0.11677456     14.00560224    1.54772145E+0001    2.36035908E-0029      9.75000000
  0.14803030     -0.12724567     14.00560224    1.99927625E+0001    3.04900461E-0029      9.77000000
  0.14833333     -0.13898968     14.00560224    2.57501587E+0001    3.92703873E-0029      9.79000000
  0.14863636     -0.15663965     14.00560224    3.27175709E+0001    4.98960685E-0029      9.81000000
  0.14893939     -0.16783143     14.00560224    4.21929988E+0001    6.43466094E-0029      9.83000000
  0.14924242     -0.17924244     14.00560224    5.43851708E+0001    8.29403324E-0029      9.85000000
  0.14954545     -0.19816363     14.00560224    6.88986035E+0001    1.05074104E-0028      9.87000000
  0.14984848     -0.22165812     14.00560224    8.63708197E+0001    1.31720180E-0028      9.89000000
  0.15015152     -0.23652159     14.00560224    1.10447195E+0002    1.68437958E-0028      9.91000000
  0.15045455     -0.25136728     14.00560224    1.41240782E+0002    2.15399845E-0028      9.93000000
  0.15075758     -0.27370098     14.00560224    1.77532363E+0002    2.70746474E-0028      9.95000000
  0.15106061     -0.28698436     14.00560224    2.27848024E+0002    3.47480583E-0028      9.97000000
  0.15136364     -0.31604485     14.00560224    2.81991420E+0002    4.30052195E-0028      9.99000000
  0.15166667     -0.33289506     14.00560224    3.58952349E+0002    5.47421783E-0028     10.01000000
  0.15196970     -0.35604493     14.00560224    4.50337429E+0002    6.86788981E-0028     10.03000000
  0.15227273     -0.37305286     14.00560224    5.73035104E+0002    8.73909585E-0028     10.05000000
  0.15257576     -0.40202693     14.00560224    7.09346252E+0002    1.08179147E-0027     10.07000000
  0.15287879     -0.41116893     14.00560224    9.19109786E+0002    1.40169223E-0027     10.09000000
  0.15318182     -0.45144258     14.00560224    1.10852336E+0003    1.69055820E-0027     10.11000000
  0.15348485     -0.47092426     14.00560224    1.40253688E+0003    2.13894473E-0027     10.13000000
  0.15378788     -0.49337481     14.00560224    1.76244207E+0003    2.68781965E-0027     10.15000000
  0.15409091     -0.52805773     14.00560224    2.15319345E+0003    3.28373669E-0027     10.17000000
  0.15439394     -0.56221280     14.00560224    2.63377758E+0003    4.01665352E-0027     10.19000000
  0.15469697     -0.58059537     14.00560224    3.34077817E+0003    5.09486773E-0027     10.21000000
  0.15500000     -0.59867917     14.00560224    4.24047937E+0003    6.46696082E-0027     10.23000000
  0.15530303     -0.62606257     14.00560224    5.26844769E+0003    8.03466821E-0027     10.25000000
  0.15560606     -0.65817287     14.00560224    6.47475718E+0003    9.87435554E-0027     10.27000000
  0.15590909     -0.68588539     14.00560224    8.03826055E+0003    1.22587829E-0026     10.29000000
  0.15621212     -0.72645246     14.00560224    9.68826757E+0003    1.47751330E-0026     10.31000000
  0.15651515     -0.76731735     14.00560224    1.16689655E+0004    1.77958046E-0026     10.33000000
  0.15681818     -0.79132777     14.00560224    1.46107680E+0004    2.22822129E-0026     10.35000000
  0.15712121     -0.82278733     14.00560224    1.79831020E+0004    2.74252050E-0026     10.37000000
  0.15742424     -0.84766065     14.00560224    2.24720350E+0004    3.42710710E-0026     10.39000000
  0.15772727     -0.90457982     14.00560224    2.60840093E+0004    3.97795277E-0026     10.41000000
  0.15803030     -0.91095299     14.00560224    3.40135761E+0004    5.18725466E-0026     10.43000000
  0.15833333     -0.96584946     14.00560224    3.96649524E+0004    6.04912018E-0026     10.45000000
  0.15863636     -0.99525910     14.00560224    4.90510621E+0004    7.48055276E-0026     10.47000000
  0.15893939     -1.03914853     14.00560224    5.86691910E+0004    8.94736953E-0026     10.49000000
  0.15924242     -1.08056902     14.00560224    7.05733481E+0004    1.07628180E-0025     10.51000000
  0.15954545     -1.11461761     14.00560224    8.63462036E+0004    1.31682639E-0025     10.53000000
  0.15984848     -1.11827413     14.00560224    1.13302069E+0005    1.72791794E-0025     10.55000000
  0.16015152     -1.17679096     14.00560224    1.31030417E+0005    1.99828487E-0025     10.57000000
  0.16045455     -1.21551809     14.00560224    1.58597418E+0005    2.41869657E-0025     10.59000000
  0.16075758     -1.26081183     14.00560224    1.89083438E+0005    2.88362489E-0025     10.61000000
  0.16106061     -1.29553533     14.00560224    2.30983578E+0005    3.52262473E-0025     10.63000000
  0.16136364     -1.32086128     14.00560224    2.88340915E+0005    4.39735519E-0025     10.65000000
  0.16166667     -1.41432556     14.00560224    3.07675637E+0005    4.69222019E-0025     10.67000000
  0.16196970     -1.41038334     14.00560224    4.10852975E+0005    6.26573050E-0025     10.69000000
  0.16227273     -1.48747665     14.00560224    4.55244018E+0005    6.94271795E-0025     10.71000000
  0.16257576     -1.50582421     14.00560224    5.77494432E+0005    8.80710302E-0025     10.73000000
  0.16287879     -1.57549557     14.00560224    6.50919907E+0005    9.92688130E-0025     10.75000000
  0.16318182     -1.57073876     14.00560224    8.70834214E+0005    1.32806936E-0024     10.77000000
  0.16348485     -1.61870959     14.00560224    1.03184809E+0006    1.57362425E-0024     10.79000000
  0.16378788     -1.65621009     14.00560224    1.25246725E+0006    1.91008043E-0024     10.81000000
  0.16409091     -1.69222194     14.00560224    1.52547693E+0006    2.32643499E-0024     10.83000000
  0.16439394     -1.80766980     14.00560224    1.54742247E+0006    2.35990311E-0024     10.85000000
  0.16469697     -1.76865843     14.00560224    2.24012054E+0006    3.41630520E-0024     10.87000000
  0.16500000     -1.89409492     14.00560224    2.22068014E+0006    3.38665755E-0024     10.89000000
  0.16530303     -1.91448810     14.00560224    2.80378010E+0006    4.27591658E-0024     10.91000000
  0.16560606     -1.99955532     14.00560224    3.05019667E+0006    4.65171520E-0024     10.93000000
  0.16590909     -2.03115431     14.00560224    3.75301214E+0006    5.72354688E-0024     10.95000000
  0.16621212     -2.08642342     14.00560224    4.37282381E+0006    6.66879326E-0024     10.97000000
  0.16651515     -2.09267234     14.00560224    5.70379844E+0006    8.69860169E-0024     10.99000000
  0.16681818     -2.16436556     14.00560224    6.39914676E+0006    9.75904557E-0024     11.01000000
  0.16712121     -2.16809344     14.00560224    8.39547550E+0006    1.28035551E-0023     11.03000000
  0.16742424     -2.26406847     14.00560224    8.90679352E+0006    1.35833428E-0023     11.05000000
  0.16772727     -2.29303217     14.00560224    1.10257668E+0007    1.68148918E-0023     11.07000000
  0.16803030     -2.43321088     14.00560224    1.05652848E+0007    1.61126318E-0023     11.09000000
  0.16833333     -2.43321088     14.00560224    1.39808097E+0007    2.13214923E-0023     11.11000000
  0.16863636     -2.49218874     14.00560224    1.61512290E+0007    2.46314994E-0023     11.13000000
  0.16893939     -2.63049145     14.00560224    1.55436848E+0007    2.37049615E-0023     11.15000000
  0.16924242     -2.50827557     14.00560224    2.72534184E+0007    4.15629399E-0023     11.17000000
  0.16954545     -2.65276785     14.00560224    2.58570999E+0007    3.94334785E-0023     11.19000000
  0.16984848     -2.61976759     14.00560224    3.69174072E+0007    5.63010465E-0023     11.21000000
  0.17015152     -2.80118767     14.00560224    3.21708270E+0007    4.90622544E-0023     11.23000000
  0.17045455     -2.75543018     14.00560224    4.73010558E+0007    7.21366731E-0023     11.25000000
  0.17075758     -2.80118767     14.00560224    5.63332044E+0007    8.59111892E-0023     11.27000000
  0.17106061     -2.77015343     14.00560224    8.00663088E+0007    1.22105459E-0022     11.29000000
  0.17136364     -2.85234020     14.00560224    8.76827496E+0007    1.33720944E-0022     11.31000000
  0.17166667     -3.00210253     14.00560224    8.21869645E+0007    1.25339574E-0022     11.33000000
  0.17196970     -3.02843145     14.00560224    1.02358789E+0008    1.56102700E-0022     11.35000000
  0.17227273     -3.15337019     14.00560224    1.01586854E+0008    1.54925457E-0022     11.37000000
  0.17257576     -3.19115876     14.00560224    1.23225350E+0008    1.87925337E-0022     11.39000000
  0.17287879     -3.19115876     14.00560224    1.63061404E+0008    2.48677477E-0022     11.41000000
  0.17318182     -3.75543018     14.00560224    5.88478859E+0007    8.97462148E-0023     11.43000000
  0.17348485     -3.53358144     14.00560224    1.29786859E+0008    1.97931993E-0022     11.45000000
  0.17378788     -3.38745339     14.00560224    2.40441754E+0008    3.66686703E-0022     11.47000000
  0.17409091     -3.38745339     14.00560224    3.18171300E+0008    4.85228473E-0022     11.49000000
  0.17439394     -4.23255143     14.00560224    6.01470153E+0007    9.17274576E-0023     11.51000000
  0.17469697     -3.93152143     14.00560224    1.59182453E+0008    2.42761866E-0022     11.53000000
  0.17500000     -3.53358144     14.00560224    5.26606603E+0008    8.03103605E-0022     11.55000000
  0.17530303     -4.23255143     14.00560224    1.39369399E+0008    2.12545886E-0022     11.57000000
  0.17560606     -3.93152143     14.00560224    3.68848939E+0008    5.62514619E-0022     11.59000000
  0.17590909     -4.23255143     14.00560224    2.44044856E+0008    3.72181630E-0022     11.61000000
  0.17621212     -3.63049144     14.00560224    1.29175683E+0009    1.96999915E-0021     11.63000000
  0.17651515     -3.63049144     14.00560224    1.70935348E+0009    2.60685668E-0021     11.65000000
  0.17681818     -4.23255143     14.00560224    5.65487494E+0008    8.62399070E-0022     11.67000000
  0.17742424     -3.93152143     14.00560224    1.98041055E+0009    3.02023340E-0021     11.71000000
  0.17833333     -4.23255143     14.00560224    2.29444991E+0009    3.49916044E-0021     11.77000000
  0.17863636     -4.23255143     14.00560224    3.03619525E+0009    4.63036228E-0021     11.79000000
  0.17924242     -3.75543018     14.00560224    1.59497240E+0010    2.43241934E-0020     11.83000000
  0.18015152     -4.23255143     14.00560224    1.23192785E+0010    1.87875673E-0020     11.89000000
  0.18106061     -4.23255143     14.00560224    2.85455634E+0010    4.35335310E-0020     11.95000000
  0.18227273     -4.23255143     14.00560224    8.75272092E+0010    1.33483737E-0019     12.03000000
  0.18257576     -4.23255143     14.00560224    1.15822837E+0011    1.76636102E-0019     12.05000000
