  0.10681818     -3.13188758     38.02281369    5.97511560E-0014    9.11237507E-0044      7.05000000
  0.10712121     -2.84509804     38.02281369    2.47398929E-0013    3.77296772E-0043      7.07000000
  0.10742424     -2.76591680     38.02281369    6.35098409E-0013    9.68559487E-0043      7.09000000
  0.10772727     -2.34909143     38.02281369    3.54754859E-0012    5.41020382E-0042      7.11000000
  0.10803030     -2.11674425     38.02281369    1.29579858E-0011    1.97616305E-0041      7.13000000
  0.10833333     -1.89327501     38.02281369    4.63733748E-0011    7.07219095E-0041      7.15000000
  0.10863636     -1.67142627     38.02281369    1.65340560E-0010    2.52153313E-0040      7.17000000
  0.10893939     -1.46488681     38.02281369    5.69089831E-0010    8.67892830E-0040      7.19000000
  0.10924242     -1.27145299     38.02281369    1.90053825E-0009    2.89842381E-0039      7.21000000
  0.10954545     -1.10790539     38.02281369    5.92497031E-0009    9.03590078E-0039      7.23000000
  0.10984848     -0.94482198     38.02281369    1.84514946E-0008    2.81395290E-0038      7.25000000
  0.11015152     -0.82294472     38.02281369    5.22601644E-0008    7.96995825E-0038      7.27000000
  0.11045455     -0.69199487     38.02281369    1.51141102E-0007    2.30498370E-0037      7.29000000
  0.11075758     -0.57043994     38.02281369    4.27759316E-0007    6.52356135E-0037      7.31000000
  0.11106061     -0.44681072     38.02281369    1.21643991E-0006    1.85513678E-0036      7.33000000
  0.11136364     -0.34126197     38.02281369    3.31819094E-0006    5.06042099E-0036      7.35000000
  0.11166667     -0.24018831     38.02281369    8.95853519E-0006    1.36622516E-0035      7.37000000
  0.11196970     -0.14552045     38.02281369    2.38323478E-0005    3.63456218E-0035      7.39000000
  0.11227273     -0.06237466     38.02281369    6.17411301E-0005    9.41585690E-0035      7.41000000
  0.11257576      0.01229478     38.02281369    1.56857749E-0004    2.39216567E-0034      7.43000000
  0.11287879      0.08005929     38.02281369    3.92222456E-0004    5.98160499E-0034      7.45000000
  0.11318182      0.13998397     38.02281369    9.63205813E-0004    1.46894106E-0033      7.47000000
  0.11348485      0.19177695     38.02281369    2.32152864E-0003    3.54045697E-0033      7.49000000
  0.11378788      0.23796243     38.02281369    5.52359060E-0003    8.42377497E-0033      7.51000000
  0.11409091      0.27282477     38.02281369    1.28040036E-0002    1.95267993E-0032      7.53000000
  0.11439394      0.30425966     38.02281369    2.94471073E-0002    4.49084343E-0032      7.55000000
  0.11469697      0.32395887     38.02281369    6.59179692E-0002    1.00528475E-0031      7.57000000
  0.11500000      0.34404590     38.02281369    1.47690586E-0001    2.25236146E-0031      7.59000000
  0.11530303      0.35250867     38.02281369    3.22164398E-0001    4.91318165E-0031      7.61000000
  0.11560606      0.36015146     38.02281369    7.01426708E-0001    1.06971374E-0030      7.63000000
  0.11590909      0.35629909     38.02281369    1.48727708E+0000    2.26817814E-0030      7.65000000
  0.11621212      0.35096295     38.02281369    3.14280699E+0000    4.79295095E-0030      7.67000000
  0.11651515      0.33510431     38.02281369    6.48217929E+0000    9.88567466E-0030      7.69000000
  0.11681818      0.31725722     38.02281369    1.33087084E+0001    2.02965014E-0029      7.71000000
  0.11712121      0.29643535     38.02281369    2.71378853E+0001    4.13867456E-0029      7.73000000
  0.11742424      0.26829373     38.02281369    5.44122081E+0001    8.29815658E-0029      7.75000000
  0.11772727      0.24207977     38.02281369    1.09583295E+0002    1.67120462E-0028      7.77000000
  0.11803030      0.19929798     38.02281369    2.12434240E+0002    3.23973728E-0028      7.79000000
  0.11833333      0.15838404     38.02281369    4.13592401E+0002    6.30750823E-0028      7.81000000
  0.11863636      0.11482535     38.02281369    8.00342391E+0002    1.22056551E-0027      7.83000000
  0.11893939      0.06219685     38.02281369    1.51673352E+0003    2.31310081E-0027      7.85000000
  0.11924242      0.01086506     38.02281369    2.88296555E+0003    4.39667868E-0027      7.87000000
  0.11954545     -0.04521783     38.02281369    5.42024020E+0003    8.26616001E-0027      7.89000000
  0.11984848     -0.10680649     38.02281369    1.00621744E+0004    1.53453611E-0026      7.91000000
  0.12015152     -0.17224620     38.02281369    1.85145896E+0004    2.82357525E-0026      7.93000000
  0.12045455     -0.23977505     38.02281369    3.39037081E+0004    5.17049919E-0026      7.95000000
  0.12075758     -0.31117777     38.02281369    6.15327662E+0004    9.38408027E-0026      7.97000000
  0.12106061     -0.39254498     38.02281369    1.09144336E+0005    1.66451026E-0025      7.99000000
  0.12136364     -0.46567165     38.02281369    1.97304275E+0005    3.00899710E-0025      8.01000000
  0.12166667     -0.54139813     38.02281369    3.54545496E+0005    5.40701093E-0025      8.03000000
  0.12196970     -0.63313253     38.02281369    6.14044065E+0005    9.36450472E-0025      8.05000000
  0.12227273     -0.72954299     38.02281369    1.05208551E+0006    1.60448741E-0024      8.07000000
  0.12257576     -0.81497080     38.02281369    1.84877985E+0006    2.81948945E-0024      8.09000000
  0.12287879     -0.91644619     38.02281369    3.13091851E+0006    4.77482038E-0024      8.11000000
  0.12318182     -1.00093162     38.02281369    5.51376556E+0006    8.40879125E-0024      8.13000000
  0.12348485     -1.11310659     38.02281369    9.11035483E+0006    1.38937848E-0023      8.15000000
  0.12378788     -1.22722441     38.02281369    1.49857831E+0007    2.28541313E-0023      8.17000000
  0.12409091     -1.31086033     38.02281369    2.64426806E+0007    4.03265207E-0023      8.19000000
  0.12439394     -1.40999722     38.02281369    4.50225986E+0007    6.86619024E-0023      8.21000000
  0.12469697     -1.53052865     38.02281369    7.29728126E+0007    1.11287493E-0022      8.23000000
  0.12500000     -1.66230308     38.02281369    1.15252040E+0008    1.75765606E-0022      8.25000000
  0.12530303     -1.74876747     38.02281369    2.02044111E+0008    3.08128217E-0022      8.27000000
  0.12560606     -1.85907315     38.02281369    3.35276013E+0008    5.11314087E-0022      8.29000000
  0.12590909     -2.01902324     38.02281369    4.96265801E+0008    7.56832237E-0022      8.31000000
  0.12621212     -2.12631964     38.02281369    8.29239381E+0008    1.26463499E-0021      8.33000000
  0.12651515     -2.22879760     38.02281369    1.40108319E+0009    2.13672778E-0021      8.35000000
  0.12681818     -2.34909143     38.02281369    2.27212410E+0009    3.46511237E-0021      8.37000000
  0.12712121     -2.45006302     38.02281369    3.85232066E+0009    5.87499775E-0021      8.39000000
  0.12742424     -2.62761412     38.02281369    5.47561989E+0009    8.35061704E-0021      8.41000000
  0.12772727     -2.70943543     38.02281369    9.70228310E+0009    1.47965075E-0020      8.43000000
  0.12803030     -2.97979662     38.02281369    1.11371666E+0010    1.69847826E-0020      8.45000000
  0.12833333     -3.09177038     38.02281369    1.84103872E+0010    2.80768380E-0020      8.47000000
  0.12863636     -3.50930594     38.02281369    1.50587638E+0010    2.29654307E-0020      8.49000000
  0.12893939     -3.28082661     38.02281369    5.45168322E+0010    8.31411231E-0020      8.51000000
  0.12924242     -3.32221930     38.02281369    1.06022952E+0011    1.61690746E-0019      8.53000000
  0.12954545     -3.66900679     38.02281369    1.02064419E+0011    1.55653769E-0019      8.55000000
  0.12984848     -3.72015931     38.02281369    1.94081352E+0011    2.95984578E-0019      8.57000000
  0.13015152     -4.02118930     38.02281369    2.07594468E+0011    3.16592813E-0019      8.59000000
  0.13045455     -4.14612804     38.02281369    3.33072674E+0011    5.07953875E-0019      8.61000000
  0.13075758     -4.62324930     38.02281369    2.37508803E+0011    3.62213795E-0019      8.63000000
  0.13106061     -4.62324930     38.02281369    5.08091202E+0011    7.74866615E-0019      8.65000000
  0.13166667     -4.62324930     38.02281369    2.32522831E+0012    3.54609917E-0018      8.69000000
