  0.12621212     -4.25527250     10.00000000    1.75708984E-0014    2.67965721E-0044      8.33000000
  0.12772727     -4.25527250     10.00000000    4.77626538E-0014    7.28406351E-0044      8.43000000
  0.12803030     -3.95424250     10.00000000    1.16674874E-0013    1.77935505E-0043      8.45000000
  0.12833333     -4.25527250     10.00000000    7.12535065E-0014    1.08665458E-0043      8.47000000
  0.12863636     -3.95424250     10.00000000    1.74058459E-0013    2.65448581E-0043      8.49000000
  0.12893939     -3.95424250     10.00000000    2.12595482E-0013    3.24219629E-0043      8.51000000
  0.12924242     -4.25527250     10.00000000    1.29832354E-0013    1.98001375E-0043      8.53000000
  0.12954545     -3.77815126     10.00000000    4.75732775E-0013    7.25518260E-0043      8.55000000
  0.12984848     -3.65321251     10.00000000    7.74748448E-0013    1.18153336E-0042      8.57000000
  0.13015152     -3.55630249     10.00000000    1.18284988E-0012    1.80391016E-0042      8.59000000
  0.13045455     -3.95424250     10.00000000    5.77894434E-0013    8.81320327E-0043      8.61000000
  0.13075758     -3.41017448     10.00000000    2.47044638E-0012    3.76756460E-0042      8.63000000
  0.13106061     -3.30102998     10.00000000    3.87952750E-0012    5.91648965E-0042      8.65000000
  0.13136364     -3.41017448     10.00000000    3.68547292E-0012    5.62054591E-0042      8.67000000
  0.13166667     -2.93305323     10.00000000    1.35043404E-0011    2.05948508E-0041      8.69000000
  0.13196970     -3.07918124     10.00000000    1.17815997E-0011    1.79675780E-0041      8.71000000
  0.13227273     -2.91284982     10.00000000    2.11054479E-0011    3.21869516E-0041      8.73000000
  0.13257576     -2.97651891     10.00000000    2.22630355E-0011    3.39523355E-0041      8.75000000
  0.13287879     -2.79287451     10.00000000    4.15037825E-0011    6.32955172E-0041      8.77000000
  0.13318182     -2.85733249     10.00000000    4.37007206E-0011    6.66459669E-0041      8.79000000
  0.13348485     -2.76391082     10.00000000    6.61864613E-0011    1.00937940E-0040      8.81000000
  0.13378788     -2.65321250     10.00000000    1.04310103E-0010    1.59078559E-0040      8.83000000
  0.13409091     -2.69896998     10.00000000    1.14664185E-0010    1.74869096E-0040      8.85000000
  0.13439394     -2.44909253     10.00000000    2.48979817E-0010    3.79707712E-0040      8.87000000
  0.13469697     -2.46288082     10.00000000    2.94601357E-0010    4.49283033E-0040      8.89000000
  0.13500000     -2.43572858     10.00000000    3.83041546E-0010    5.84159113E-0040      8.91000000
  0.13530303     -2.32585358     10.00000000    6.02531531E-0010    9.18893234E-0040      8.93000000
  0.13560606     -2.27754892     10.00000000    8.22514072E-0010    1.25437853E-0039      8.95000000
  0.13590909     -2.20605450     10.00000000    1.18439524E-0009    1.80626692E-0039      8.97000000
  0.13621212     -2.11855193     10.00000000    1.76953077E-0009    2.69863031E-0039      8.99000000
  0.13651515     -2.05115251     10.00000000    2.52415740E-0009    3.84947680E-0039      9.01000000
  0.13681818     -1.96747077     10.00000000    3.73815301E-0009    5.70088590E-0039      9.03000000
  0.13712121     -1.89733765     10.00000000    5.36598045E-0009    8.18341095E-0039      9.05000000
  0.13742424     -1.88605664     10.00000000    6.72649764E-0009    1.02582734E-0038      9.07000000
  0.13772727     -1.83697121     10.00000000    9.19884545E-0009    1.40287378E-0038      9.09000000
  0.13803030     -1.70626925     10.00000000    1.51807830E-0008    2.31515166E-0038      9.11000000
  0.13833333     -1.73413441     10.00000000    1.73895328E-0008    2.65199798E-0038      9.13000000
  0.13863636     -1.66644077     10.00000000    2.48222101E-0008    3.78552155E-0038      9.15000000
  0.13893939     -1.60302615     10.00000000    3.50843926E-0008    5.35055999E-0038      9.17000000
  0.13924242     -1.55979084     10.00000000    4.73378115E-0008    7.21927276E-0038      9.19000000
  0.13954545     -1.48368501     10.00000000    6.88926504E-0008    1.05065025E-0037      9.21000000
  0.13984848     -1.42468383     10.00000000    9.63902215E-0008    1.47000311E-0037      9.23000000
  0.14015152     -1.42276359     10.00000000    1.18252984E-0007    1.80342208E-0037      9.25000000
  0.14045455     -1.36317791     10.00000000    1.65674890E-0007    2.52663185E-0037      9.27000000
  0.14075758     -1.34732400     10.00000000    2.09879245E-0007    3.20077222E-0037      9.29000000
  0.14106061     -1.25095112     10.00000000    3.20037793E-0007    4.88074976E-0037      9.31000000
  0.14136364     -1.25832327     10.00000000    3.84315606E-0007    5.86102124E-0037      9.33000000
  0.14166667     -1.17899626     10.00000000    5.63474053E-0007    8.59328464E-0037      9.35000000
  0.14196970     -1.13700776     10.00000000    7.58090959E-0007    1.15612979E-0036      9.37000000
  0.14227273     -1.10420926     10.00000000    9.98570455E-0007    1.52287405E-0036      9.39000000
  0.14257576     -1.07629556     10.00000000    1.30062264E-0006    1.98352001E-0036      9.41000000
  0.14287879     -1.02764285     10.00000000    1.77689972E-0006    2.70986836E-0036      9.43000000
  0.14318182     -0.99282142     10.00000000    2.35149061E-0006    3.58615060E-0036      9.45000000
  0.14348485     -0.93575005     10.00000000    3.27546910E-0006    4.99526787E-0036      9.47000000
  0.14378788     -0.93263979     10.00000000    4.02942117E-0006    6.14508562E-0036      9.49000000
  0.14409091     -0.88735779     10.00000000    5.46240084E-0006    8.33045726E-0036      9.51000000
  0.14439394     -0.84890266     10.00000000    7.28949747E-0006    1.11168786E-0035      9.53000000
  0.14469697     -0.82423056     10.00000000    9.42385476E-0006    1.43718892E-0035      9.55000000
  0.14500000     -0.77540938     10.00000000    1.28797863E-0005    1.96423721E-0035      9.57000000
  0.14530303     -0.74917353     10.00000000    1.67110373E-0005    2.54852374E-0035      9.59000000
  0.14560606     -0.71556928     10.00000000    2.20529432E-0005    3.36319333E-0035      9.61000000
  0.14590909     -0.69560524     10.00000000    2.82026224E-0005    4.30105274E-0035      9.63000000
  0.14621212     -0.67184702     10.00000000    3.63836788E-0005    5.54870816E-0035      9.65000000
  0.14651515     -0.62382872     10.00000000    4.96345171E-0005    7.56953281E-0035      9.67000000
  0.14681818     -0.61340195     10.00000000    6.20968358E-0005    9.47010393E-0035      9.69000000
  0.14712121     -0.58941020     10.00000000    8.01530613E-0005    1.22237762E-0034      9.71000000
  0.14742424     -0.56979948     10.00000000    1.02421170E-0004    1.56197835E-0034      9.73000000
  0.14772727     -0.54481663     10.00000000    1.32504762E-0004    2.02076941E-0034      9.75000000
  0.14803030     -0.52295920     10.00000000    1.70195396E-0004    2.59557202E-0034      9.77000000
  0.14833333     -0.49206921     10.00000000    2.23201284E-0004    3.40394053E-0034      9.79000000
  0.14863636     -0.46428403     10.00000000    2.90630219E-0004    4.43226833E-0034      9.81000000
  0.14893939     -0.44302780     10.00000000    3.72782822E-0004    5.68514004E-0034      9.83000000
  0.14924242     -0.42276358     10.00000000    4.77066595E-0004    7.27552409E-0034      9.85000000
  0.14954545     -0.40683705     10.00000000    6.04455643E-0004    9.21827609E-0034      9.87000000
  0.14984848     -0.39218767     10.00000000    7.63611943E-0004    1.16454959E-0033      9.89000000
  0.15015152     -0.37525967     10.00000000    9.69749615E-0004    1.47892071E-0033      9.91000000
  0.15045455     -0.36184367     10.00000000    1.22161543E-0003    1.86302973E-0033      9.93000000
  0.15075758     -0.33145878     10.00000000    1.60021486E-0003    2.44041436E-0033      9.95000000
  0.15106061     -0.31850751     10.00000000    2.01367075E-0003    3.07095701E-0033      9.97000000
  0.15136364     -0.31153074     10.00000000    2.49933303E-0003    3.81161830E-0033      9.99000000
  0.15166667     -0.28422871     10.00000000    3.25076107E-0003    4.95758679E-0033     10.01000000
  0.15196970     -0.28126772     10.00000000    3.99765154E-0003    6.09663522E-0033     10.03000000
  0.15227273     -0.25862953     10.00000000    5.14401262E-0003    7.84489798E-0033     10.05000000
  0.15257576     -0.26135155     10.00000000    6.24365501E-0003    9.52191221E-0033     10.07000000
  0.15287879     -0.23773836     10.00000000    8.05213385E-0003    1.22799404E-0032     10.09000000
  0.15318182     -0.23528436     10.00000000    9.89062834E-0003    1.50837442E-0032     10.11000000
  0.15348485     -0.23062267     10.00000000    1.22108098E-0002    1.86221466E-0032     10.13000000
  0.15378788     -0.21136036     10.00000000    1.55907024E-0002    2.37766660E-0032     10.15000000
  0.15409091     -0.19871063     10.00000000    1.96053365E-0002    2.98992005E-0032     10.17000000
  0.15439394     -0.19893948     10.00000000    2.39333976E-0002    3.64997282E-0032     10.19000000
  0.15469697     -0.18623374     10.00000000    3.01001728E-0002    4.59043945E-0032     10.21000000
  0.15500000     -0.17518743     10.00000000    3.77115332E-0002    5.75121316E-0032     10.23000000
  0.15530303     -0.17130429     10.00000000    4.64746605E-0002    7.08763755E-0032     10.25000000
  0.15560606     -0.16564997     10.00000000    5.75081567E-0002    8.77030552E-0032     10.27000000
  0.15590909     -0.15763348     10.00000000    7.15492075E-0002    1.09116419E-0031     10.29000000
  0.15621212     -0.15728676     10.00000000    8.74601969E-0002    1.33381539E-0031     10.31000000
  0.15651515     -0.14860573     10.00000000    1.08980896E-0001    1.66201772E-0031     10.33000000
  0.15681818     -0.14694431     10.00000000    1.33619762E-0001    2.03777377E-0031     10.35000000
  0.15712121     -0.14495221     10.00000000    1.63953878E-0001    2.50038547E-0031     10.37000000
  0.15742424     -0.14535665     10.00000000    2.00067317E-0001    3.05113499E-0031     10.39000000
  0.15772727     -0.14046143     10.00000000    2.47132726E-0001    3.76890799E-0031     10.41000000
  0.15803030     -0.14384196     10.00000000    2.99508139E-0001    4.56766141E-0031     10.43000000
  0.15833333     -0.13876440     10.00000000    3.70122159E-0001    5.64456348E-0031     10.45000000
  0.15863636     -0.14266749     10.00000000    4.48023602E-0001    6.83260270E-0031     10.47000000
  0.15893939     -0.13929609     10.00000000    5.51481805E-0001    8.41039636E-0031     10.49000000
  0.15924242     -0.14397637     10.00000000    6.66361348E-0001    1.01623716E-0030     10.51000000
  0.15954545     -0.13889725     10.00000000    8.23470071E-0001    1.25583648E-0030     10.53000000
  0.15984848     -0.14437991     10.00000000    9.93171065E-0001    1.51463969E-0030     10.55000000
  0.16015152     -0.14525551     10.00000000    1.21061863E+0000    1.84625901E-0030     10.57000000
  0.16045455     -0.15325066     10.00000000    1.45168067E+0000    2.21389168E-0030     10.59000000
  0.16075758     -0.15280451     10.00000000    1.77490922E+0000    2.70683274E-0030     10.61000000
  0.16106061     -0.15174246     10.00000000    2.17318698E+0000    3.31422790E-0030     10.63000000
  0.16136364     -0.16905509     10.00000000    2.55060591E+0000    3.88981222E-0030     10.65000000
  0.16166667     -0.16770405     10.00000000    3.12502357E+0000    4.76583027E-0030     10.67000000
  0.16196970     -0.17151914     10.00000000    3.78352931E+0000    5.77008722E-0030     10.69000000
  0.16227273     -0.18305937     10.00000000    4.50003367E+0000    6.86279519E-0030     10.71000000
  0.16257576     -0.18716090     10.00000000    5.44468970E+0000    8.30344683E-0030     10.73000000
  0.16287879     -0.19457466     10.00000000    6.53759886E+0000    9.97019251E-0030     10.75000000
  0.16318182     -0.19533060     10.00000000    7.97115451E+0000    1.21564426E-0029     10.77000000
  0.16348485     -0.20983217     10.00000000    9.41626243E+0000    1.43603104E-0029     10.79000000
  0.16378788     -0.22841250     10.00000000    1.10193788E+0001    1.68051498E-0029     10.81000000
  0.16409091     -0.22894356     10.00000000    1.34426521E+0001    2.05007728E-0029     10.83000000
  0.16439394     -0.24277274     10.00000000    1.59043041E+0001    2.42549255E-0029     10.85000000
  0.16469697     -0.25492521     10.00000000    1.88895275E+0001    2.88075530E-0029     10.87000000
  0.16500000     -0.26183629     10.00000000    2.27074784E+0001    3.46301350E-0029     10.89000000
  0.16530303     -0.27627074     10.00000000    2.68283127E+0001    4.09146306E-0029     10.91000000
  0.16560606     -0.28034650     10.00000000    3.24620913E+0001    4.95064482E-0029     10.93000000
  0.16590909     -0.29737802     10.00000000    3.81244747E+0001    5.81418897E-0029     10.95000000
  0.16621212     -0.32208904     10.00000000    4.39897761E+0001    6.70867922E-0029     10.97000000
  0.16651515     -0.32513887     10.00000000    5.33532424E+0001    8.13665856E-0029     10.99000000
  0.16681818     -0.34003100     10.00000000    6.29691146E+0001    9.60313119E-0029     11.01000000
  0.16712121     -0.35512393     10.00000000    7.42837032E+0001    1.13286673E-0028     11.03000000
  0.16742424     -0.37508796     10.00000000    8.66539595E+0001    1.32151984E-0028     11.05000000
  0.16772727     -0.38574746     10.00000000    1.03273243E+0002    1.57497291E-0028     11.07000000
  0.16803030     -0.40187853     10.00000000    1.21538995E+0002    1.85353553E-0028     11.09000000
  0.16833333     -0.42263588     10.00000000    1.41519793E+0002    2.15825353E-0028     11.11000000
  0.16863636     -0.43408663     10.00000000    1.68354734E+0002    2.56750093E-0028     11.13000000
  0.16893939     -0.45758957     10.00000000    1.94796562E+0002    2.97075313E-0028     11.15000000
  0.16924242     -0.46477623     10.00000000    2.34020296E+0002    3.56893631E-0028     11.17000000
  0.16954545     -0.49274398     10.00000000    2.68006092E+0002    4.08723813E-0028     11.19000000
  0.16984848     -0.50383944     10.00000000    3.19086265E+0002    4.86623844E-0028     11.21000000
  0.17015152     -0.53519594     10.00000000    3.62585557E+0002    5.52962622E-0028     11.23000000
  0.17045455     -0.55396363     10.00000000    4.24132653E+0002    6.46825279E-0028     11.25000000
  0.17075758     -0.57312742     10.00000000    4.95674768E+0002    7.55930880E-0028     11.27000000
  0.17106061     -0.58419225     10.00000000    5.90188689E+0002    9.00069731E-0028     11.29000000
  0.17136364     -0.59840802     10.00000000    6.97644231E+0002    1.06394526E-0027     11.31000000
  0.17166667     -0.62220823     10.00000000    8.06664036E+0002    1.23020637E-0027     11.33000000
  0.17196970     -0.66021740     10.00000000    9.02697869E+0002    1.37666316E-0027     11.35000000
  0.17227273     -0.67355036     10.00000000    1.06922316E+0003    1.63062326E-0027     11.37000000
  0.17257576     -0.68859938     10.00000000    1.26147380E+0003    1.92381591E-0027     11.39000000
  0.17287879     -0.71695018     10.00000000    1.44339875E+0003    2.20126131E-0027     11.41000000
  0.17318182     -0.74298844     10.00000000    1.66037797E+0003    2.53216638E-0027     11.43000000
  0.17348485     -0.75972816     10.00000000    1.95130943E+0003    2.97585261E-0027     11.45000000
  0.17378788     -0.78163959     10.00000000    2.26607152E+0003    3.45588187E-0027     11.47000000
  0.17409091     -0.82552022     10.00000000    2.50179589E+0003    3.81537430E-0027     11.49000000
  0.17439394     -0.84720224     10.00000000    2.90689102E+0003    4.43316631E-0027     11.51000000
  0.17469697     -0.86469064     10.00000000    3.41035235E+0003    5.20097213E-0027     11.53000000
  0.17500000     -0.89147258     10.00000000    3.91630223E+0003    5.97257312E-0027     11.55000000
  0.17530303     -0.90135630     10.00000000    4.67575110E+0003    7.13077378E-0027     11.57000000
  0.17560606     -0.94521676     10.00000000    5.16237824E+0003    7.87290655E-0027     11.59000000
  0.17590909     -0.97378463     10.00000000    5.90392520E+0003    9.00380584E-0027     11.61000000
  0.17621212     -1.01923935     10.00000000    6.49448957E+0003    9.90444852E-0027     11.63000000
  0.17651515     -1.04202046     10.00000000    7.52701550E+0003    1.14791065E-0026     11.65000000
  0.17681818     -1.03542610     10.00000000    9.33417755E+0003    1.42351266E-0026     11.67000000
  0.17712121     -1.08736468     10.00000000    1.01157103E+0004    1.54270063E-0026     11.69000000
  0.17742424     -1.11950398     10.00000000    1.14740298E+0004    1.74985172E-0026     11.71000000
  0.17772727     -1.16010315     10.00000000    1.27636741E+0004    1.94652946E-0026     11.73000000
  0.17803030     -1.19533064     10.00000000    1.43749754E+0004    2.19226164E-0026     11.75000000
  0.17833333     -1.22792290     10.00000000    1.62882244E+0004    2.48404248E-0026     11.77000000
  0.17863636     -1.25138133     10.00000000    1.88483880E+0004    2.87448130E-0026     11.79000000
  0.17893939     -1.28168289     10.00000000    2.14699757E+0004    3.27428763E-0026     11.81000000
  0.17924242     -1.30882022     10.00000000    2.46350308E+0004    3.75697569E-0026     11.83000000
  0.17954545     -1.35055696     10.00000000    2.73322429E+0004    4.16831515E-0026     11.85000000
  0.17984848     -1.38428370     10.00000000    3.08892548E+0004    4.71077874E-0026     11.87000000
  0.18015152     -1.39975335     10.00000000    3.64079875E+0004    5.55241538E-0026     11.89000000
  0.18045455     -1.44035932     10.00000000    4.04994946E+0004    6.17639238E-0026     11.91000000
  0.18075758     -1.47567600     10.00000000    4.56028323E+0004    6.95467903E-0026     11.93000000
  0.18106061     -1.49787649     10.00000000    5.29237028E+0004    8.07115145E-0026     11.95000000
  0.18136364     -1.54262282     10.00000000    5.83126518E+0004    8.89299537E-0026     11.97000000
  0.18166667     -1.55370453     10.00000000    6.94288503E+0004    1.05882759E-0025     11.99000000
  0.18196970     -1.59157157     10.00000000    7.77198287E+0004    1.18526950E-0025     12.01000000
  0.18227273     -1.63617918     10.00000000    8.56609946E+0004    1.30637658E-0025     12.03000000
  0.18257576     -1.69297964     10.00000000    9.17997612E+0004    1.39999610E-0025     12.05000000
  0.18287879     -1.72379359     10.00000000    1.04444723E+0005    1.59283862E-0025     12.07000000
  0.18318182     -1.77239893     10.00000000    1.14061757E+0005    1.73950360E-0025     12.09000000
  0.18348485     -1.78545048     10.00000000    1.35190884E+0005    2.06173423E-0025     12.11000000
  0.18378788     -1.88236051     10.00000000    1.32098007E+0005    2.01456619E-0025     12.13000000
  0.18409091     -1.83697121     10.00000000    1.79120160E+0005    2.73167950E-0025     12.15000000
  0.18439394     -1.92485874     10.00000000    1.78696412E+0005    2.72521711E-0025     12.17000000
  0.18469697     -1.93099006     10.00000000    2.15200566E+0005    3.28192524E-0025     12.19000000
  0.18500000     -2.01974404     10.00000000    2.14263562E+0005    3.26763543E-0025     12.21000000
  0.18530303     -2.04308489     10.00000000    2.48008390E+0005    3.78226233E-0025     12.23000000
  0.18560606     -2.05937284     10.00000000    2.91767769E+0005    4.44961657E-0025     12.25000000
  0.18590909     -2.11225770     10.00000000    3.15508708E+0005    4.81167877E-0025     12.27000000
  0.18621212     -2.14468281     10.00000000    3.57639223E+0005    5.45419194E-0025     12.29000000
  0.18651515     -2.17248714     10.00000000    4.09731830E+0005    6.24863242E-0025     12.31000000
  0.18681818     -2.24243527     10.00000000    4.26000859E+0005    6.49674394E-0025     12.33000000
  0.18712121     -2.34145866     10.00000000    4.14234230E+0005    6.31729647E-0025     12.35000000
  0.18742424     -2.27754892     10.00000000    5.86157894E+0005    8.93922550E-0025     12.37000000
  0.18772727     -2.36317792     10.00000000    5.87820202E+0005    8.96457660E-0025     12.39000000
  0.18803030     -2.30103001     10.00000000    8.28421427E+0005    1.26338757E-0024     12.41000000
  0.18833333     -2.41642342     10.00000000    7.75741102E+0005    1.18304722E-0024     12.43000000
  0.18863636     -2.46288082     10.00000000    8.51369914E+0005    1.29838525E-0024     12.45000000
  0.18893939     -2.46288082     10.00000000    1.03986556E+0006    1.58585133E-0024     12.47000000
  0.18924242     -2.57403127     10.00000000    9.83299101E+0005    1.49958441E-0024     12.49000000
  0.18954545     -2.59251465     10.00000000    1.15096245E+0006    1.75528011E-0024     12.51000000
  0.18984848     -2.76391082     10.00000000    9.47379294E+0005    1.44480476E-0024     12.53000000
  0.19015152     -2.71120445     10.00000000    1.30643905E+0006    1.99239034E-0024     12.55000000
  0.19045455     -2.66420792     10.00000000    1.77805250E+0006    2.71162641E-0024     12.57000000
  0.19075758     -2.95424250     10.00000000    1.11370174E+0006    1.69845550E-0024     12.59000000
  0.19106061     -2.89354465     10.00000000    1.56432016E+0006    2.38567301E-0024     12.61000000
  0.19136364     -2.89354465     10.00000000    1.91066496E+0006    2.91386759E-0024     12.63000000
  0.19166667     -2.91284982     10.00000000    2.23222652E+0006    3.40426640E-0024     12.65000000
  0.19196970     -2.95424250     10.00000000    2.47858880E+0006    3.77998223E-0024     12.67000000
  0.19227273     -3.14132916     10.00000000    1.96778078E+0006    3.00097232E-0024     12.69000000
  0.19257576     -3.30102998     10.00000000    1.66392903E+0006    2.53758194E-0024     12.71000000
  0.19287879     -2.93305323     10.00000000    4.74209713E+0006    7.23195508E-0024     12.73000000
  0.19318182     -2.99999998     10.00000000    4.96458085E+0006    7.57125481E-0024     12.75000000
  0.19348485     -3.30102998     10.00000000    3.03187637E+0006    4.62377576E-0024     12.77000000
  0.19378788     -3.47712126     10.00000000    2.46876130E+0006    3.76499475E-0024     12.79000000
  0.19409091     -3.17609126     10.00000000    6.03070372E+0006    9.19714996E-0024     12.81000000
  0.19439394     -3.25527249     10.00000000    6.13826534E+0006    9.36118726E-0024     12.83000000
  0.19469697     -3.47712126     10.00000000    4.49837638E+0006    6.86026773E-0024     12.85000000
  0.19500000     -3.25527249     10.00000000    9.15721584E+0006    1.39652504E-0023     12.87000000
  0.19530303     -4.25527250     10.00000000    1.11846485E+0006    1.70571951E-0024     12.89000000
  0.19560606     -3.35218251     10.00000000    1.09287685E+0007    1.66669641E-0023     12.91000000
  0.19590909     -3.65321251     10.00000000    6.67421397E+0006    1.01785380E-0023     12.93000000
  0.19621212     -3.47712126     10.00000000    1.22278548E+0007    1.86481411E-0023     12.95000000
  0.19651515     -3.95424250     10.00000000    4.97837862E+0006    7.59229716E-0024     12.97000000
  0.19681818     -3.65321251     10.00000000    1.21612108E+0007    1.85465054E-0023     12.99000000
  0.19712121     -3.95424250     10.00000000    7.42686818E+0006    1.13263764E-0023     13.01000000
  0.19742424     -3.65321251     10.00000000    1.81423946E+0007    2.76681348E-0023     13.03000000
  0.19772727     -3.65321251     10.00000000    2.21591707E+0007    3.37939361E-0023     13.05000000
  0.19803030     -4.25527250     10.00000000    6.76631807E+0006    1.03190017E-0023     13.07000000
  0.19833333     -3.65321251     10.00000000    3.30575982E+0007    5.04146285E-0023     13.09000000
  0.19863636     -3.95424250     10.00000000    2.01883208E+0007    3.07882832E-0023     13.11000000
  0.19893939     -3.95424250     10.00000000    2.46580707E+0007    3.76048940E-0023     13.13000000
  0.19984848     -3.95424250     10.00000000    4.49299342E+0007    6.85205843E-0023     13.19000000
  0.20015152     -4.25527250     10.00000000    2.74387728E+0007    4.18456153E-0023     13.21000000
  0.20106061     -4.25527250     10.00000000    4.99967038E+0007    7.62476824E-0023     13.27000000
  0.20136364     -4.25527250     10.00000000    6.10661119E+0007    9.31291296E-0023     13.29000000
  0.20196970     -4.25527250     10.00000000    9.10999339E+0007    1.38932336E-0022     13.33000000
  0.20227273     -4.25527250     10.00000000    1.11269711E+0008    1.69692338E-0022     13.35000000
  0.20348485     -4.25527250     10.00000000    2.47635295E+0008    3.77657243E-0022     13.43000000
  0.20469697     -4.25527250     10.00000000    5.51122484E+0008    8.40491652E-0022     13.51000000
