  0.10984848     -4.00000001     25.97402597    1.78775378E-0015    2.72642139E-0045      7.25000000
  0.11015152     -3.77815126     25.97402597    5.00914940E-0015    7.63922427E-0045      7.27000000
  0.11045455     -3.77815126     25.97402597    8.42115203E-0015    1.28427132E-0044      7.29000000
  0.11075758     -3.43572856     25.97402597    3.11459603E-0014    4.74992772E-0044      7.31000000
  0.11106061     -3.52287872     25.97402597    4.28409492E-0014    6.53347689E-0044      7.33000000
  0.11136364     -3.27300127     25.97402597    1.28039528E-0013    1.95267219E-0043      7.35000000
  0.11166667     -2.89733765     25.97402597    5.11228674E-0013    7.79651430E-0043      7.37000000
  0.11196970     -2.69179143     25.97402597    1.37965008E-0012    2.10404113E-0042      7.39000000
  0.11227273     -2.50863829     25.97402597    3.53614128E-0012    5.39280706E-0042      7.41000000
  0.11257576     -2.30685953     25.97402597    9.46053941E-0012    1.44278352E-0041      7.43000000
  0.11287879     -2.15697496     25.97402597    2.24599087E-0011    3.42525778E-0041      7.45000000
  0.11318182     -1.98019160     25.97402597    5.67281830E-0011    8.65135530E-0041      7.47000000
  0.11348485     -1.88052415     25.97402597    1.19970328E-0010    1.82961250E-0040      7.49000000
  0.11378788     -1.77125755     25.97402597    2.59386858E-0010    3.95579014E-0040      7.51000000
  0.11409091     -1.62586290     25.97402597    6.09466918E-0010    9.29470075E-0040      7.53000000
  0.11439394     -1.45800495     25.97402597    1.50804955E-0009    2.29985728E-0039      7.55000000
  0.11469697     -1.34454142     25.97402597    3.29220343E-0009    5.02078862E-0039      7.57000000
  0.11500000     -1.21848398     25.97402597    7.39863548E-0009    1.12833200E-0038      7.59000000
  0.11530303     -1.12109540     25.97402597    1.55649500E-0008    2.37373922E-0038      7.61000000
  0.11560606     -1.01352684     25.97402597    3.35215283E-0008    5.11221471E-0038      7.63000000
  0.11590909     -0.93082541     25.97402597    6.81761968E-0008    1.03972394E-0037      7.65000000
  0.11621212     -0.81701503     25.97402597    1.48953487E-0007    2.27162139E-0037      7.67000000
  0.11651515     -0.72730767     25.97402597    3.07868709E-0007    4.69516463E-0037      7.69000000
  0.11681818     -0.64962276     25.97402597    6.18953450E-0007    9.43937550E-0037      7.71000000
  0.11712121     -0.57359721     25.97402597    1.23962710E-0006    1.89049850E-0036      7.73000000
  0.11742424     -0.49164989     25.97402597    2.51678378E-0006    3.83823164E-0036      7.75000000
  0.11772727     -0.42246990     25.97402597    4.96173334E-0006    7.56691220E-0036      7.77000000
  0.11803030     -0.35796439     25.97402597    9.67712717E-0006    1.47581433E-0035      7.79000000
  0.11833333     -0.30341064     25.97402597    1.84462344E-0005    2.81315070E-0035      7.81000000
  0.11863636     -0.23864861     25.97402597    3.59979089E-0005    5.48987617E-0035      7.83000000
  0.11893939     -0.19066478     25.97402597    6.75878494E-0005    1.03075133E-0034      7.85000000
  0.11924242     -0.13412646     25.97402597    1.29423896E-0004    1.97378455E-0034      7.87000000
  0.11954545     -0.09190834     25.97402597    2.39794997E-0004    3.65700364E-0034      7.89000000
  0.11984848     -0.04767583     25.97402597    4.46354740E-0004    6.80715165E-0034      7.91000000
  0.12015152     -0.01120331     25.97402597    8.16131600E-0004    1.24464491E-0033      7.93000000
  0.12045455      0.02385581     25.97402597    1.48739678E-0003    2.26836068E-0033      7.95000000
  0.12075758      0.05475344     25.97402597    2.68492396E-0003    4.09465452E-0033      7.97000000
  0.12106061      0.08111916     25.97402597    4.79628772E-0003    7.31459867E-0033      7.99000000
  0.12136364      0.10788801     25.97402597    8.57593736E-0003    1.30787692E-0032      8.01000000
  0.12166667      0.12544874     25.97402597    1.50123906E-0002    2.28947092E-0032      8.03000000
  0.12196970      0.14266055     25.97402597    2.62584564E-0002    4.00455689E-0032      8.05000000
  0.12227273      0.16252460     25.97402597    4.62105096E-0002    7.04735312E-0032      8.07000000
  0.12257576      0.16867422     25.97402597    7.87948627E-0002    1.20166435E-0031      8.09000000
  0.12287879      0.18179596     25.97402597    1.36529711E-0001    2.08215208E-0031      8.11000000
  0.12318182      0.19103161     25.97402597    2.34460855E-0001    3.57565508E-0031      8.13000000
  0.12348485      0.19552144     25.97402597    3.98260918E-0001    6.07369480E-0031      8.15000000
  0.12378788      0.19137649     25.97402597    6.63178236E-0001    1.01138275E-0030      8.17000000
  0.12409091      0.18871292     25.97402597    1.10808792E+0000    1.68989412E-0030      8.19000000
  0.12439394      0.18677745     25.97402597    1.85458300E+0000    2.82833956E-0030      8.21000000
  0.12469697      0.17816127     25.97402597    3.05659301E+0000    4.66146997E-0030      8.23000000
  0.12500000      0.17423431     25.97402597    5.09234922E+0000    7.76610849E-0030      8.25000000
  0.12530303      0.15733585     25.97402597    8.23431063E+0000    1.25577699E-0029      8.27000000
  0.12560606      0.14628313     25.97402597    1.34952846E+0001    2.05810403E-0029      8.29000000
  0.12590909      0.13194996     25.97402597    2.19511057E+0001    3.34766256E-0029      8.31000000
  0.12621212      0.11258267     25.97402597    3.52936548E+0001    5.38247361E-0029      8.33000000
  0.12651515      0.08716597     25.97402597    5.59612564E+0001    8.53439483E-0029      8.35000000
  0.12681818      0.06876703     25.97402597    9.01770527E+0001    1.37524892E-0028      8.37000000
  0.12712121      0.04374205     25.97402597    1.43112833E+0002    2.18254824E-0028      8.39000000
  0.12742424      0.01162683     25.97402597    2.23445125E+0002    3.40765923E-0028      8.41000000
  0.12772727     -0.01532269     25.97402597    3.53044041E+0002    5.38411292E-0028      8.43000000
  0.12803030     -0.04837112     25.97402597    5.50032032E+0002    8.38828654E-0028      8.45000000
  0.12833333     -0.08163761     25.97402597    8.56503241E+0002    1.30621385E-0027      8.47000000
  0.12863636     -0.11874851     25.97402597    1.32198228E+0003    2.01609461E-0027      8.49000000
  0.12893939     -0.15529506     25.97402597    2.04308584E+0003    3.11581661E-0027      8.51000000
  0.12924242     -0.19395576     25.97402597    3.14219720E+0003    4.79202100E-0027      8.53000000
  0.12954545     -0.23982892     25.97402597    4.75299983E+0003    7.24858229E-0027      8.55000000
  0.12984848     -0.27906931     25.97402597    7.30020288E+0003    1.11332050E-0026      8.57000000
  0.13015152     -0.32700983     25.97402597    1.09901073E+0004    1.67605092E-0026      8.59000000
  0.13045455     -0.37348855     25.97402597    1.66008655E+0004    2.53172195E-0026      8.61000000
  0.13075758     -0.41570649     25.97402597    2.53233011E+0004    3.86194063E-0026      8.63000000
  0.13106061     -0.46911759     25.97402597    3.76458184E+0004    5.74119130E-0026      8.65000000
  0.13136364     -0.52437722     25.97402597    5.57268683E+0004    8.49864938E-0026      8.67000000
  0.13166667     -0.56082528     25.97402597    8.61438149E+0004    1.31373986E-0025      8.69000000
  0.13196970     -0.62232956     25.97402597    1.25697703E+0005    1.91695808E-0025      8.71000000
  0.13227273     -0.68193666     25.97402597    1.84216178E+0005    2.80939654E-0025      8.73000000
  0.13257576     -0.74400428     25.97402597    2.68452633E+0005    4.09404811E-0025      8.75000000
  0.13287879     -0.81294956     25.97402597    3.85061333E+0005    5.87239399E-0025      8.77000000
  0.13318182     -0.86945180     25.97402597    5.68375299E+0005    8.66803130E-0025      8.79000000
  0.13348485     -0.94923368     25.97402597    7.95171559E+0005    1.21267972E-0024      8.81000000
  0.13378788     -0.99942134     25.97402597    1.19091481E+0006    1.81620962E-0024      8.83000000
  0.13409091     -1.05931752     25.97402597    1.74418295E+0006    2.65997351E-0024      8.85000000
  0.13439394     -1.14066151     25.97402597    2.43139534E+0006    3.70800964E-0024      8.87000000
  0.13469697     -1.19404626     25.97402597    3.61475066E+0006    5.51269062E-0024      8.89000000
  0.13500000     -1.25884839     25.97402597    5.23460290E+0006    7.98305307E-0024      8.91000000
  0.13530303     -1.35753546     25.97402597    7.01139109E+0006    1.06927513E-0023      8.93000000
  0.13560606     -1.42442731     25.97402597    1.01046172E+0007    1.54100888E-0023      8.95000000
  0.13590909     -1.47279988     25.97402597    1.51968935E+0007    2.31760860E-0023      8.97000000
  0.13621212     -1.55284196     25.97402597    2.12481082E+0007    3.24045163E-0023      8.99000000
  0.13651515     -1.60380064     25.97402597    3.17664807E+0007    4.84456044E-0023      9.01000000
  0.13681818     -1.75945075     25.97402597    3.73187015E+0007    5.69130420E-0023      9.03000000
  0.13712121     -1.80317926     25.97402597    5.67290533E+0007    8.65148803E-0023      9.05000000
  0.13742424     -1.86646109     25.97402597    8.24387181E+0007    1.25723512E-0022      9.07000000
  0.13772727     -1.98575957     25.97402597    1.05302885E+0008    1.60592606E-0022      9.09000000
  0.13803030     -2.09151497     25.97402597    1.38768979E+0008    2.11630212E-0022      9.11000000
  0.13833333     -2.11539343     25.97402597    2.20811383E+0008    3.36749325E-0022      9.13000000
  0.13863636     -2.26760623     25.97402597    2.61466576E+0008    3.98750696E-0022      9.15000000
  0.13893939     -2.33099323     25.97402597    3.79871487E+0008    5.79324602E-0022      9.17000000
  0.13924242     -2.42021640     25.97402597    5.20021211E+0008    7.93060525E-0022      9.19000000
  0.13954545     -2.47279989     25.97402597    7.74542209E+0008    1.18121884E-0021      9.21000000
  0.13984848     -2.54770233     25.97402597    1.09584763E+0009    1.67122701E-0021      9.23000000
  0.14015152     -2.69179143     25.97402597    1.32211306E+0009    2.01629406E-0021      9.25000000
  0.14045455     -2.73675858     25.97402597    2.00405193E+0009    3.05628778E-0021      9.27000000
  0.14075758     -2.87506127     25.97402597    2.45026920E+0009    3.73679331E-0021      9.29000000
  0.14106061     -2.88605665     25.97402597    4.01629816E+0009    6.12507233E-0021      9.31000000
  0.14136364     -3.13469856     25.97402597    3.80882967E+0009    5.80867163E-0021      9.33000000
  0.14166667     -3.19836765     25.97402597    5.53006190E+0009    8.43364405E-0021      9.35000000
  0.14196970     -3.33099321     25.97402597    6.85033728E+0009    1.04471355E-0020      9.37000000
  0.14227273     -3.36317790     25.97402597    1.06938671E+0010    1.63087268E-0020      9.39000000
  0.14257576     -3.47712126     25.97402597    1.38292602E+0010    2.10903712E-0020      9.41000000
  0.14287879     -3.57403126     25.97402597    1.85992944E+0010    2.83649318E-0020      9.43000000
  0.14318182     -3.87506126     25.97402597    1.56341400E+0010    2.38429106E-0020      9.45000000
  0.14348485     -4.17609125     25.97402597    1.31416992E+0010    2.00418034E-0020      9.47000000
  0.14378788     -3.69897002     25.97402597    6.62796620E+0010    1.01080076E-0019      9.49000000
  0.14409091     -4.17609125     25.97402597    3.71421098E+0010    5.66437300E-0020      9.51000000
  0.14439394     -3.87506126     25.97402597    1.24883220E+0011    1.90453678E-0019      9.53000000
  0.14469697     -4.00000001     25.97402597    1.57460947E+0011    2.40136476E-0019      9.55000000
  0.14500000     -3.87506126     25.97402597    3.52954834E+0011    5.38275247E-0019      9.57000000
  0.14530303     -4.47712125     25.97402597    1.48342866E+0011    2.26230909E-0019      9.59000000
  0.14560606     -4.47712125     25.97402597    2.49387217E+0011    3.80329020E-0019      9.61000000
  0.14590909     -4.47712125     25.97402597    4.19258342E+0011    6.39391689E-0019      9.63000000
  0.14712121     -4.47712125     25.97402597    3.34897422E+0012    5.10736715E-0018      9.71000000
