  0.11348485     -4.23706143     20.00000000    1.97060431E-0015    3.00527836E-0045      7.49000000
  0.11409091     -3.93603143     20.00000000    8.77132110E-0015    1.33767400E-0044      7.53000000
  0.11469697     -3.93603143     20.00000000    1.95209341E-0014    2.97704823E-0044      7.57000000
  0.11500000     -3.53809144     20.00000000    7.28045272E-0014    1.11030849E-0043      7.59000000
  0.11530303     -3.39196338     20.00000000    1.52056235E-0013    2.31893998E-0043      7.61000000
  0.11560606     -3.23706144     20.00000000    3.24058910E-0013    4.94207398E-0043      7.63000000
  0.11590909     -2.82208807     20.00000000    1.25694169E-0012    1.91690419E-0042      7.65000000
  0.11621212     -2.87533361     20.00000000    1.65877463E-0012    2.52972119E-0042      7.67000000
  0.11651515     -2.68075894     20.00000000    3.87328854E-0012    5.90697491E-0042      7.69000000
  0.11681818     -2.51278557     20.00000000    8.50689385E-0012    1.29734741E-0041      7.71000000
  0.11712121     -2.44466974     20.00000000    1.48458351E-0011    2.26407030E-0041      7.73000000
  0.11742424     -2.26857849     20.00000000    3.32210745E-0011    5.06639388E-0041      7.75000000
  0.11772727     -2.11979014     20.00000000    6.98103500E-0011    1.06464567E-0040      7.77000000
  0.11803030     -1.99402340     20.00000000    1.39124735E-0010    2.12172759E-0040      7.79000000
  0.11833333     -1.95150414     20.00000000    2.28897689E-0010    3.49081379E-0040      7.81000000
  0.11863636     -1.77917952     20.00000000    5.07789619E-0010    7.74406684E-0040      7.83000000
  0.11893939     -1.71592333     20.00000000    8.76310068E-0010    1.33642034E-0039      7.85000000
  0.11924242     -1.57809660     20.00000000    1.79556994E-0009    2.73834145E-0039      7.87000000
  0.11954545     -1.48887338     20.00000000    3.28960181E-0009    5.01682101E-0039      7.89000000
  0.11984848     -1.41423980     20.00000000    5.82766678E-0009    8.88750761E-0039      7.91000000
  0.12015152     -1.32537127     20.00000000    1.06679513E-0008    1.62692038E-0038      7.93000000
  0.12045455     -1.22128268     20.00000000    2.02249478E-0008    3.08441413E-0038      7.95000000
  0.12075758     -1.15751844     20.00000000    3.49437452E-0008    5.32911049E-0038      7.97000000
  0.12106061     -1.06358378     20.00000000    6.47175249E-0008    9.86977323E-0038      7.99000000
  0.12136364     -1.00229114     20.00000000    1.11181449E-0007    1.69557734E-0037      8.01000000
  0.12166667     -0.91691515     20.00000000    2.01895257E-0007    3.07901207E-0037      8.03000000
  0.12196970     -0.83617823     20.00000000    3.62727791E-0007    5.53179536E-0037      8.05000000
  0.12227273     -0.77586314     20.00000000    6.21747009E-0007    9.48197880E-0037      8.07000000
  0.12257576     -0.70202061     20.00000000    1.09944634E-0006    1.67671524E-0036      8.09000000
  0.12287879     -0.64834166     20.00000000    1.85596926E-0006    2.83045370E-0036      8.11000000
  0.12318182     -0.58831124     20.00000000    3.17920831E-0006    4.84846494E-0036      8.13000000
  0.12348485     -0.53913498     20.00000000    5.31144931E-0006    8.10024801E-0036      8.15000000
  0.12378788     -0.48493611     20.00000000    8.97696850E-0006    1.36903634E-0035      8.17000000
  0.12409091     -0.42885048     20.00000000    1.52381811E-0005    2.32390519E-0035      8.19000000
  0.12439394     -0.37768294     20.00000000    2.55751659E-0005    3.90035138E-0035      8.21000000
  0.12469697     -0.33636666     20.00000000    4.19616473E-0005    6.39937859E-0035      8.23000000
  0.12500000     -0.29381430     20.00000000    6.90434824E-0005    1.05295052E-0034      8.25000000
  0.12530303     -0.25920071     20.00000000    1.11546018E-0004    1.70113721E-0034      8.27000000
  0.12560606     -0.21952728     20.00000000    1.82324608E-0004    2.78054907E-0034      8.29000000
  0.12590909     -0.17814217     20.00000000    2.99190769E-0004    4.56282135E-0034      8.31000000
  0.12621212     -0.14803992     20.00000000    4.78374736E-0004    7.29547394E-0034      8.33000000
  0.12651515     -0.11972385     20.00000000    7.61731829E-0004    1.16168231E-0033      8.35000000
  0.12681818     -0.09307913     20.00000000    1.20827171E-0003    1.84267984E-0033      8.37000000
  0.12712121     -0.06172359     20.00000000    1.93748319E-0003    2.95476685E-0033      8.39000000
  0.12742424     -0.02991197     20.00000000    3.11004989E-0003    4.74299461E-0033      8.41000000
  0.12772727     -0.01960381     20.00000000    4.75109059E-0003    7.24567060E-0033      8.43000000
  0.12803030      0.00533088     20.00000000    7.50664344E-0003    1.14480380E-0032      8.45000000
  0.12833333      0.02398722     20.00000000    1.16901458E-0002    1.78281058E-0032      8.47000000
  0.12863636      0.03875648     20.00000000    1.80429266E-0002    2.75164407E-0032      8.49000000
  0.12893939      0.05127722     20.00000000    2.77041932E-0002    4.22503959E-0032      8.51000000
  0.12924242      0.06159517     20.00000000    4.23234685E-0002    6.45455829E-0032      8.53000000
  0.12954545      0.07388663     20.00000000    6.49516978E-0002    9.90548587E-0032      8.55000000
  0.12984848      0.08513719     20.00000000    9.94394843E-0002    1.51650602E-0031      8.57000000
  0.13015152      0.09306812     20.00000000    1.51080210E-0001    2.30405506E-0031      8.59000000
  0.13045455      0.09280404     20.00000000    2.25248180E-0001    3.43515680E-0031      8.61000000
  0.13075758      0.09468971     20.00000000    3.37492990E-0001    5.14695097E-0031      8.63000000
  0.13106061      0.10063737     20.00000000    5.10422973E-0001    7.78422692E-0031      8.65000000
  0.13136364      0.09428488     20.00000000    7.50404640E-0001    1.14440774E-0030      8.67000000
  0.13166667      0.08982720     20.00000000    1.10804048E+0000    1.68982177E-0030      8.69000000
  0.13196970      0.08843369     20.00000000    1.64770672E+0000    2.51284203E-0030      8.71000000
  0.13227273      0.08569521     20.00000000    2.44263862E+0000    3.72515626E-0030      8.73000000
  0.13257576      0.08024960     20.00000000    3.59858200E+0000    5.48803254E-0030      8.75000000
  0.13287879      0.06839744     20.00000000    5.22392624E+0000    7.96677058E-0030      8.77000000
  0.13318182      0.05942824     20.00000000    7.63388528E+0000    1.16420887E-0029      8.79000000
  0.13348485      0.04824830     20.00000000    1.10989905E+0001    1.69265620E-0029      8.81000000
  0.13378788      0.03146974     20.00000000    1.59302545E+0001    2.42945013E-0029      8.83000000
  0.13409091      0.02219786     20.00000000    2.32631555E+0001    3.54775728E-0029      8.85000000
  0.13439394     -0.00158348     20.00000000    3.28552729E+0001    5.01060716E-0029      8.87000000
  0.13469697     -0.01512583     20.00000000    4.75095068E+0001    7.24545722E-0029      8.89000000
  0.13500000     -0.03150522     20.00000000    6.82525571E+0001    1.04088848E-0028      8.91000000
  0.13530303     -0.05217134     20.00000000    9.70891269E+0001    1.48066180E-0028      8.93000000
  0.13560606     -0.08507904     20.00000000    1.34270525E+0002    2.04769826E-0028      8.95000000
  0.13590909     -0.10275680     20.00000000    1.92318349E+0002    2.93295904E-0028      8.97000000
  0.13621212     -0.12660640     20.00000000    2.71574454E+0002    4.14165757E-0028      8.99000000
  0.13651515     -0.15492260     20.00000000    3.79568800E+0002    5.78862987E-0028      9.01000000
  0.13681818     -0.18529170     20.00000000    5.28006422E+0002    8.05238405E-0028      9.03000000
  0.13712121     -0.21200146     20.00000000    7.40708332E+0002    1.12962034E-0027      9.05000000
  0.13742424     -0.23593373     20.00000000    1.04576176E+0003    1.59484335E-0027      9.07000000
  0.13772727     -0.26662156     20.00000000    1.45365959E+0003    2.21690964E-0027      9.09000000
  0.13803030     -0.29949338     20.00000000    2.01052136E+0003    3.06615401E-0027      9.11000000
  0.13833333     -0.33191344     20.00000000    2.78359743E+0003    4.24513691E-0027      9.13000000
  0.13863636     -0.36642346     20.00000000    3.83543120E+0003    5.84924041E-0027      9.15000000
  0.13893939     -0.40137085     20.00000000    5.27940035E+0003    8.05137161E-0027      9.17000000
  0.13924242     -0.45638417     20.00000000    6.93887520E+0003    1.05821607E-0026      9.19000000
  0.13954545     -0.48616752     20.00000000    9.66548199E+0003    1.47403838E-0026      9.21000000
  0.13984848     -0.51426302     20.00000000    1.35159262E+0004    2.06125199E-0026      9.23000000
  0.14015152     -0.56542584     20.00000000    1.79225906E+0004    2.73329218E-0026      9.25000000
  0.14045455     -0.60724424     20.00000000    2.42828789E+0004    3.70327061E-0026      9.27000000
  0.14075758     -0.63521864     20.00000000    3.39659348E+0004    5.17998911E-0026      9.29000000
  0.14106061     -0.68293585     20.00000000    4.53987772E+0004    6.92355952E-0026      9.31000000
  0.14136364     -0.73833745     20.00000000    5.96156576E+0004    9.09171083E-0026      9.33000000
  0.14166667     -0.78435520     20.00000000    7.99945469E+0004    1.21996019E-0025      9.35000000
  0.14196970     -0.83274096     20.00000000    1.06756032E+0005    1.62808733E-0025      9.37000000
  0.14227273     -0.87552248     20.00000000    1.44320721E+0005    2.20096920E-0025      9.39000000
  0.14257576     -0.90301001     20.00000000    2.02096577E+0005    3.08208231E-0025      9.41000000
  0.14287879     -0.95511949     20.00000000    2.67403612E+0005    4.07804997E-0025      9.43000000
  0.14318182     -1.00686804     20.00000000    3.54108627E+0005    5.40034844E-0025      9.45000000
  0.14348485     -1.07152034     20.00000000    4.55199741E+0005    6.94204270E-0025      9.47000000
  0.14378788     -1.12647171     20.00000000    5.98368085E+0005    9.12543753E-0025      9.49000000
  0.14409091     -1.19487984     20.00000000    7.62567140E+0005    1.16295621E-0024      9.51000000
  0.14439394     -1.21093692     20.00000000    1.09632369E+0006    1.67195303E-0024      9.53000000
  0.14469697     -1.26532185     20.00000000    1.44301772E+0006    2.20068022E-0024      9.55000000
  0.14500000     -1.34441039     20.00000000    1.79432420E+0006    2.73644163E-0024      9.57000000
  0.14530303     -1.42148370     20.00000000    2.24153437E+0006    3.41846138E-0024      9.59000000
  0.14560606     -1.44118143     20.00000000    3.19569600E+0006    4.87360957E-0024      9.61000000
  0.14590909     -1.49669876     20.00000000    4.19532804E+0006    6.39810258E-0024      9.63000000
  0.14621212     -1.58870143     20.00000000    5.06385247E+0006    7.72264942E-0024      9.65000000
  0.14651515     -1.59957169     20.00000000    7.36764316E+0006    1.12360550E-0023      9.67000000
  0.14681818     -1.67476857     20.00000000    9.24377770E+0006    1.40972619E-0023      9.69000000
  0.14712121     -1.74569973     20.00000000    1.17121365E+0007    1.78616429E-0023      9.71000000
  0.14742424     -1.84612633     20.00000000    1.38652377E+0007    2.11452389E-0023      9.73000000
  0.14772727     -1.85685019     20.00000000    2.01800044E+0007    3.07756002E-0023      9.75000000
  0.14803030     -1.96521983     20.00000000    2.34568347E+0007    3.57729439E-0023      9.77000000
  0.14833333     -1.99651217     20.00000000    3.25607845E+0007    4.96569608E-0023      9.79000000
  0.14863636     -2.11320979     20.00000000    3.71291524E+0007    5.66239693E-0023      9.81000000
  0.14893939     -2.12311809     20.00000000    5.41407815E+0007    8.25676254E-0023      9.83000000
  0.14924242     -2.23274007     20.00000000    6.27509546E+0007    9.56986061E-0023      9.85000000
  0.14954545     -2.26857849     20.00000000    8.61985000E+0007    1.31457383E-0022      9.87000000
  0.14984848     -2.41751750     20.00000000    9.12595860E+0007    1.39175814E-0022      9.89000000
  0.15015152     -2.45173161     20.00000000    1.25829415E+0008    1.91896676E-0022      9.91000000
  0.15045455     -2.48118658     20.00000000    1.75406221E+0008    2.67503992E-0022      9.93000000
  0.15075758     -2.65727784     20.00000000    1.74450222E+0008    2.66046041E-0022      9.95000000
  0.15106061     -2.59360877     20.00000000    3.01341116E+0008    4.59561531E-0022      9.97000000
  0.15136364     -2.60359297     20.00000000    4.39331139E+0008    6.70003792E-0022      9.99000000
  0.15166667     -2.80569766     20.00000000    4.11533403E+0008    6.27610739E-0022     10.01000000
  0.15196970     -2.82208807     20.00000000    5.91197338E+0008    9.01607976E-0022     10.03000000
  0.15227273     -3.06097017     20.00000000    5.08824676E+0008    7.75985203E-0022     10.05000000
  0.15257576     -3.06097017     20.00000000    7.59077219E+0008    1.15763389E-0021     10.07000000
  0.15287879     -3.15788020     20.00000000    9.05928069E+0008    1.38158939E-0021     10.09000000
  0.15318182     -3.06097017     20.00000000    1.68935742E+0009    2.57636160E-0021     10.11000000
  0.15348485     -3.15788020     20.00000000    2.01618000E+0009    3.07478374E-0021     10.13000000
  0.15378788     -3.15788020     20.00000000    3.00778711E+0009    4.58703833E-0021     10.15000000
  0.15409091     -3.45891020     20.00000000    2.24354555E+0009    3.42152853E-0021     10.17000000
  0.15439394     -3.45891020     20.00000000    3.34697666E+0009    5.10432077E-0021     10.19000000
  0.15469697     -3.63500144     20.00000000    3.32873510E+0009    5.07650140E-0021     10.21000000
  0.15500000     -3.75994019     20.00000000    3.72441677E+0009    5.67993739E-0021     10.23000000
  0.15530303     -3.45891020     20.00000000    1.11123539E+0010    1.69469418E-0020     10.25000000
  0.15560606     -3.93603143     20.00000000    5.52589487E+0009    8.42728911E-0021     10.27000000
  0.15590909     -4.23706143     20.00000000    4.12183322E+0009    6.28601901E-0021     10.29000000
  0.15621212     -3.93603143     20.00000000    1.22981052E+0010    1.87552768E-0020     10.31000000
  0.15651515     -3.39196338     20.00000000    6.42131609E+0010    9.79285499E-0020     10.33000000
  0.15681818     -3.93603143     20.00000000    2.73699365E+0010    4.17406362E-0020     10.35000000
  0.15712121     -3.75994019     20.00000000    6.12467182E+0010    9.34045641E-0020     10.37000000
  0.15742424     -3.75994019     20.00000000    9.13693669E+0010    1.39343236E-0019     10.39000000
  0.15803030     -4.23706143     20.00000000    6.77820914E+0010    1.03371362E-0019     10.43000000
  0.15833333     -4.23706143     20.00000000    1.01118998E+0011    1.54211951E-0019     10.45000000
  0.15893939     -4.23706143     20.00000000    2.25044469E+0011    3.43205009E-0019     10.49000000
  0.16166667     -4.23706143     20.00000000    8.23623023E+0012    1.25606974E-0017     10.67000000
