  0.16015152     -3.89130209      2.00000000    1.53366633E-0007    2.33892425E-0037     10.57000000
  0.16439394     -3.59027210      2.00000000    5.36989492E-0007    8.18938073E-0037     10.85000000
  0.16500000     -3.59027210      2.00000000    5.81713772E-0007    8.87145024E-0037     10.89000000
  0.16681818     -3.89130209      2.00000000    3.69751569E-0007    5.63891179E-0037     11.01000000
  0.16712121     -3.59027210      2.00000000    7.69682834E-0007    1.17380803E-0036     11.03000000
  0.16742424     -3.89130209      2.00000000    4.00547093E-0007    6.10856022E-0037     11.05000000
  0.16772727     -3.89130209      2.00000000    4.16893730E-0007    6.35785529E-0037     11.07000000
  0.16803030     -3.59027210      2.00000000    8.67814973E-0007    1.32346486E-0036     11.09000000
  0.16833333     -3.89130209      2.00000000    4.51615587E-0007    6.88738241E-0037     11.11000000
  0.16863636     -3.89130209      2.00000000    4.70046368E-0007    7.16846182E-0037     11.13000000
  0.16893939     -3.89130209      2.00000000    4.89229325E-0007    7.46101230E-0037     11.15000000
  0.16924242     -3.28924210      2.00000000    2.03678061E-0006    3.10620079E-0036     11.17000000
  0.16954545     -3.41418086      2.00000000    1.58992734E-0006    2.42472535E-0036     11.19000000
  0.16984848     -3.28924210      2.00000000    2.20641809E-0006    3.36490715E-0036     11.21000000
  0.17015152     -3.04620408      2.00000000    4.01881132E-0006    6.12890503E-0036     11.23000000
  0.17045455     -3.11315086      2.00000000    3.58527614E-0006    5.46774039E-0036     11.25000000
  0.17075758     -3.19233210      2.00000000    3.10966175E-0006    4.74240266E-0036     11.27000000
  0.17106061     -2.98821211      2.00000000    5.17851124E-0006    7.89751024E-0036     11.29000000
  0.17136364     -3.28924210      2.00000000    2.69492514E-0006    4.10990687E-0036     11.31000000
  0.17166667     -2.93705959      2.00000000    6.31104095E-0006    9.62467943E-0036     11.33000000
  0.17196970     -2.77735876      2.00000000    9.48797665E-0006    1.44696785E-0035     11.35000000
  0.17227273     -2.89130210      2.00000000    7.59629887E-0006    1.15847674E-0035     11.37000000
  0.17257576     -3.11315086      2.00000000    4.74378575E-0006    7.23453032E-0036     11.39000000
  0.17287879     -2.89130210      2.00000000    8.22897232E-0006    1.25496287E-0035     11.41000000
  0.17318182     -3.11315086      2.00000000    5.13888176E-0006    7.83707314E-0036     11.43000000
  0.17348485     -2.45993836      2.00000000    2.40687147E-0005    3.67060942E-0035     11.45000000
  0.17378788     -2.71521086      2.00000000    1.39172102E-0005    2.12244996E-0035     11.47000000
  0.17409091     -2.59027211      2.00000000    1.93135770E-0005    2.94542514E-0035     11.49000000
  0.17439394     -2.59027211      2.00000000    2.01017790E-0005    3.06563022E-0035     11.51000000
  0.17469697     -2.63602959      2.00000000    1.88299335E-0005    2.87166690E-0035     11.53000000
  0.17500000     -2.54887943      2.00000000    2.39535967E-0005    3.65305330E-0035     11.55000000
  0.17530303     -2.34723409      2.00000000    3.96632093E-0005    6.04885435E-0035     11.57000000
  0.17560606     -2.38615212      2.00000000    3.77434507E-0005    5.75608075E-0035     11.59000000
  0.17590909     -2.42890410      2.00000000    3.56009341E-0005    5.42933537E-0035     11.61000000
  0.17621212     -2.31151853      2.00000000    4.85532999E-0005    7.40464133E-0035     11.63000000
  0.17651515     -2.38615212      2.00000000    4.25556219E-0005    6.48996293E-0035     11.65000000
  0.17681818     -2.25783368      2.00000000    5.95178395E-0005    9.07679303E-0035     11.67000000
  0.17712121     -2.37278817      2.00000000    4.75405769E-0005    7.25019559E-0035     11.69000000
  0.17742424     -2.27851826      2.00000000    6.14760757E-0005    9.37543467E-0035     11.71000000
  0.17772727     -2.20110604      2.00000000    7.64698318E-0005    1.16620637E-0034     11.73000000
  0.17803030     -2.05879321      2.00000000    1.10452295E-0004    1.68445736E-0034     11.75000000
  0.17833333     -2.06522733      2.00000000    1.13269347E-0004    1.72741892E-0034     11.77000000
  0.17863636     -2.02797927      2.00000000    1.28449449E-0004    1.95892370E-0034     11.79000000
  0.17893939     -1.89566691      2.00000000    1.81307754E-0004    2.76504149E-0034     11.81000000
  0.17924242     -1.88698074      2.00000000    1.92519324E-0004    2.93602401E-0034     11.83000000
  0.17954545     -1.92751430      2.00000000    1.82520879E-0004    2.78354230E-0034     11.85000000
  0.17984848     -1.85387562      2.00000000    2.25072797E-0004    3.43248212E-0034     11.87000000
  0.18015152     -1.85387562      2.00000000    2.34258193E-0004    3.57256437E-0034     11.89000000
  0.18045455     -1.79093157      2.00000000    2.81845186E-0004    4.29829180E-0034     11.91000000
  0.18075758     -1.75458157      2.00000000    3.18957192E-0004    4.86427001E-0034     11.93000000
  0.18106061     -1.71811586      2.00000000    3.61052112E-0004    5.50624035E-0034     11.95000000
  0.18136364     -1.64332885      2.00000000    4.46404612E-0004    6.80791223E-0034     11.97000000
  0.18166667     -1.66858564      2.00000000    4.38372864E-0004    6.68542372E-0034     11.99000000
  0.18196970     -1.62648430      2.00000000    5.02709139E-0004    7.66658677E-0034     12.01000000
  0.18227273     -1.56908281      2.00000000    5.97159101E-0004    9.10699988E-0034     12.03000000
  0.18257576     -1.55484237      2.00000000    6.42247271E-0004    9.79461889E-0034     12.05000000
  0.18287879     -1.52023427      2.00000000    7.23905966E-0004    1.10399582E-0033     12.07000000
  0.18318182     -1.47134638      2.00000000    8.43221800E-0004    1.28595894E-0033     12.09000000
  0.18348485     -1.47800233      2.00000000    8.64286344E-0004    1.31808351E-0033     12.11000000
  0.18378788     -1.41854565      2.00000000    1.03154009E-0003    1.57315454E-0033     12.13000000
  0.18409091     -1.39299158      2.00000000    1.13870692E-0003    1.73658976E-0033     12.15000000
  0.18439394     -1.39437246      2.00000000    1.18141603E-0003    1.80172347E-0033     12.17000000
  0.18469697     -1.35727602      2.00000000    1.33927907E-0003    2.04247315E-0033     12.19000000
  0.18500000     -1.31959327      2.00000000    1.52028709E-0003    2.31852019E-0033     12.21000000
  0.18530303     -1.30810335      2.00000000    1.62475285E-0003    2.47783614E-0033     12.23000000
  0.18560606     -1.29580591      2.00000000    1.73962856E-0003    2.65302781E-0033     12.25000000
  0.18590909     -1.21187421      2.00000000    2.19664564E-0003    3.35000363E-0033     12.27000000
  0.18621212     -1.24391916      2.00000000    2.12366905E-0003    3.23871038E-0033     12.29000000
  0.18651515     -1.16620761      2.00000000    2.64344430E-0003    4.03139579E-0033     12.31000000
  0.18681818     -1.16051985      2.00000000    2.78759519E-0003    4.25123372E-0033     12.33000000
  0.18712121     -1.11026517      2.00000000    3.25728801E-0003    4.96754072E-0033     12.35000000
  0.18742424     -1.16213735      2.00000000    3.00853981E-0003    4.58818624E-0033     12.37000000
  0.18772727     -1.11824741      2.00000000    3.46431584E-0003    5.28326937E-0033     12.39000000
  0.18803030     -1.08376710      2.00000000    3.90363828E-0003    5.95325990E-0033     12.41000000
  0.18833333     -1.05434537      2.00000000    4.34773517E-0003    6.63053172E-0033     12.43000000
  0.18863636     -1.01798153      2.00000000    4.92038062E-0003    7.50384707E-0033     12.45000000
  0.18893939     -0.99532737      2.00000000    5.39541229E-0003    8.22829610E-0033     12.47000000
  0.18924242     -0.97432207      2.00000000    5.89388585E-0003    8.98849529E-0033     12.49000000
  0.18954545     -0.95128397      2.00000000    6.46861938E-0003    9.86499507E-0033     12.51000000
  0.18984848     -0.94632619      2.00000000    6.80990653E-0003    1.03854765E-0032     12.53000000
  0.19015152     -0.92095525      2.00000000    7.51421940E-0003    1.14595918E-0032     12.55000000
  0.19045455     -0.87973166      2.00000000    8.59961961E-0003    1.31148859E-0032     12.57000000
  0.19075758     -0.87888672      2.00000000    8.96800744E-0003    1.36766973E-0032     12.59000000
  0.19106061     -0.86640616      2.00000000    9.60612654E-0003    1.46498635E-0032     12.61000000
  0.19136364     -0.84480697      2.00000000    1.05079808E-0002    1.60252401E-0032     12.63000000
  0.19166667     -0.83249662      2.00000000    1.12512663E-0002    1.71587908E-0032     12.65000000
  0.19196970     -0.82534912      2.00000000    1.19047610E-0002    1.81554056E-0032     12.67000000
  0.19227273     -0.77436246      2.00000000    1.39341063E-0002    2.12502672E-0032     12.69000000
  0.19257576     -0.76193454      2.00000000    1.49237794E-0002    2.27595723E-0032     12.71000000
  0.19287879     -0.74146743      2.00000000    1.62823732E-0002    2.48315013E-0032     12.73000000
  0.19318182     -0.73173491      2.00000000    1.73309355E-0002    2.64306157E-0032     12.75000000
  0.19348485     -0.72309936      2.00000000    1.84004878E-0002    2.80617410E-0032     12.77000000
  0.19378788     -0.71869918      2.00000000    1.93464504E-0002    2.95043851E-0032     12.79000000
  0.19409091     -0.67119404      2.00000000    2.24635412E-0002    3.42581175E-0032     12.81000000
  0.19439394     -0.67751883      2.00000000    2.30422672E-0002    3.51407061E-0032     12.83000000
  0.19469697     -0.65100253      2.00000000    2.54925500E-0002    3.88775201E-0032     12.85000000
  0.19500000     -0.63723767      2.00000000    2.73873444E-0002    4.17671843E-0032     12.87000000
  0.19530303     -0.62436519      2.00000000    2.93625776E-0002    4.47795220E-0032     12.89000000
  0.19560606     -0.62460015      2.00000000    3.05443577E-0002    4.65818006E-0032     12.91000000
  0.19590909     -0.59529546      2.00000000    3.40100654E-0002    5.18671926E-0032     12.93000000
  0.19621212     -0.59926766      2.00000000    3.50757568E-0002    5.34924298E-0032     12.95000000
  0.19651515     -0.56763759      2.00000000    3.92652978E-0002    5.98817067E-0032     12.97000000
  0.19681818     -0.56496628      2.00000000    4.11198944E-0002    6.27100671E-0032     12.99000000
  0.19712121     -0.54651697      2.00000000    4.46553065E-0002    6.81017622E-0032     13.01000000
  0.19742424     -0.55026349      2.00000000    4.60785005E-0002    7.02722101E-0032     13.03000000
  0.19772727     -0.51254094      2.00000000    5.23109577E-0002    7.97770451E-0032     13.05000000
  0.19803030     -0.51109085      2.00000000    5.46279032E-0002    8.33105125E-0032     13.07000000
  0.19833333     -0.51875831      2.00000000    5.58623057E-0002    8.51930432E-0032     13.09000000
  0.19863636     -0.48835328      2.00000000    6.23585010E-0002    9.51000930E-0032     13.11000000
  0.19893939     -0.49860516      2.00000000    6.33892421E-0002    9.66720290E-0032     13.13000000
  0.19924242     -0.46300531      2.00000000    7.16122287E-0002    1.09212529E-0031     13.15000000
  0.19954545     -0.46058222      2.00000000    7.49517984E-0002    1.14305554E-0031     13.17000000
  0.19984848     -0.44741355      2.00000000    8.04123042E-0002    1.22633121E-0031     13.19000000
  0.20015152     -0.44741355      2.00000000    8.36939926E-0002    1.27637874E-0031     13.21000000
  0.20045455     -0.42785709      2.00000000    9.11218506E-0002    1.38965760E-0031     13.23000000
  0.20075758     -0.43130685      2.00000000    9.40902330E-0002    1.43492704E-0031     13.25000000
  0.20106061     -0.42845509      2.00000000    9.85752955E-0002    1.50332667E-0031     13.27000000
  0.20136364     -0.42369401      2.00000000    1.03729181E-0001    1.58192622E-0031     13.29000000
  0.20166667     -0.41187079      2.00000000    1.10941990E-0001    1.69192546E-0031     13.31000000
  0.20196970     -0.39938042      2.00000000    1.18838756E-0001    1.81235543E-0031     13.33000000
  0.20227273     -0.39092839      2.00000000    1.26119403E-0001    1.92338924E-0031     13.35000000
  0.20257576     -0.38223407      2.00000000    1.33920792E-0001    2.04236464E-0031     13.37000000
  0.20287879     -0.37516355      2.00000000    1.41674048E-0001    2.16060600E-0031     13.39000000
  0.20318182     -0.38075710      2.00000000    1.45568879E-0001    2.22000429E-0031     13.41000000
  0.20348485     -0.37463456      2.00000000    1.53660715E-0001    2.34340917E-0031     13.43000000
  0.20378788     -0.35524897      2.00000000    1.67232323E-0001    2.55038354E-0031     13.45000000
  0.20409091     -0.35918501      2.00000000    1.72486838E-0001    2.63051774E-0031     13.47000000
  0.20439394     -0.35740302      2.00000000    1.80264300E-0001    2.74912826E-0031     13.49000000
  0.20469697     -0.34723406      2.00000000    1.92065991E-0001    2.92911043E-0031     13.51000000
  0.20500000     -0.34773068      2.00000000    1.99675888E-0001    3.04516549E-0031     13.53000000
  0.20530303     -0.35285406      2.00000000    2.05387511E-0001    3.13227083E-0031     13.55000000
  0.20560606     -0.32052574      2.00000000    2.30289497E-0001    3.51203962E-0031     13.57000000
  0.20590909     -0.31750253      2.00000000    2.41362121E-0001    3.68090313E-0031     13.59000000
  0.20621212     -0.33790461      2.00000000    2.39683872E-0001    3.65530892E-0031     13.61000000
  0.20651515     -0.32639945      2.00000000    2.56162620E-0001    3.90661876E-0031     13.63000000
  0.20681818     -0.32064244      2.00000000    2.70174616E-0001    4.12030929E-0031     13.65000000
  0.20712121     -0.31982621      2.00000000    2.81729650E-0001    4.29652983E-0031     13.67000000
  0.20742424     -0.31970972      2.00000000    2.93305916E-0001    4.47307416E-0031     13.69000000
  0.20772727     -0.31220478      2.00000000    3.10597207E-0001    4.73677571E-0031     13.71000000
  0.20803030     -0.31323624      2.00000000    3.22506050E-0001    4.91839201E-0031     13.73000000
  0.20833333     -0.31484559      2.00000000    3.34426198E-0001    5.10018073E-0031     13.75000000
  0.20863636     -0.30651873      2.00000000    3.54812512E-0001    5.41108307E-0031     13.77000000
  0.20893939     -0.31877902      2.00000000    3.59013200E-0001    5.47514583E-0031     13.79000000
  0.20924242     -0.31866282      2.00000000    3.73764804E-0001    5.70011579E-0031     13.81000000
  0.20954545     -0.32310039      2.00000000    3.85063723E-0001    5.87243043E-0031     13.83000000
  0.20984848     -0.32192821      2.00000000    4.01861655E-0001    6.12860799E-0031     13.85000000
  0.21015152     -0.31220478      2.00000000    4.27732037E-0001    6.52314534E-0031     13.87000000
  0.21045455     -0.32510040      2.00000000    4.32163356E-0001    6.59072535E-0031     13.89000000
  0.21075758     -0.30426500      2.00000000    4.71905584E-0001    7.19681587E-0031     13.91000000
  0.21106061     -0.31761843      2.00000000    4.76292195E-0001    7.26371406E-0031     13.93000000
  0.21136364     -0.32687280      2.00000000    4.85278303E-0001    7.40075708E-0031     13.95000000
  0.21166667     -0.31994273      2.00000000    5.13207183E-0001    7.82668764E-0031     13.97000000
  0.21196970     -0.33151514      2.00000000    5.20106271E-0001    7.93190246E-0031     13.99000000
  0.21227273     -0.32996217      2.00000000    5.43271393E-0001    8.28518313E-0031     14.01000000
  0.21257576     -0.32239671      2.00000000    5.75379100E-0001    8.77484306E-0031     14.03000000
  0.21287879     -0.32368769      2.00000000    5.97083244E-0001    9.10584301E-0031     14.05000000
  0.21318182     -0.33741909      2.00000000    6.02109190E-0001    9.18249141E-0031     14.07000000
  0.21348485     -0.34686197      2.00000000    6.13202842E-0001    9.35167562E-0031     14.09000000
  0.21378788     -0.34735817      2.00000000    6.37499339E-0001    9.72221036E-0031     14.11000000
  0.21409091     -0.33741909      2.00000000    6.78876216E-0001    1.03532302E-0030     14.13000000
  0.21439394     -0.34328143      2.00000000    6.97107957E-0001    1.06312741E-0030     14.15000000
  0.21469697     -0.34673803      2.00000000    7.19805592E-0001    1.09774253E-0030     14.17000000
  0.21500000     -0.35676835      2.00000000    7.32076845E-0001    1.11645686E-0030     14.19000000
  0.21530303     -0.36277104      2.00000000    7.51494423E-0001    1.14606972E-0030     14.21000000
  0.21560606     -0.37622343      2.00000000    7.58307151E-0001    1.15645950E-0030     14.23000000
  0.21590909     -0.36951046      2.00000000    8.01548680E-0001    1.22240517E-0030     14.25000000
  0.21621212     -0.38778380      2.00000000    7.99886455E-0001    1.21987019E-0030     14.27000000
  0.21651515     -0.38156211      2.00000000    8.44543081E-0001    1.28797396E-0030     14.29000000
  0.21681818     -0.38452657      2.00000000    8.73029916E-0001    1.33141793E-0030     14.31000000
  0.21712121     -0.38914822      2.00000000    8.99040514E-0001    1.37108550E-0030     14.33000000
  0.21742424     -0.40373954      2.00000000    9.04814848E-0001    1.37989167E-0030     14.35000000
  0.21772727     -0.41100767      2.00000000    9.26111692E-0001    1.41237051E-0030     14.37000000
  0.21803030     -0.41505031      2.00000000    9.54976114E-0001    1.45639032E-0030     14.39000000
  0.21833333     -0.43828974      2.00000000    9.42160431E-0001    1.43684571E-0030     14.41000000
  0.21863636     -0.42770771      2.00000000    1.00479778E+0000    1.53237107E-0030     14.43000000
  0.21893939     -0.41839948      2.00000000    1.06846101E+0000    1.62946093E-0030     14.45000000
  0.21924242     -0.43130685      2.00000000    1.07950108E+0000    1.64629764E-0030     14.47000000
  0.21954545     -0.45181152      2.00000000    1.07174187E+0000    1.63446442E-0030     14.49000000
  0.21984848     -0.47416271      2.00000000    1.05952396E+0000    1.61583144E-0030     14.51000000
  0.22015152     -0.45498040      2.00000000    1.15256352E+0000    1.75772182E-0030     14.53000000
  0.22045455     -0.48340159      2.00000000    1.12360966E+0000    1.71356562E-0030     14.55000000
  0.22075758     -0.48086233      2.00000000    1.17632278E+0000    1.79395597E-0030     14.57000000
  0.22106061     -0.48835328      2.00000000    1.20339259E+0000    1.83523891E-0030     14.59000000
  0.22136364     -0.50337865      2.00000000    1.20991189E+0000    1.84518119E-0030     14.61000000
  0.22166667     -0.50462483      2.00000000    1.25568104E+0000    1.91498163E-0030     14.63000000
  0.22196970     -0.51145294      2.00000000    1.28653915E+0000    1.96204192E-0030     14.65000000
  0.22227273     -0.52208626      2.00000000    1.30665660E+0000    1.99272211E-0030     14.67000000
  0.22257576     -0.52900817      2.00000000    1.33847829E+0000    2.04125193E-0030     14.69000000
  0.22287879     -0.55745195      2.00000000    1.30478613E+0000    1.98986955E-0030     14.71000000
  0.22318182     -0.55584423      2.00000000    1.36307212E+0000    2.07875885E-0030     14.73000000
  0.22348485     -0.55765336      2.00000000    1.41280261E+0000    2.15460053E-0030     14.75000000
  0.22378788     -0.58552097      2.00000000    1.37906790E+0000    2.10315328E-0030     14.77000000
  0.22409091     -0.59310427      2.00000000    1.41050339E+0000    2.15109410E-0030     14.79000000
  0.22439394     -0.60372430      2.00000000    1.43260307E+0000    2.18479731E-0030     14.81000000
  0.22469697     -0.62039047      2.00000000    1.43493257E+0000    2.18834993E-0030     14.83000000
  0.22500000     -0.62648429      2.00000000    1.47268360E+0000    2.24592230E-0030     14.85000000
  0.22530303     -0.64137036      2.00000000    1.48113675E+0000    2.25881379E-0030     14.87000000
  0.22560606     -0.64801597      2.00000000    1.51817323E+0000    2.31529645E-0030     14.89000000
  0.22590909     -0.65275423      2.00000000    1.56298514E+0000    2.38363703E-0030     14.91000000
  0.22621212     -0.67513621      2.00000000    1.54505749E+0000    2.35629639E-0030     14.93000000
  0.22651515     -0.66651015      2.00000000    1.64037253E+0000    2.50165699E-0030     14.95000000
  0.22681818     -0.69817751      2.00000000    1.58725574E+0000    2.42065101E-0030     14.97000000
  0.22712121     -0.69457340      2.00000000    1.66579977E+0000    2.54043491E-0030     14.99000000
  0.22742424     -0.71117623      2.00000000    1.66875179E+0000    2.54493690E-0030     15.01000000
  0.22772727     -0.75744400      2.00000000    1.56133377E+0000    2.38111861E-0030     15.03000000
  0.22803030     -0.76484599      2.00000000    1.59759076E+0000    2.43641248E-0030     15.05000000
  0.22833333     -0.76419730      2.00000000    1.66527519E+0000    2.53963490E-0030     15.07000000
  0.22863636     -0.75394800      2.00000000    1.77462704E+0000    2.70640239E-0030     15.09000000
  0.22893939     -0.77369941      2.00000000    1.76492992E+0000    2.69161376E-0030     15.11000000
  0.22924242     -0.78138625      2.00000000    1.80473066E+0000    2.75231206E-0030     15.13000000
  0.22954545     -0.82274520      2.00000000    1.70775368E+0000    2.60441691E-0030     15.15000000
  0.22984848     -0.82759356      2.00000000    1.75771577E+0000    2.68061179E-0030     15.17000000
  0.23015152     -0.83477840      2.00000000    1.79943261E+0000    2.74423223E-0030     15.19000000
  0.23045455     -0.84053581      2.00000000    1.84820424E+0000    2.81861162E-0030     15.21000000
  0.23075758     -0.87846489      2.00000000    1.76275784E+0000    2.68830122E-0030     15.23000000
  0.23106061     -0.87343440      2.00000000    1.85607247E+0000    2.83061109E-0030     15.25000000
  0.23136364     -0.88483606      2.00000000    1.88176350E+0000    2.86979131E-0030     15.27000000
  0.23166667     -0.92893279      2.00000000    1.76945733E+0000    2.69851831E-0030     15.29000000
  0.23196970     -0.93705961      2.00000000    1.80752807E+0000    2.75657825E-0030     15.31000000
  0.23227273     -0.93321627      2.00000000    1.89801735E+0000    2.89457931E-0030     15.33000000
  0.23257576     -0.98014450      2.00000000    1.77314284E+0000    2.70413891E-0030     15.35000000
  0.23287879     -0.95529131      2.00000000    1.95419858E+0000    2.98025873E-0030     15.37000000
  0.23318182     -1.00934714      2.00000000    1.79591030E+0000    2.73886052E-0030     15.39000000
  0.23348485     -1.01393078      2.00000000    1.84957856E+0000    2.82070753E-0030     15.41000000
  0.23378788     -1.02619813      2.00000000    1.87144559E+0000    2.85405593E-0030     15.43000000
  0.23409091     -1.02148392      2.00000000    1.96907925E+0000    3.00295256E-0030     15.45000000
  0.23439394     -1.04372945      2.00000000    1.94710535E+0000    2.96944117E-0030     15.47000000
  0.23469697     -1.04065588      2.00000000    2.04096144E+0000    3.11257679E-0030     15.49000000
  0.23500000     -1.07373674      2.00000000    1.96845603E+0000    3.00200211E-0030     15.51000000
  0.23530303     -1.11026517      2.00000000    1.88351492E+0000    2.87246232E-0030     15.53000000
  0.23560606     -1.08444407      2.00000000    2.08047235E+0000    3.17283307E-0030     15.55000000
  0.23590909     -1.14936303      2.00000000    1.86472490E+0000    2.84380651E-0030     15.57000000
  0.23621212     -1.15570322      2.00000000    1.91269778E+0000    2.91696776E-0030     15.59000000
  0.23651515     -1.16784643      2.00000000    1.93586437E+0000    2.95229806E-0030     15.61000000
  0.23681818     -1.22105627      2.00000000    1.78253008E+0000    2.71845496E-0030     15.63000000
  0.23712121     -1.19933701      2.00000000    1.95041892E+0000    2.97449454E-0030     15.65000000
  0.23742424     -1.22012927      2.00000000    1.93511787E+0000    2.95115961E-0030     15.67000000
  0.23772727     -1.27116605      2.00000000    1.79078077E+0000    2.73103772E-0030     15.69000000
  0.23803030     -1.24686354      2.00000000    1.97113656E+0000    3.00609006E-0030     15.71000000
  0.23833333     -1.27535206      2.00000000    1.92132117E+0000    2.93011889E-0030     15.73000000
  0.23863636     -1.30023750      2.00000000    1.88836658E+0000    2.87986136E-0030     15.75000000
  0.23893939     -1.32782103      2.00000000    1.84448258E+0000    2.81293588E-0030     15.77000000
  0.23924242     -1.33863390      2.00000000    1.87255018E+0000    2.85574050E-0030     15.79000000
  0.23954545     -1.35727602      2.00000000    1.86708087E+0000    2.84739950E-0030     15.81000000
  0.23984848     -1.37675437      2.00000000    1.85804638E+0000    2.83362141E-0030     15.83000000
  0.24015152     -1.45513946      2.00000000    1.61451932E+0000    2.46222946E-0030     15.85000000
  0.24045455     -1.40985947      2.00000000    1.86506949E+0000    2.84433203E-0030     15.87000000
  0.24075758     -1.40558071      2.00000000    1.96040388E+0000    2.98972215E-0030     15.89000000
  0.24106061     -1.45993834      2.00000000    1.80036144E+0000    2.74564874E-0030     15.91000000
  0.24136364     -1.44414410      2.00000000    1.94323678E+0000    2.96354138E-0030     15.93000000
  0.24166667     -1.48818157      2.00000000    1.82751112E+0000    2.78705348E-0030     15.95000000
  0.24196970     -1.53336728      2.00000000    1.71413927E+0000    2.61415527E-0030     15.97000000
  0.24227273     -1.52394619      2.00000000    1.82321955E+0000    2.78050861E-0030     15.99000000
  0.24257576     -1.57323878      2.00000000    1.69401855E+0000    2.58347008E-0030     16.01000000
  0.24287879     -1.61484031      2.00000000    1.60209554E+0000    2.44328251E-0030     16.03000000
  0.24318182     -1.58810605      2.00000000    1.77334996E+0000    2.70445478E-0030     16.05000000
  0.24348485     -1.59683590      2.00000000    1.80899087E+0000    2.75880909E-0030     16.07000000
  0.24378788     -1.59904605      2.00000000    1.87325978E+0000    2.85682267E-0030     16.09000000
  0.24409091     -1.56292253      2.00000000    2.11881632E+0000    3.23130969E-0030     16.11000000
  0.24439394     -1.66341539      2.00000000    1.74973476E+0000    2.66844033E-0030     16.13000000
  0.24469697     -1.73596609      2.00000000    1.54096687E+0000    2.35005798E-0030     16.15000000
  0.24500000     -1.67911450      2.00000000    1.82817041E+0000    2.78805894E-0030     16.17000000
  0.24530303     -1.72104040      2.00000000    1.72767702E+0000    2.63480107E-0030     16.19000000
  0.24560606     -1.78409212      2.00000000    1.55518696E+0000    2.37174439E-0030     16.21000000
  0.24590909     -1.79788045      2.00000000    1.56807224E+0000    2.39139513E-0030     16.23000000
  0.24621212     -1.79788045      2.00000000    1.63206648E+0000    2.48898982E-0030     16.25000000
  0.24651515     -1.72694927      2.00000000    2.00004975E+0000    3.05018424E-0030     16.27000000
  0.24681818     -1.78071240      2.00000000    1.83928678E+0000    2.80501201E-0030     16.29000000
  0.24712121     -1.88270193      2.00000000    1.51367171E+0000    2.30843138E-0030     16.31000000
  0.24742424     -1.89130213      2.00000000    1.54455465E+0000    2.35552954E-0030     16.33000000
  0.24772727     -1.95178287      2.00000000    1.39860256E+0000    2.13294469E-0030     16.35000000
  0.24803030     -1.90903088      2.00000000    1.60626830E+0000    2.44964620E-0030     16.37000000
  0.24833333     -1.93226071      2.00000000    1.58474735E+0000    2.41682558E-0030     16.39000000
  0.24863636     -1.98281711      2.00000000    1.46816685E+0000    2.23903401E-0030     16.41000000
  0.24893939     -2.02797927      2.00000000    1.37716202E+0000    2.10024670E-0030     16.43000000
  0.24924242     -1.97748826      2.00000000    1.61008136E+0000    2.45546131E-0030     16.45000000
  0.24954545     -2.11315087      2.00000000    1.22618781E+0000    1.87000286E-0030     16.47000000
  0.24984848     -1.97222401      2.00000000    1.76545086E+0000    2.69240822E-0030     16.49000000
  0.25015152     -2.00481138      2.00000000    1.70466890E+0000    2.59971245E-0030     16.51000000
  0.25045455     -2.08512212      2.00000000    1.47469117E+0000    2.24898394E-0030     16.53000000
  0.25075758     -2.17529877      2.00000000    1.24708544E+0000    1.90187288E-0030     16.55000000
  0.25106061     -2.10597226      2.00000000    1.52263040E+0000    2.32209386E-0030     16.57000000
  0.25136364     -2.17529877      2.00000000    1.35095153E+0000    2.06027429E-0030     16.59000000
  0.25166667     -2.16702625      2.00000000    1.43312498E+0000    2.18559325E-0030     16.61000000
  0.25196970     -2.19233212      2.00000000    1.40718104E+0000    2.14602733E-0030     16.63000000
  0.25227273     -2.12045010      2.00000000    1.72823891E+0000    2.63565798E-0030     16.65000000
  0.25257576     -2.21006087      2.00000000    1.46340583E+0000    2.23177319E-0030     16.67000000
  0.25287879     -2.34723409      2.00000000    1.11061452E+0000    1.69374732E-0030     16.69000000
  0.25318182     -2.34723409      2.00000000    1.15593956E+0000    1.76287046E-0030     16.71000000
  0.25348485     -2.28924211      2.00000000    1.37498791E+0000    2.09693107E-0030     16.73000000
  0.25378788     -2.27851826      2.00000000    1.46687975E+0000    2.23707111E-0030     16.75000000
  0.25409091     -2.37278817      2.00000000    1.22884296E+0000    1.87405209E-0030     16.77000000
  0.25439394     -2.45993836      2.00000000    1.04644876E+0000    1.59589106E-0030     16.79000000
  0.25469697     -2.32310039      2.00000000    1.49254599E+0000    2.27621352E-0030     16.81000000
  0.25500000     -2.34723409      2.00000000    1.46948718E+0000    2.24104758E-0030     16.83000000
  0.25530303     -2.38615212      2.00000000    1.39836180E+0000    2.13257752E-0030     16.85000000
  0.25560606     -2.45993836      2.00000000    1.22801899E+0000    1.87279551E-0030     16.87000000
  0.25590909     -2.54887943      2.00000000    1.04144371E+0000    1.58825809E-0030     16.89000000
  0.25621212     -2.38615212      2.00000000    1.57664853E+0000    2.40447444E-0030     16.91000000
  0.25651515     -2.63602959      2.00000000    9.23058427E-0001    1.40771412E-0030     16.93000000
  0.25681818     -2.77735876      2.00000000    6.93859924E-0001    1.05817398E-0030     16.95000000
  0.25712121     -2.61254852      2.00000000    1.05548927E+0000    1.60967833E-0030     16.97000000
  0.25742424     -2.51109087      2.00000000    1.38766059E+0000    2.11625760E-0030     16.99000000
  0.25772727     -2.66085320      2.00000000    1.02304021E+0000    1.56019176E-0030     17.01000000
  0.25803030     -2.81212086      2.00000000    7.51617387E-0001    1.14625724E-0030     17.03000000
  0.25833333     -2.84990942      2.00000000    7.17100523E-0001    1.09361715E-0030     17.05000000
  0.25863636     -2.68718211      2.00000000    1.08562323E+0000    1.65563426E-0030     17.07000000
  0.25893939     -2.71521086      2.00000000    1.05930778E+0000    1.61550177E-0030     17.09000000
  0.25924242     -2.59027211      2.00000000    1.47005198E+0000    2.24190893E-0030     17.11000000
  0.25954545     -3.28924210      2.00000000    3.06009195E-0001    4.66680603E-0031     17.13000000
  0.25984848     -3.04620408      2.00000000    5.57370890E-0001    8.50020809E-0031     17.15000000
  0.26015152     -2.81212086      2.00000000    9.94487372E-0001    1.51664713E-0030     17.17000000
  0.26045455     -2.81212086      2.00000000    1.03507317E+0000    1.57854267E-0030     17.19000000
  0.26075758     -3.04620408      2.00000000    6.28433923E-0001    9.58395786E-0031     17.21000000
  0.26106061     -2.89130210      2.00000000    9.34401165E-0001    1.42501241E-0030     17.23000000
  0.26136364     -2.98821211      2.00000000    7.78027857E-0001    1.18653464E-0030     17.25000000
  0.26166667     -2.71521086      2.00000000    1.51833700E+0000    2.31554620E-0030     17.27000000
  0.26196970     -3.19233210      2.00000000    5.26767186E-0001    8.03348502E-0031     17.29000000
  0.26227273     -2.89130210      2.00000000    1.09652992E+0000    1.67226755E-0030     17.31000000
  0.26257576     -2.89130210      2.00000000    1.14128016E+0000    1.74051409E-0030     17.33000000
  0.26287879     -3.41418086      2.00000000    3.56357001E-0001    5.43463736E-0031     17.35000000
  0.26318182     -3.59027210      2.00000000    2.47266813E-0001    3.77095289E-0031     17.37000000
  0.26348485     -3.59027210      2.00000000    2.57357963E-0001    3.92484839E-0031     17.39000000
  0.26378788     -3.11315086      2.00000000    8.03582792E-0001    1.22550730E-0030     17.41000000
  0.26409091     -2.98821211      2.00000000    1.11517021E+0000    1.70069500E-0030     17.43000000
  0.26439394     -3.41418086      2.00000000    4.35255423E-0001    6.63788106E-0031     17.45000000
  0.26469697     -3.28924210      2.00000000    6.04024735E-0001    9.21170451E-0031     17.47000000
  0.26500000     -3.41418086      2.00000000    4.71506571E-0001    7.19073071E-0031     17.49000000
  0.26530303     -3.41418086      2.00000000    4.90749120E-0001    7.48418999E-0031     17.51000000
  0.26560606     -3.11315086      2.00000000    1.02155394E+0000    1.55792512E-0030     17.53000000
  0.26590909     -3.28924210      2.00000000    7.08829593E-0001    1.08100354E-0030     17.55000000
  0.26621212     -3.19233210      2.00000000    9.22196826E-0001    1.40640013E-0030     17.57000000
  0.26651515     -3.28924210      2.00000000    7.67865931E-0001    1.17103715E-0030     17.59000000
  0.26681818     -3.59027210      2.00000000    3.99601567E-0001    6.09414043E-0031     17.61000000
  0.26712121     -3.59027210      2.00000000    4.15909617E-0001    6.34284702E-0031     17.63000000
  0.26742424     -3.59027210      2.00000000    4.32883210E-0001    6.60170352E-0031     17.65000000
  0.26772727     -3.59027210      2.00000000    4.50549509E-0001    6.87112415E-0031     17.67000000
  0.26803030     -3.41418086      2.00000000    7.03405148E-0001    1.07273097E-0030     17.69000000
  0.26833333     -3.89130209      2.00000000    2.44037228E-0001    3.72169997E-0031     17.71000000
  0.26863636     -3.41418086      2.00000000    7.61989700E-0001    1.16207558E-0030     17.73000000
  0.26893939     -3.89130209      2.00000000    2.64362373E-0001    4.03166944E-0031     17.75000000
  0.26924242     -3.59027210      2.00000000    5.50302413E-0001    8.39240999E-0031     17.77000000
  0.26954545     -3.59027210      2.00000000    5.72760680E-0001    8.73491074E-0031     17.79000000
  0.27015152     -3.59027210      2.00000000    6.20464238E-0001    9.46241584E-0031     17.83000000
  0.27045455     -3.89130209      2.00000000    3.22892932E-0001    4.92429218E-0031     17.85000000
  0.27075758     -3.41418086      2.00000000    1.00821129E+0000    1.53757685E-0030     17.87000000
  0.27318182     -3.89130209      2.00000000    4.62811937E-0001    7.05813282E-0031     18.03000000
  0.27378788     -3.89130209      2.00000000    5.01358186E-0001    7.64598401E-0031     18.07000000
  0.27500000     -3.59027210      2.00000000    1.17669856E+0000    1.79452907E-0030     18.15000000
  0.27530303     -3.59027210      2.00000000    1.22472054E+0000    1.86776519E-0030     18.17000000
  0.27712121     -3.89130209      2.00000000    7.78462475E-0001    1.18719746E-0030     18.29000000
  0.27924242     -3.89130209      2.00000000    1.03000691E+0000    1.57081635E-0030     18.43000000
