  0.12257576     -3.90308997     11.49425287    1.23413558E-0014    1.88212363E-0044      8.09000000
  0.12409091     -3.90308997     11.49425287    3.89539885E-0014    5.94069432E-0044      8.19000000
  0.12439394     -3.90308997     11.49425287    4.90218553E-0014    7.47609856E-0044      8.21000000
  0.12530303     -3.90308997     11.49425287    9.77019382E-0014    1.49000750E-0043      8.27000000
  0.12560606     -3.90308997     11.49425287    1.22953527E-0013    1.87510791E-0043      8.29000000
  0.12621212     -3.12493873     11.49425287    1.16833624E-0012    1.78177608E-0042      8.33000000
  0.12651515     -3.90308997     11.49425287    2.45049842E-0013    3.73714288E-0043      8.35000000
  0.12681818     -3.90308997     11.49425287    3.08384285E-0013    4.70302745E-0043      8.37000000
  0.12712121     -3.30102998     11.49425287    1.55235142E-0012    2.36742003E-0042      8.39000000
  0.12742424     -3.05799193     11.49425287    3.41873860E-0012    5.21376162E-0042      8.41000000
  0.12772727     -3.42596873     11.49425287    1.84385563E-0012    2.81197974E-0042      8.43000000
  0.12803030     -2.94884750     11.49425287    6.96122958E-0012    1.06162523E-0041      8.45000000
  0.12833333     -2.94884750     11.49425287    8.76039662E-0012    1.33600795E-0041      8.47000000
  0.12863636     -3.12493873     11.49425287    7.34971238E-0012    1.12087096E-0041      8.49000000
  0.12893939     -2.94884750     11.49425287    1.38739266E-0011    2.11584899E-0041      8.51000000
  0.12924242     -2.58087070     11.49425287    4.07393413E-0011    6.21297030E-0041      8.53000000
  0.12954545     -2.72699874     11.49425287    3.66204583E-0011    5.58481833E-0041      8.55000000
  0.12984848     -2.94884750     11.49425287    2.76511265E-0011    4.21694662E-0041      8.57000000
  0.13015152     -2.54136215     11.49425287    8.89274802E-0011    1.35619226E-0040      8.59000000
  0.13045455     -2.39793999     11.49425287    1.55702634E-0010    2.37454954E-0040      8.61000000
  0.13075758     -2.42596874     11.49425287    1.83698250E-0010    2.80149785E-0040      8.63000000
  0.13106061     -2.30103001     11.49425287    3.08234727E-0010    4.70074661E-0040      8.65000000
  0.13136364     -2.27984070     11.49425287    4.07294628E-0010    6.21146378E-0040      8.67000000
  0.13166667     -2.24987746     11.49425287    5.49173712E-0010    8.37519669E-0040      8.69000000
  0.13196970     -2.00546288     11.49425287    1.21328306E-0009    1.85032240E-0039      8.71000000
  0.13227273     -2.04575751     11.49425287    1.39157081E-0009    2.12222089E-0039      8.73000000
  0.13257576     -1.89876860     11.49425287    2.45658635E-0009    3.74642730E-0039      8.75000000
  0.13287879     -1.88605664     11.49425287    3.18333105E-0009    4.85475235E-0039      8.77000000
  0.13318182     -1.78251606     11.49425287    5.08463986E-0009    7.75435131E-0039      8.79000000
  0.13348485     -1.68824613     11.49425287    7.95001487E-0009    1.21242035E-0038      8.81000000
  0.13378788     -1.68037353     11.49425287    1.01877517E-0008    1.55368734E-0038      8.83000000
  0.13409091     -1.64063890     11.49425287    1.40491740E-0008    2.14257516E-0038      8.85000000
  0.13439394     -1.55673701     11.49425287    2.14481825E-0008    3.27096406E-0038      8.87000000
  0.13469697     -1.54325450     11.49425287    2.78426658E-0008    4.24615741E-0038      8.89000000
  0.13500000     -1.44824513     11.49425287    4.36071793E-0008    6.65033113E-0038      8.91000000
  0.13530303     -1.40066288     11.49425287    6.12319453E-0008    9.33820346E-0038      8.93000000
  0.13560606     -1.32674863     11.49425287    9.13545367E-0008    1.39320619E-0037      8.95000000
  0.13590909     -1.27164621     11.49425287    1.30517981E-0007    1.99046994E-0037      8.97000000
  0.13621212     -1.24603414     11.49425287    1.74228917E-0007    2.65708540E-0037      8.99000000
  0.13651515     -1.18876022     11.49425287    2.50168120E-0007    3.81519939E-0037      9.01000000
  0.13681818     -1.14569394     11.49425287    3.47645059E-0007    5.30177553E-0037      9.03000000
  0.13712121     -1.11210153     11.49425287    4.72678968E-0007    7.20861039E-0037      9.05000000
  0.13742424     -1.05367056     11.49425287    6.80510860E-0007    1.03781594E-0036      9.07000000
  0.13772727     -1.04878396     11.49425287    8.66082920E-0007    1.32082338E-0036      9.09000000
  0.13803030     -0.95565628     11.49425287    1.35059448E-0006    2.05972977E-0036      9.11000000
  0.13833333     -0.92903910     11.49425287    1.80709074E-0006    2.75591131E-0036      9.13000000
  0.13863636     -0.90265589     11.49425287    2.41657891E-0006    3.68541379E-0036      9.15000000
  0.13893939     -0.85698520     11.49425287    3.37838763E-0006    5.15222420E-0036      9.17000000
  0.13924242     -0.79520198     11.49425287    4.90151701E-0006    7.47507904E-0036      9.19000000
  0.13954545     -0.76415605     11.49425287    6.62543277E-0006    1.01041440E-0035      9.21000000
  0.13984848     -0.74472748     11.49425287    8.71928033E-0006    1.32973750E-0035      9.23000000
  0.14015152     -0.70663744     11.49425287    1.19786670E-0005    1.82681163E-0035      9.25000000
  0.14045455     -0.67136559     11.49425287    1.63500148E-0005    2.49346585E-0035      9.27000000
  0.14075758     -0.64805882     11.49425287    2.17101456E-0005    3.31091485E-0035      9.29000000
  0.14106061     -0.61888491     11.49425287    2.92196125E-0005    4.45614924E-0035      9.31000000
  0.14136364     -0.59816885     11.49425287    3.85681075E-0005    5.88184538E-0035      9.33000000
  0.14166667     -0.54802176     11.49425287    5.44770058E-0005    8.30803858E-0035      9.35000000
  0.14196970     -0.54420377     11.49425287    6.91622376E-0005    1.05476160E-0034      9.37000000
  0.14227273     -0.50514998     11.49425287    9.52271169E-0005    1.45226513E-0034      9.39000000
  0.14257576     -0.48678239     11.49425287    1.25016125E-0004    1.90656364E-0034      9.41000000
  0.14287879     -0.45268689     11.49425287    1.70176408E-0004    2.59528243E-0034      9.43000000
  0.14318182     -0.41496250     11.49425287    2.33593926E-0004    3.56243394E-0034      9.45000000
  0.14348485     -0.38827668     11.49425287    3.12597269E-0004    4.76727774E-0034      9.47000000
  0.14378788     -0.38589409     11.49425287    3.95553817E-0004    6.03241004E-0034      9.49000000
  0.14409091     -0.35728824     11.49425287    5.31678683E-0004    8.10838801E-0034      9.51000000
  0.14439394     -0.34198859     11.49425287    6.93085330E-0004    1.05699268E-0033      9.53000000
  0.14469697     -0.31639018     11.49425287    9.25172959E-0004    1.41093890E-0033      9.55000000
  0.14500000     -0.30550447     11.49425287    1.19384089E-0003    1.82067204E-0033      9.57000000
  0.14530303     -0.28191372     11.49425287    1.58626233E-0003    2.41913600E-0033      9.59000000
  0.14560606     -0.27184922     11.49425287    2.04304215E-0003    3.11574998E-0033      9.61000000
  0.14590909     -0.24326885     11.49425287    2.74596822E-0003    4.18775032E-0033      9.63000000
  0.14621212     -0.23312261     11.49425287    3.53736241E-0003    5.39466935E-0033      9.65000000
  0.14651515     -0.22740329     11.49425287    4.51062464E-0003    6.87894700E-0033      9.67000000
  0.14681818     -0.21440327     11.49425287    5.84890438E-0003    8.91989610E-0033      9.69000000
  0.14712121     -0.19136708     11.49425287    7.76155115E-0003    1.18367861E-0032      9.71000000
  0.14742424     -0.18103224     11.49425287    1.00027907E-0002    1.52547978E-0032      9.73000000
  0.14772727     -0.17865026     11.49425287    1.26572969E-0002    1.93030637E-0032      9.75000000
  0.14803030     -0.16312230     11.49425287    1.65084668E-0002    2.51763065E-0032      9.77000000
  0.14833333     -0.14935377     11.49425287    2.14443597E-0002    3.27038105E-0032      9.79000000
  0.14863636     -0.14592179     11.49425287    2.72008747E-0002    4.14828079E-0032      9.81000000
  0.14893939     -0.13091501     11.49425287    3.54345944E-0002    5.40396766E-0032      9.83000000
  0.14924242     -0.13238524     11.49425287    4.44421491E-0002    6.77766856E-0032      9.85000000
  0.14954545     -0.12901120     11.49425287    5.63646607E-0002    8.59591618E-0032      9.87000000
  0.14984848     -0.11259372     11.49425287    7.36651695E-0002    1.12343375E-0031      9.89000000
  0.15015152     -0.11804501     11.49425287    9.15479680E-0002    1.39615612E-0031      9.91000000
  0.15045455     -0.10936944     11.49425287    1.17533616E-0001    1.79245133E-0031      9.93000000
  0.15075758     -0.10058991     11.49425287    1.50931345E-0001    2.30178480E-0031      9.95000000
  0.15106061     -0.09292470     11.49425287    1.93322528E-0001    2.94827330E-0031      9.97000000
  0.15136364     -0.10347379     11.49425287    2.37449458E-0001    3.62123290E-0031      9.99000000
  0.15166667     -0.09238713     11.49425287    3.06546003E-0001    4.67499266E-0031     10.01000000
  0.15196970     -0.10134337     11.49425287    3.77900295E-0001    5.76318427E-0031     10.03000000
  0.15227273     -0.09245428     11.49425287    4.85404867E-0001    7.40268724E-0031     10.05000000
  0.15257576     -0.10292301     11.49425287    5.96311533E-0001    9.09407400E-0031     10.07000000
  0.15287879     -0.10957898     11.49425287    7.39018067E-0001    1.12704260E-0030     10.09000000
  0.15318182     -0.10257912     11.49425287    9.45132565E-0001    1.44137838E-0030     10.11000000
  0.15348485     -0.10811424     11.49425287    1.17434421E+0000    1.79093856E-0030     10.13000000
  0.15378788     -0.09888239     11.49425287    1.50961107E+0000    2.30223869E-0030     10.15000000
  0.15409091     -0.12104758     11.49425287    1.80525145E+0000    2.75310628E-0030     10.17000000
  0.15439394     -0.11954372     11.49425287    2.27970879E+0000    3.47667943E-0030     10.19000000
  0.15469697     -0.13010854     11.49425287    2.79996343E+0000    4.27009595E-0030     10.21000000
  0.15500000     -0.13142904     11.49425287    3.51293142E+0000    5.35741076E-0030     10.23000000
  0.15530303     -0.14805404     11.49425287    4.25483265E+0000    6.48885035E-0030     10.25000000
  0.15560606     -0.14851232     11.49425287    5.34886965E+0000    8.15731606E-0030     10.27000000
  0.15590909     -0.14996674     11.49425287    6.70880875E+0000    1.02312969E-0029     10.29000000
  0.15621212     -0.15443690     11.49425287    8.35628156E+0000    1.27437822E-0029     10.31000000
  0.15651515     -0.16637485     11.49425287    1.02308784E+0001    1.56026439E-0029     10.33000000
  0.15681818     -0.19170461     11.49425287    1.21456560E+0001    1.85227836E-0029     10.35000000
  0.15712121     -0.20083181     11.49425287    1.49668906E+0001    2.28253192E-0029     10.37000000
  0.15742424     -0.19773953     11.49425287    1.89697530E+0001    2.89299012E-0029     10.39000000
  0.15772727     -0.20472842     11.49425287    2.34914922E+0001    3.58257985E-0029     10.41000000
  0.15803030     -0.23395912     11.49425287    2.76387066E+0001    4.21505252E-0029     10.43000000
  0.15833333     -0.24194011     11.49425287    3.41487282E+0001    5.20786609E-0029     10.45000000
  0.15863636     -0.24987747     11.49425287    4.21963596E+0001    6.43517349E-0029     10.47000000
  0.15893939     -0.26570031     11.49425287    5.12023573E+0001    7.80863694E-0029     10.49000000
  0.15924242     -0.27174772     11.49425287    6.35448504E+0001    9.69093402E-0029     10.51000000
  0.15954545     -0.29221701     11.49425287    7.62867097E+0001    1.16341366E-0028     10.53000000
  0.15984848     -0.31325205     11.49425287    9.14643085E+0001    1.39488027E-0028     10.55000000
  0.16015152     -0.33371607     11.49425287    1.09805842E+0002    1.67459858E-0028     10.57000000
  0.16045455     -0.35556140     11.49425287    1.31406828E+0002    2.00402534E-0028     10.59000000
  0.16075758     -0.34932829     11.49425287    1.67760168E+0002    2.55843347E-0028     10.61000000
  0.16106061     -0.38378714     11.49425287    1.95014909E+0002    2.97408304E-0028     10.63000000
  0.16136364     -0.38708377     11.49425287    2.43561699E+0002    3.71444789E-0028     10.65000000
  0.16166667     -0.41651784     11.49425287    2.86426198E+0002    4.36815473E-0028     10.67000000
  0.16196970     -0.42654817     11.49425287    3.52225033E+0002    5.37162262E-0028     10.69000000
  0.16227273     -0.45500232     11.49425287    4.15148889E+0002    6.33124552E-0028     10.71000000
  0.16257576     -0.46391524     11.49425287    5.11833583E+0002    7.80573948E-0028     10.73000000
  0.16287879     -0.50134489     11.49425287    5.90931218E+0002    9.01202127E-0028     10.75000000
  0.16318182     -0.52035272     11.49425287    7.11814650E+0002    1.08555591E-0027     10.77000000
  0.16348485     -0.51766249     11.49425287    9.01353105E+0002    1.37461233E-0027     10.79000000
  0.16378788     -0.54649055     11.49425287    1.06146263E+0003    1.61878803E-0027     10.81000000
  0.16409091     -0.58964460     11.49425287    1.20945155E+0003    1.84447915E-0027     10.83000000
  0.16439394     -0.60032630     11.49425287    1.48506200E+0003    2.26480001E-0027     10.85000000
  0.16469697     -0.64349612     11.49425287    1.69204761E+0003    2.58046429E-0027     10.87000000
  0.16500000     -0.65145177     11.49425287    2.09071451E+0003    3.18845292E-0027     10.89000000
  0.16530303     -0.68167576     11.49425287    2.45419214E+0003    3.74277600E-0027     10.91000000
  0.16560606     -0.70553378     11.49425287    2.92340074E+0003    4.45834453E-0027     10.93000000
  0.16590909     -0.73077902     11.49425287    3.47121028E+0003    5.29378376E-0027     10.95000000
  0.16621212     -0.74866600     11.49425287    4.19210118E+0003    6.39318146E-0027     10.97000000
  0.16651515     -0.80168663     11.49425287    4.66926944E+0003    7.12088891E-0027     10.99000000
  0.16681818     -0.81815643     11.49425287    5.65740089E+0003    8.62784291E-0027     11.01000000
  0.16712121     -0.83713699     11.49425287    6.81513085E+0003    1.03934438E-0026     11.03000000
  0.16742424     -0.87819402     11.49425287    7.80288100E+0003    1.18998163E-0026     11.05000000
  0.16772727     -0.89194262     11.49425287    9.51358493E+0003    1.45087325E-0026     11.07000000
  0.16803030     -0.91453104     11.49425287    1.13656319E+0004    1.73332046E-0026     11.09000000
  0.16833333     -0.94788344     11.49425287    1.32458245E+0004    2.02006001E-0026     11.11000000
  0.16863636     -1.02860816     11.49425287    1.38417847E+0004    2.11094717E-0026     11.13000000
  0.16893939     -1.00766743     11.49425287    1.82797659E+0004    2.78776336E-0026     11.15000000
  0.16924242     -1.05799195     11.49425287    2.04872620E+0004    3.12441847E-0026     11.17000000
  0.16954545     -1.09691002     11.49425287    2.35723926E+0004    3.59491760E-0026     11.19000000
  0.16984848     -1.11990130     11.49425287    2.81352125E+0004    4.29077236E-0026     11.21000000
  0.17015152     -1.12421551     11.49425287    3.50569238E+0004    5.34637084E-0026     11.23000000
  0.17045455     -1.21289390     11.49425287    3.59694026E+0004    5.48552881E-0026     11.25000000
  0.17075758     -1.20238629     11.49425287    4.63744363E+0004    7.07235282E-0026     11.27000000
  0.17106061     -1.23657202     11.49425287    5.39424576E+0004    8.22651707E-0026     11.29000000
  0.17136364     -1.26062546     11.49425287    6.42266253E+0004    9.79490838E-0026     11.31000000
  0.17166667     -1.35286165     11.49425287    6.53607044E+0004    9.96786160E-0026     11.33000000
  0.17196970     -1.33488826     11.49425287    8.57290332E+0004    1.30741421E-0025     11.35000000
  0.17227273     -1.40066288     11.49425287    9.27237768E+0004    1.41408784E-0025     11.37000000
  0.17257576     -1.42741881     11.49425287    1.09716767E+0005    1.67324015E-0025     11.39000000
  0.17287879     -1.44219214     11.49425287    1.33455809E+0005    2.03527340E-0025     11.41000000
  0.17318182     -1.50689064     11.49425287    1.44702751E+0005    2.20679536E-0025     11.43000000
  0.17348485     -1.54515514     11.49425287    1.66743957E+0005    2.54293570E-0025     11.45000000
  0.17378788     -1.58294369     11.49425287    1.92353178E+0005    2.93349020E-0025     11.47000000
  0.17409091     -1.60642480     11.49425287    2.29327464E+0005    3.49736808E-0025     11.49000000
  0.17439394     -1.66756153     11.49425287    2.50701628E+0005    3.82333567E-0025     11.51000000
  0.17469697     -1.70443288     11.49425287    2.89816836E+0005    4.41986379E-0025     11.53000000
  0.17500000     -1.75080163     11.49425287    3.27787716E+0005    4.99894029E-0025     11.55000000
  0.17530303     -1.73577265     11.49425287    4.27031057E+0005    6.51245502E-0025     11.57000000
  0.17560606     -1.86566350     11.49425287    3.98479907E+0005    6.07703450E-0025     11.59000000
  0.17590909     -1.85001155     11.49425287    5.19871713E+0005    7.92832532E-0025     11.61000000
  0.17621212     -1.92081875     11.49425287    5.55810568E+0005    8.47641234E-0025     11.63000000
  0.17651515     -1.97367106     11.49425287    6.19316008E+0005    9.44490470E-0025     11.65000000
  0.17681818     -2.02227641     11.49425287    6.96858763E+0005    1.06274737E-0024     11.67000000
  0.17712121     -1.95860732     11.49425287    1.01543393E+0006    1.54859176E-0024     11.69000000
  0.17742424     -2.11069830     11.49425287    9.00323308E+0005    1.37304183E-0024     11.71000000
  0.17772727     -2.20411998     11.49425287    9.13723162E+0005    1.39347733E-0024     11.73000000
  0.17803030     -2.07701517     11.49425287    1.54083895E+0006    2.34986289E-0024     11.75000000
  0.17833333     -2.21289392     11.49425287    1.41813089E+0006    2.16272644E-0024     11.77000000
  0.17863636     -2.30103001     11.49425287    1.45686074E+0006    2.22179157E-0024     11.79000000
  0.17893939     -2.29030612     11.49425287    1.87922915E+0006    2.86592628E-0024     11.81000000
  0.17924242     -2.27984070     11.49425287    2.42260700E+0006    3.69460694E-0024     11.83000000
  0.17954545     -2.37161105     11.49425287    2.46803000E+0006    3.76387949E-0024     11.85000000
  0.17984848     -2.34678750     11.49425287    3.28860557E+0006    5.01530170E-0024     11.87000000
  0.18015152     -2.30103001     11.49425287    4.59840374E+0006    7.01281488E-0024     11.89000000
  0.18045455     -2.54136215     11.49425287    3.32745942E+0006    5.07455591E-0024     11.91000000
  0.18075758     -2.64781750     11.49425287    3.27714176E+0006    4.99781877E-0024     11.93000000
  0.18106061     -2.72699874     11.49425287    3.43678056E+0006    5.24127659E-0024     11.95000000
  0.18136364     -2.56066731     11.49425287    6.34338462E+0006    9.67400527E-0024     11.97000000
  0.18166667     -2.75696194     11.49425287    5.08000602E+0006    7.74728445E-0024     11.99000000
  0.18196970     -2.72699874     11.49425287    6.84960046E+0006    1.04460119E-0023     12.01000000
  0.18227273     -2.86169730     11.49425287    6.32127210E+0006    9.64028248E-0024     12.03000000
  0.18257576     -3.12493873     11.49425287    4.33911208E+0006    6.61738104E-0024     12.05000000
  0.18287879     -2.78914663     11.49425287    1.18312542E+0007    1.80433038E-0023     12.07000000
  0.18318182     -3.05799193     11.49425287    8.01721058E+0006    1.22266806E-0023     12.09000000
  0.18348485     -3.05799193     11.49425287    1.00893016E+0007    1.53867316E-0023     12.11000000
  0.18378788     -3.12493873     11.49425287    1.08830874E+0007    1.65972980E-0023     12.13000000
  0.18409091     -3.20411999     11.49425287    1.14132326E+0007    1.74057982E-0023     12.15000000
  0.18439394     -3.60205997     11.49425287    5.74521786E+0006    8.76176855E-0024     12.17000000
  0.18469697     -3.42596873     11.49425287    1.08451498E+0007    1.65394411E-0023     12.19000000
  0.18500000     -3.90308997     11.49425287    4.54937912E+0006    6.93804967E-0024     12.21000000
  0.18530303     -3.90308997     11.49425287    5.72519050E+0006    8.73122574E-0024     12.23000000
  0.18560606     -3.60205997     11.49425287    1.44097932E+0007    2.19757155E-0023     12.25000000
  0.18590909     -3.60205997     11.49425287    1.81340814E+0007    2.76554568E-0023     12.27000000
  0.18621212     -3.30102998     11.49425287    4.56418636E+0007    6.96063152E-0023     12.29000000
  0.18651515     -3.90308997     11.49425287    1.43595619E+0007    2.18991100E-0023     12.31000000
  0.18681818     -3.42596873     11.49425287    5.42126004E+0007    8.26771532E-0023     12.33000000
  0.18712121     -3.42596873     11.49425287    6.82241371E+0007    1.04045506E-0022     12.35000000
  0.18742424     -3.90308997     11.49425287    2.86190113E+0007    4.36455429E-0023     12.37000000
  0.18772727     -3.90308997     11.49425287    3.60157479E+0007    5.49259671E-0023     12.39000000
  0.18803030     -3.60205997     11.49425287    9.06484213E+0007    1.38243754E-0022     12.41000000
  0.18924242     -3.90308997     11.49425287    1.13679328E+0008    1.73367135E-0022     12.49000000
  0.18954545     -3.90308997     11.49425287    1.43060358E+0008    2.18174799E-0022     12.51000000
  0.19015152     -3.60205997     11.49425287    4.53132204E+0008    6.91051165E-0022     12.55000000
  0.19045455     -3.90308997     11.49425287    2.85123324E+0008    4.34828518E-0022     12.57000000
  0.19469697     -3.90308997     11.49425287    7.12462666E+0009    1.08654417E-0020     12.85000000
