  0.15893939     -3.90308997      3.00030003    1.60646970E-0008    2.44995334E-0038     10.49000000
  0.15954545     -3.90308997      3.00030003    1.81131127E-0008    2.76234783E-0038     10.53000000
  0.16287879     -3.90308997      3.00030003    3.50474248E-0008    5.34492220E-0038     10.75000000
  0.16318182     -3.60205997      3.00030003    7.44297197E-0008    1.13509356E-0037     10.77000000
  0.16348485     -3.30102998      3.00030003    1.58065342E-0007    2.41058211E-0037     10.79000000
  0.16378788     -3.90308997      3.00030003    4.19601409E-0008    6.39914885E-0038     10.81000000
  0.16409091     -3.42596873      3.00030003    1.33665230E-0007    2.03846719E-0037     10.83000000
  0.16439394     -3.60205997      3.00030003    9.46209891E-0008    1.44302136E-0037     10.85000000
  0.16469697     -3.60205997      3.00030003    1.00472627E-0007    1.53226201E-0037     10.87000000
  0.16500000     -3.90308997      3.00030003    5.33430738E-0008    8.13510780E-0038     10.89000000
  0.16530303     -3.20411999      3.00030003    2.83209806E-0007    4.31910300E-0037     10.91000000
  0.16560606     -2.99999998      3.00030003    4.81158957E-0007    7.33793481E-0037     10.93000000
  0.16590909     -3.20411999      3.00030003    3.19321997E-0007    4.86983348E-0037     10.95000000
  0.16621212     -3.05799193      3.00030003    4.74697747E-0007    7.23939786E-0037     10.97000000
  0.16651515     -3.12493873      3.00030003    4.32046654E-0007    6.58894558E-0037     10.99000000
  0.16681818     -3.60205997      3.00030003    1.52921899E-0007    2.33214182E-0037     11.01000000
  0.16712121     -2.99999998      3.00030003    6.49516142E-0007    9.90547312E-0037     11.03000000
  0.16742424     -2.94884750      3.00030003    7.75894560E-0007    1.18328125E-0036     11.05000000
  0.16772727     -2.94884750      3.00030003    8.23878144E-0007    1.25645881E-0036     11.07000000
  0.16803030     -2.82390874      3.00030003    1.16643896E-0006    1.77888262E-0036     11.09000000
  0.16833333     -2.86169730      3.00030003    1.13536035E-0006    1.73148606E-0036     11.11000000
  0.16863636     -2.78914663      3.00030003    1.42476972E-0006    2.17285103E-0036     11.13000000
  0.16893939     -2.62433640      3.00030003    2.21113459E-0006    3.37210006E-0036     11.15000000
  0.16924242     -2.72699874      3.00030003    1.85358760E-0006    2.82682153E-0036     11.17000000
  0.16954545     -2.64781750      3.00030003    2.36186259E-0006    3.60196843E-0036     11.19000000
  0.16984848     -2.50514997      3.00030003    3.48323224E-0006    5.31211791E-0036     11.21000000
  0.17015152     -2.72699874      3.00030003    2.21918721E-0006    3.38438074E-0036     11.23000000
  0.17045455     -2.56066731      3.00030003    3.45609478E-0006    5.27073182E-0036     11.25000000
  0.17075758     -2.48811663      3.00030003    4.33707166E-0006    6.61426929E-0036     11.27000000
  0.17106061     -2.30103001      3.00030003    7.08505943E-0006    1.08050995E-0035     11.29000000
  0.17136364     -2.34678750      3.00030003    6.77089802E-0006    1.03259864E-0035     11.31000000
  0.17166667     -2.33488826      3.00030003    7.38934247E-0006    1.12691477E-0035     11.33000000
  0.17196970     -2.19551982      3.00030003    1.08151988E-0005    1.64937643E-0035     11.35000000
  0.17227273     -2.24033215      3.00030003    1.03581560E-0005    1.57967492E-0035     11.37000000
  0.17257576     -2.22184875      3.00030003    1.14769405E-0005    1.75029562E-0035     11.39000000
  0.17287879     -2.27984070      3.00030003    1.06633693E-0005    1.62622160E-0035     11.41000000
  0.17318182     -2.10374943      3.00030003    1.69842353E-0005    2.59018791E-0035     11.43000000
  0.17348485     -2.04575751      3.00030003    2.06109587E-0005    3.14328289E-0035     11.45000000
  0.17378788     -2.08354605      3.00030003    2.00618012E-0005    3.05953340E-0035     11.47000000
  0.17409091     -2.03385826      3.00030003    2.38846010E-0005    3.64253107E-0035     11.49000000
  0.17439394     -2.07058105      3.00030003    2.33053418E-0005    3.55419091E-0035     11.51000000
  0.17469697     -1.92081875      3.00030003    3.49363920E-0005    5.32798909E-0035     11.53000000
  0.17500000     -1.89448982      3.00030003    3.94155194E-0005    6.01108028E-0035     11.55000000
  0.17530303     -1.77598518      3.00030003    5.49834737E-0005    8.38527768E-0035     11.57000000
  0.17560606     -1.74472751      3.00030003    6.27408088E-0005    9.56831332E-0035     11.59000000
  0.17590909     -1.76321091      3.00030003    6.38450146E-0005    9.73671068E-0035     11.61000000
  0.17621212     -1.67778071      3.00030003    8.25310681E-0005    1.25864351E-0034     11.63000000
  0.17651515     -1.71556927      3.00030003    8.03321116E-0005    1.22510823E-0034     11.65000000
  0.17681818     -1.67520328      3.00030003    9.36085340E-0005    1.42758087E-0034     11.67000000
  0.17712121     -1.60642480      3.00030003    1.16453944E-0004    1.77598575E-0034     11.69000000
  0.17742424     -1.58922277      3.00030003    1.28651991E-0004    1.96201257E-0034     11.71000000
  0.17772727     -1.52651302      3.00030003    1.57828901E-0004    2.40697626E-0034     11.73000000
  0.17803030     -1.51570016      3.00030003    1.71814444E-0004    2.62026337E-0034     11.75000000
  0.17833333     -1.49485000      3.00030003    1.91412414E-0004    2.91914303E-0034     11.77000000
  0.17863636     -1.46692734      3.00030003    2.16746972E-0004    3.30550877E-0034     11.79000000
  0.17893939     -1.43770714      3.00030003    2.46169084E-0004    3.75421192E-0034     11.81000000
  0.17924242     -1.37934353      3.00030003    2.98990504E-0004    4.55976719E-0034     11.83000000
  0.17954545     -1.36026455      3.00030003    3.31739091E-0004    5.05920089E-0034     11.85000000
  0.17984848     -1.35902195      3.00030003    3.53264117E-0004    5.38746921E-0034     11.87000000
  0.18015152     -1.30649288      3.00030003    4.23339577E-0004    6.45615794E-0034     11.89000000
  0.18045455     -1.28399665      3.00030003    4.73418667E-0004    7.21989121E-0034     11.91000000
  0.18075758     -1.21200850      3.00030003    5.93326578E-0004    9.04855182E-0034     11.93000000
  0.18106061     -1.17392519      3.00030003    6.87760753E-0004    1.04887242E-0033     11.95000000
  0.18136364     -1.18293070      3.00030003    7.15306460E-0004    1.09088111E-0033     11.97000000
  0.18166667     -1.15181087      3.00030003    8.15966353E-0004    1.24439290E-0033     11.99000000
  0.18196970     -1.13445188      3.00030003    9.01761156E-0004    1.37523463E-0033     12.01000000
  0.18227273     -1.08552461      3.00030003    1.07171439E-0003    1.63442252E-0033     12.03000000
  0.18257576     -1.09084530      3.00030003    1.12413547E-0003    1.71436751E-0033     12.05000000
  0.18287879     -1.06613326      3.00030003    1.26354572E-0003    1.92697569E-0033     12.07000000
  0.18318182     -1.05861281      3.00030003    1.36512270E-0003    2.08188610E-0033     12.09000000
  0.18348485     -0.97674755      3.00030003    1.75023847E-0003    2.66920851E-0033     12.11000000
  0.18378788     -0.96407020      3.00030003    1.91352812E-0003    2.91823407E-0033     12.13000000
  0.18409091     -0.97571962      3.00030003    1.97808846E-0003    3.01669209E-0033     12.15000000
  0.18439394     -0.95712928      3.00030003    2.19228153E-0003    3.34334812E-0033     12.17000000
  0.18469697     -0.90483065      3.00030003    2.62576118E-0003    4.00442808E-0033     12.19000000
  0.18500000     -0.88522224      3.00030003    2.91691588E-0003    4.44845478E-0033     12.21000000
  0.18530303     -0.85698520      3.00030003    3.30537867E-0003    5.04088159E-0033     12.23000000
  0.18560606     -0.84542390      3.00030003    3.60448151E-0003    5.49702961E-0033     12.25000000
  0.18590909     -0.82572206      3.00030003    4.00502206E-0003    6.10787566E-0033     12.27000000
  0.18621212     -0.79283706      3.00030003    4.58722658E-0003    6.99576910E-0033     12.29000000
  0.18651515     -0.77598518      3.00030003    5.06363446E-0003    7.72231694E-0033     12.31000000
  0.18681818     -0.75510466      3.00030003    5.64161102E-0003    8.60376251E-0033     12.33000000
  0.18712121     -0.74472748      3.00030003    6.13536772E-0003    9.35676823E-0033     12.35000000
  0.18742424     -0.69411146      3.00030003    7.32009788E-0003    1.11635459E-0032     12.37000000
  0.18772727     -0.70005711      3.00030003    7.66710680E-0003    1.16927533E-0032     12.39000000
  0.18803030     -0.71024387      3.00030003    7.95252480E-0003    1.21280312E-0032     12.41000000
  0.18833333     -0.66429141      3.00030003    9.38680423E-0003    1.43153851E-0032     12.43000000
  0.18863636     -0.65881287      3.00030003    1.00938438E-0002    1.53936588E-0032     12.45000000
  0.18893939     -0.63662309      3.00030003    1.12799359E-0002    1.72025135E-0032     12.47000000
  0.18924242     -0.60554833      3.00030003    1.28659445E-0002    1.96212625E-0032     12.49000000
  0.18954545     -0.59559396      3.00030003    1.39783631E-0002    2.13177612E-0032     12.51000000
  0.18984848     -0.60336484      3.00030003    1.45796033E-0002    2.22346850E-0032     12.53000000
  0.19015152     -0.56583044      3.00030003    1.68787539E-0002    2.57410143E-0032     12.55000000
  0.19045455     -0.56125992      3.00030003    1.81121987E-0002    2.76220845E-0032     12.57000000
  0.19075758     -0.55752022      3.00030003    1.93986344E-0002    2.95839686E-0032     12.59000000
  0.19106061     -0.53036205      3.00030003    2.19275241E-0002    3.34406624E-0032     12.61000000
  0.19136364     -0.52487385      3.00030003    2.35796891E-0002    3.59603037E-0032     12.63000000
  0.19166667     -0.49689055      3.00030003    2.67043279E-0002    4.07255471E-0032     12.65000000
  0.19196970     -0.48578439      3.00030003    2.90902922E-0002    4.43642719E-0032     12.67000000
  0.19227273     -0.47527942      3.00030003    3.16455997E-0002    4.82612543E-0032     12.69000000
  0.19257576     -0.46296837      3.00030003    3.45688282E-0002    5.27193361E-0032     12.71000000
  0.19287879     -0.45161057      3.00030003    3.76792914E-0002    5.74629612E-0032     12.73000000
  0.19318182     -0.44566228      3.00030003    4.05612467E-0002    6.18580991E-0032     12.75000000
  0.19348485     -0.42495656      3.00030003    4.51728285E-0002    6.88910113E-0032     12.77000000
  0.19378788     -0.41651784      3.00030003    4.89075925E-0002    7.45867287E-0032     12.79000000
  0.19409091     -0.41453928      3.00030003    5.21693129E-0002    7.95610291E-0032     12.81000000
  0.19439394     -0.39160770      3.00030003    5.83992100E-0002    8.90619597E-0032     12.83000000
  0.19469697     -0.38116775      3.00030003    6.35195193E-0002    9.68707089E-0032     12.85000000
  0.19500000     -0.38221360      3.00030003    6.72855223E-0002    1.02614068E-0031     12.87000000
  0.19530303     -0.37391639      3.00030003    7.28247681E-0002    1.11061718E-0031     12.89000000
  0.19560606     -0.36251029      3.00030003    7.93862866E-0002    1.21068389E-0031     12.91000000
  0.19590909     -0.36653154      3.00030003    8.35188510E-0002    1.27370773E-0031     12.93000000
  0.19621212     -0.35433215      3.00030003    9.12103616E-0002    1.39100744E-0031     12.95000000
  0.19651515     -0.34606427      3.00030003    9.87125400E-0002    1.50541972E-0031     12.97000000
  0.19681818     -0.34354242      3.00030003    1.05427632E-0001    1.60782852E-0031     12.99000000
  0.19712121     -0.32929042      3.00030003    1.15682251E-0001    1.76421702E-0031     13.01000000
  0.19742424     -0.31932461      3.00030003    1.25687708E-0001    1.91680566E-0031     13.03000000
  0.19772727     -0.31650269      3.00030003    1.34330615E-0001    2.04861467E-0031     13.05000000
  0.19803030     -0.31013641      3.00030003    1.44744331E-0001    2.20742948E-0031     13.07000000
  0.19833333     -0.31425825      3.00030003    1.52243934E-0001    2.32180250E-0031     13.09000000
  0.19863636     -0.31069115      3.00030003    1.62992408E-0001    2.48572254E-0031     13.11000000
  0.19893939     -0.30266167      3.00030003    1.76301954E-0001    2.68870032E-0031     13.13000000
  0.19924242     -0.30715308      3.00030003    1.85278912E-0001    2.82560381E-0031     13.15000000
  0.19954545     -0.28777132      3.00030003    2.05715978E-0001    3.13728013E-0031     13.17000000
  0.19984848     -0.29499202      3.00030003    2.14836271E-0001    3.27636955E-0031     13.19000000
  0.20015152     -0.27767461      3.00030003    2.37402497E-0001    3.62051672E-0031     13.21000000
  0.20045455     -0.30638296      3.00030003    2.35959361E-0001    3.59850812E-0031     13.23000000
  0.20075758     -0.28893129      3.00030003    2.60824967E-0001    3.97772208E-0031     13.25000000
  0.20106061     -0.27276383      3.00030003    2.87459652E-0001    4.38391546E-0031     13.27000000
  0.20136364     -0.27511002      3.00030003    3.03592460E-0001    4.62994952E-0031     13.29000000
  0.20166667     -0.28587987      3.00030003    3.14471578E-0001    4.79586197E-0031     13.31000000
  0.20196970     -0.26640156      3.00030003    3.49236788E-0001    5.32605026E-0031     13.33000000
  0.20227273     -0.27829239      3.00030003    3.60819026E-0001    5.50268566E-0031     13.35000000
  0.20257576     -0.28337073      3.00030003    3.78679124E-0001    5.77506183E-0031     13.37000000
  0.20287879     -0.27973728      3.00030003    4.05475939E-0001    6.18372778E-0031     13.39000000
  0.20318182     -0.29094216      3.00030003    4.19585511E-0001    6.39890641E-0031     13.41000000
  0.20348485     -0.27439463      3.00030003    4.62837240E-0001    7.05851870E-0031     13.43000000
  0.20378788     -0.27953059      3.00030003    4.85682669E-0001    7.40692388E-0031     13.45000000
  0.20409091     -0.27644174      3.00030003    5.19399746E-0001    7.92112756E-0031     13.47000000
  0.20439394     -0.27378236      3.00030003    5.54908505E-0001    8.46265539E-0031     13.49000000
  0.20469697     -0.28337073      3.00030003    5.76359278E-0001    8.78979129E-0031     13.51000000
  0.20500000     -0.28243349      3.00030003    6.13325200E-0001    9.35354164E-0031     13.53000000
  0.20530303     -0.28035800      3.00030003    6.54374801E-0001    9.97957030E-0031     13.55000000
  0.20560606     -0.29402943      3.00030003    6.73310543E-0001    1.02683506E-0030     13.57000000
  0.20590909     -0.30440888      3.00030003    6.98065611E-0001    1.06458788E-0030     13.59000000
  0.20621212     -0.28357926      3.00030003    7.77653504E-0001    1.18596373E-0030     13.61000000
  0.20651515     -0.29317558      3.00030003    8.07700012E-0001    1.23178628E-0030     13.63000000
  0.20681818     -0.31046916      3.00030003    8.24169966E-0001    1.25690386E-0030     13.65000000
  0.20712121     -0.30947167      3.00030003    8.77151383E-0001    1.33770339E-0030     13.67000000
  0.20742424     -0.31091322      3.00030003    9.28310528E-0001    1.41572386E-0030     13.69000000
  0.20772727     -0.31202537      3.00030003    9.83198939E-0001    1.49943166E-0030     13.71000000
  0.20803030     -0.33126474      3.00030003    9.98762669E-0001    1.52316719E-0030     13.73000000
  0.20833333     -0.31684034      3.00030003    1.09634436E+0000    1.67198455E-0030     13.75000000
  0.20863636     -0.32767119      3.00030003    1.13547195E+0000    1.73165625E-0030     13.77000000
  0.20893939     -0.32987016      3.00030003    1.19960347E+0000    1.82946030E-0030     13.79000000
  0.20924242     -0.34282460      3.00030003    1.23635601E+0000    1.88550991E-0030     13.81000000
  0.20954545     -0.33984629      3.00030003    1.32184987E+0000    2.01589268E-0030     13.83000000
  0.20984848     -0.36678412      3.00030003    1.31918157E+0000    2.01182338E-0030     13.85000000
  0.21015152     -0.35470056      3.00030003    1.44028491E+0000    2.19651254E-0030     13.87000000
  0.21045455     -0.36564870      3.00030003    1.49128464E+0000    2.27428988E-0030     13.89000000
  0.21075758     -0.38668685      3.00030003    1.50862976E+0000    2.30074213E-0030     13.91000000
  0.21106061     -0.38734856      3.00030003    1.59948890E+0000    2.43930724E-0030     13.93000000
  0.21136364     -0.39254498      3.00030003    1.67820532E+0000    2.55935406E-0030     13.95000000
  0.21166667     -0.38933985      3.00030003    1.79519033E+0000    2.73776253E-0030     13.97000000
  0.21196970     -0.41623462      3.00030003    1.79174417E+0000    2.73250694E-0030     13.99000000
  0.21227273     -0.41088854      3.00030003    1.92611561E+0000    2.93743068E-0030     14.01000000
  0.21257576     -0.41779456      3.00030003    2.01296679E+0000    3.06988343E-0030     14.03000000
  0.21287879     -0.43429971      3.00030003    2.05774584E+0000    3.13817390E-0030     14.05000000
  0.21318182     -0.45023067      3.00030003    2.10630400E+0000    3.21222773E-0030     14.07000000
  0.21348485     -0.45670816      3.00030003    2.20345320E+0000    3.36038553E-0030     14.09000000
  0.21378788     -0.45826477      3.00030003    2.33135009E+0000    3.55543522E-0030     14.11000000
  0.21409091     -0.48165061      3.00030003    2.34575115E+0000    3.57739761E-0030     14.13000000
  0.21439394     -0.48928748      3.00030003    2.44740216E+0000    3.73242090E-0030     14.15000000
  0.21469697     -0.48462296      3.00030003    2.62681893E+0000    4.00604120E-0030     14.17000000
  0.21500000     -0.49859835      3.00030003    2.70094051E+0000    4.11908063E-0030     14.19000000
  0.21530303     -0.51303850      3.00030003    2.77418322E+0000    4.23077973E-0030     14.21000000
  0.21560606     -0.52962628      3.00030003    2.83535628E+0000    4.32407197E-0030     14.23000000
  0.21590909     -0.54763847      3.00030003    2.88838925E+0000    4.40495011E-0030     14.25000000
  0.21621212     -0.53966605      3.00030003    3.12383738E+0000    4.76402128E-0030     14.27000000
  0.21651515     -0.57348876      3.00030003    3.06849902E+0000    4.67962727E-0030     14.29000000
  0.21681818     -0.57430279      3.00030003    3.25216241E+0000    4.95972390E-0030     14.31000000
  0.21712121     -0.57450653      3.00030003    3.45166600E+0000    5.26397769E-0030     14.33000000
  0.21742424     -0.60708332      3.00030003    3.40026097E+0000    5.18558223E-0030     14.35000000
  0.21772727     -0.60119228      3.00030003    3.65985233E+0000    5.58147312E-0030     14.37000000
  0.21803030     -0.62525165      3.00030003    3.67675313E+0000    5.60724776E-0030     14.39000000
  0.21833333     -0.64158922      3.00030003    3.75999419E+0000    5.73419488E-0030     14.41000000
  0.21863636     -0.66354028      3.00030003    3.79573940E+0000    5.78870826E-0030     14.43000000
  0.21893939     -0.66204184      3.00030003    4.04440933E+0000    6.16794338E-0030     14.45000000
  0.21924242     -0.68350546      3.00030003    4.08744344E+0000    6.23357272E-0030     14.47000000
  0.21954545     -0.70032929      3.00030003    4.17530496E+0000    6.36756631E-0030     14.49000000
  0.21984848     -0.72411304      3.00030003    4.19724892E+0000    6.40103204E-0030     14.51000000
  0.22015152     -0.73459251      3.00030003    4.35056371E+0000    6.63484540E-0030     14.53000000
  0.22045455     -0.75913887      3.00030003    4.36575590E+0000    6.65801432E-0030     14.55000000
  0.22075758     -0.76007519      3.00030003    4.62576325E+0000    7.05453962E-0030     14.57000000
  0.22106061     -0.76827563      3.00030003    4.81995784E+0000    7.35069689E-0030     14.59000000
  0.22136364     -0.79621943      3.00030003    4.79909907E+0000    7.31888613E-0030     14.61000000
  0.22166667     -0.80410033      3.00030003    5.00425100E+0000    7.63175394E-0030     14.63000000
  0.22196970     -0.82138271      3.00030003    5.10642529E+0000    7.78757527E-0030     14.65000000
  0.22227273     -0.85039606      3.00030003    5.07182083E+0000    7.73480159E-0030     14.67000000
  0.22257576     -0.86248763      3.00030003    5.23760347E+0000    7.98762910E-0030     14.69000000
  0.22287879     -0.86886272      3.00030003    5.48046992E+0000    8.35801360E-0030     14.71000000
  0.22318182     -0.89919884      3.00030003    5.42677665E+0000    8.27612845E-0030     14.73000000
  0.22348485     -0.88647443      3.00030003    5.93371445E+0000    9.04923606E-0030     14.75000000
  0.22378788     -0.92217804      3.00030003    5.80341063E+0000    8.85051568E-0030     14.77000000
  0.22409091     -0.94692156      3.00030003    5.82103289E+0000    8.87739059E-0030     14.79000000
  0.22439394     -0.94452611      3.00030003    6.21520959E+0000    9.47853141E-0030     14.81000000
  0.22469697     -0.95663772      3.00030003    6.41806996E+0000    9.78790447E-0030     14.83000000
  0.22500000     -0.98192394      3.00030003    6.42951926E+0000    9.80536526E-0030     14.85000000
  0.22530303     -0.97881071      3.00030003    6.87625546E+0000    1.04866622E-0029     14.87000000
  0.22560606     -1.02284821      3.00030003    6.59742988E+0000    1.00614381E-0029     14.89000000
  0.22590909     -1.03268609      3.00030003    6.84852706E+0000    1.04443749E-0029     14.91000000
  0.22621212     -1.04696555      3.00030003    7.03684518E+0000    1.07315702E-0029     14.93000000
  0.22651515     -1.10168627      3.00030003    6.58745333E+0000    1.00462233E-0029     14.95000000
  0.22681818     -1.08950898      3.00030003    7.19374615E+0000    1.09708527E-0029     14.97000000
  0.22712121     -1.11210153      3.00030003    7.25141624E+0000    1.10588027E-0029     14.99000000
  0.22742424     -1.16829017      3.00030003    6.76541545E+0000    1.03176252E-0029     15.01000000
  0.22772727     -1.17717835      3.00030003    7.03828043E+0000    1.07337590E-0029     15.03000000
  0.22803030     -1.17963433      3.00030003    7.43140386E+0000    1.13332936E-0029     15.05000000
  0.22833333     -1.23470408      3.00030003    6.95122567E+0000    1.06009958E-0029     15.07000000
  0.22863636     -1.25181196      3.00030003    7.09600286E+0000    1.08217889E-0029     15.09000000
  0.22893939     -1.24317380      3.00030003    7.68620950E+0000    1.17218860E-0029     15.11000000
  0.22924242     -1.24127731      3.00030003    8.19726513E+0000    1.25012735E-0029     15.13000000
  0.22954545     -1.27880789      3.00030003    7.98359834E+0000    1.21754201E-0029     15.15000000
  0.22984848     -1.30211710      3.00030003    8.03433134E+0000    1.22527906E-0029     15.17000000
  0.23015152     -1.31314039      3.00030003    8.31738355E+0000    1.26844606E-0029     15.19000000
  0.23045455     -1.34438143      3.00030003    8.21875361E+0000    1.25340446E-0029     15.21000000
  0.23075758     -1.36026455      3.00030003    8.41362429E+0000    1.28312330E-0029     15.23000000
  0.23106061     -1.40340288      3.00030003    8.08919038E+0000    1.23364537E-0029     15.25000000
  0.23136364     -1.41453927      3.00030003    8.37199467E+0000    1.27677455E-0029     15.27000000
  0.23166667     -1.48644947      3.00030003    7.53319178E+0000    1.14885257E-0029     15.29000000
  0.23196970     -1.45284087      3.00030003    8.64266930E+0000    1.31805390E-0029     15.31000000
  0.23227273     -1.45284087      3.00030003    9.17715719E+0000    1.39956620E-0029     15.33000000
  0.23257576     -1.49147030      3.00030003    8.91536262E+0000    1.35964111E-0029     15.35000000
  0.23287879     -1.46533944      3.00030003    1.00537979E+0001    1.53325865E-0029     15.37000000
  0.23318182     -1.51392389      3.00030003    9.54566022E+0000    1.45576491E-0029     15.39000000
  0.23348485     -1.53760201      3.00030003    9.59816311E+0000    1.46377188E-0029     15.41000000
  0.23378788     -1.52469210      3.00030003    1.04992509E+0001    1.60119266E-0029     15.43000000
  0.23409091     -1.61753267      3.00030003    9.00280868E+0000    1.37297711E-0029     15.45000000
  0.23439394     -1.64063890      3.00030003    9.06425395E+0000    1.38234784E-0029     15.47000000
  0.23469697     -1.66254075      3.00030003    9.15146218E+0000    1.39564757E-0029     15.49000000
  0.23500000     -1.71275829      3.00030003    8.65631855E+0000    1.32013548E-0029     15.51000000
  0.23530303     -1.75696195      3.00030003    8.30213595E+0000    1.26612072E-0029     15.53000000
  0.23560606     -1.73873714      3.00030003    9.19337399E+0000    1.40203935E-0029     15.55000000
  0.23590909     -1.75696195      3.00030003    9.36074449E+0000    1.42756426E-0029     15.57000000
  0.23621212     -1.77275620      3.00030003    9.58465343E+0000    1.46171158E-0029     15.59000000
  0.23651515     -1.79928625      3.00030003    9.57429132E+0000    1.46013131E-0029     15.61000000
  0.23681818     -1.85387195      3.00030003    8.96563830E+0000    1.36730842E-0029     15.63000000
  0.23712121     -1.82390875      3.00030003    1.02001061E+0001    1.55557145E-0029     15.65000000
  0.23742424     -1.89448982      3.00030003    9.20627390E+0000    1.40400666E-0029     15.67000000
  0.23772727     -1.83120798      3.00030003    1.13090471E+0001    1.72469096E-0029     15.69000000
  0.23803030     -1.97881071      3.00030003    8.54837485E+0000    1.30367349E-0029     15.71000000
  0.23833333     -1.91631824      3.00030003    1.04818104E+0001    1.59853288E-0029     15.73000000
  0.23863636     -1.93460703      3.00030003    1.06710655E+0001    1.62739532E-0029     15.75000000
  0.23893939     -1.96357075      3.00030003    1.05999628E+0001    1.61655177E-0029     15.77000000
  0.23924242     -1.97881071      3.00030003    1.08673751E+0001    1.65733359E-0029     15.79000000
  0.23954545     -2.09690999      3.00030003    8.79195886E+0000    1.34082137E-0029     15.81000000
  0.23984848     -2.07058105      3.00030003    9.91915927E+0000    1.51272554E-0029     15.83000000
  0.24015152     -2.08354605      3.00030003    1.02228064E+0001    1.55903337E-0029     15.85000000
  0.24045455     -2.05799195      3.00030003    1.15128943E+0001    1.75577877E-0029     15.87000000
  0.24075758     -2.17881412      3.00030003    9.25598446E+0000    1.41158779E-0029     15.89000000
  0.24106061     -2.14721513      3.00030003    1.05701678E+0001    1.61200787E-0029     15.91000000
  0.24136364     -2.22184875      3.00030003    9.45166985E+0000    1.44143087E-0029     15.93000000
  0.24166667     -2.24987746      3.00030003    9.40892720E+0000    1.43491238E-0029     15.95000000
  0.24196970     -2.26962152      3.00030003    9.54676698E+0000    1.45593370E-0029     15.97000000
  0.24227273     -2.33488826      3.00030003    8.72267832E+0000    1.33025571E-0029     15.99000000
  0.24257576     -2.38457605      3.00030003    8.26080441E+0000    1.25981743E-0029     16.01000000
  0.24287879     -2.34678750      3.00030003    9.56910145E+0000    1.45933982E-0029     16.03000000
  0.24318182     -2.42596874      3.00030003    8.46740235E+0000    1.29132474E-0029     16.05000000
  0.24348485     -2.54136215      3.00030003    6.89313944E+0000    1.05124112E-0029     16.07000000
  0.24378788     -2.50514997      3.00030003    7.95590369E+0000    1.21331842E-0029     16.09000000
  0.24409091     -2.47172621      3.00030003    9.12375369E+0000    1.39142188E-0029     16.11000000
  0.24439394     -2.47172621      3.00030003    9.68799324E+0000    1.47747146E-0029     16.13000000
  0.24469697     -2.54136215      3.00030003    8.76310799E+0000    1.33642145E-0029     16.15000000
  0.24500000     -2.60206000      3.00030003    8.09134255E+0000    1.23397358E-0029     16.17000000
  0.24530303     -2.56066731      3.00030003    9.45090842E+0000    1.44131475E-0029     16.19000000
  0.24560606     -2.48811663      3.00030003    1.18599951E+0001    1.80871351E-0029     16.21000000
  0.24590909     -3.12493873      3.00030003    2.90618114E+0000    4.43208372E-0030     16.23000000
  0.24621212     -2.90309000      3.00030003    5.14317962E+0000    7.84362761E-0030     16.25000000
  0.24651515     -2.82390874      3.00030003    6.55349883E+0000    9.99444082E-0030     16.27000000
  0.24681818     -2.75696194      3.00030003    8.11858422E+0000    1.23812809E-0029     16.29000000
  0.24712121     -2.86169730      3.00030003    6.77337638E+0000    1.03297660E-0029     16.31000000
  0.24742424     -2.64781750      3.00030003    1.17691551E+0001    1.79485993E-0029     16.33000000
  0.24772727     -2.72699874      3.00030003    1.04141619E+0001    1.58821612E-0029     16.35000000
  0.24803030     -2.82390874      3.00030003    8.84656353E+0000    1.34914888E-0029     16.37000000
  0.24833333     -2.82390874      3.00030003    9.39366084E+0000    1.43258418E-0029     16.39000000
  0.24863636     -2.99999998      3.00030003    6.64972842E+0000    1.01411962E-0029     16.41000000
  0.24893939     -2.86169730      3.00030003    9.70882915E+0000    1.48064905E-0029     16.43000000
  0.24924242     -2.99999998      3.00030003    7.49763783E+0000    1.14343040E-0029     16.45000000
  0.24954545     -2.94884750      3.00030003    8.95647703E+0000    1.36591128E-0029     16.47000000
  0.24984848     -2.90309000      3.00030003    1.05670799E+0001    1.61153694E-0029     16.49000000
  0.25015152     -3.05799193      3.00030003    7.85440568E+0000    1.19783943E-0029     16.51000000
  0.25045455     -3.20411999      3.00030003    5.95724615E+0000    9.08512318E-0030     16.53000000
  0.25075758     -3.12493873      3.00030003    7.59079180E+0000    1.15763688E-0029     16.55000000
  0.25106061     -3.42596873      3.00030003    4.03011426E+0000    6.14614262E-0030     16.57000000
  0.25136364     -3.12493873      3.00030003    8.55869657E+0000    1.30524760E-0029     16.59000000
  0.25166667     -3.20411999      3.00030003    7.57332588E+0000    1.15497323E-0029     16.61000000
  0.25196970     -3.42596873      3.00030003    4.82500962E+0000    7.35840112E-0030     16.63000000
  0.25227273     -3.60205997      3.00030003    3.41560166E+0000    5.20897762E-0030     16.65000000
  0.25257576     -3.90308997      3.00030003    1.81341622E+0000    2.76555800E-0030     16.67000000
  0.25287879     -3.20411999      3.00030003    9.62781518E+0000    1.46829398E-0029     16.69000000
  0.25318182     -3.20411999      3.00030003    1.02232274E+0001    1.55909757E-0029     16.71000000
  0.25348485     -3.60205997      3.00030003    4.34218493E+0000    6.62206731E-0030     16.73000000
  0.25378788     -3.60205997      3.00030003    4.61071832E+0000    7.03159528E-0030     16.75000000
  0.25439394     -3.20411999      3.00030003    1.29965810E+0001    1.98204903E-0029     16.79000000
  0.25469697     -3.60205997      3.00030003    5.52013140E+0000    8.41849951E-0030     16.81000000
  0.25500000     -3.42596873      3.00030003    8.79226832E+0000    1.34086856E-0029     16.83000000
  0.25560606     -3.90308997      3.00030003    3.30445807E+0000    5.03947761E-0030     16.87000000
  0.25590909     -3.90308997      3.00030003    3.50881540E+0000    5.35113361E-0030     16.89000000
  0.25651515     -3.90308997      3.00030003    3.95622579E+0000    6.03345871E-0030     16.93000000
  0.25712121     -3.42596873      3.00030003    1.33820565E+0001    2.04083612E-0029     16.97000000
  0.25742424     -3.42596873      3.00030003    1.42096419E+0001    2.16704738E-0029     16.99000000
  0.25772727     -3.60205997      3.00030003    1.00589388E+0001    1.53404267E-0029     17.01000000
  0.25924242     -3.90308997      3.00030003    6.78927725E+0000    1.03540157E-0029     17.11000000
  0.25954545     -3.90308997      3.00030003    7.20914597E+0000    1.09943382E-0029     17.13000000
  0.25984848     -3.90308997      3.00030003    7.65498060E+0000    1.16742602E-0029     17.15000000
  0.26015152     -3.90308997      3.00030003    8.12838694E+0000    1.23962305E-0029     17.17000000
  0.26106061     -3.90308997      3.00030003    9.73162116E+0000    1.48412496E-0029     17.23000000
  0.26136364     -3.60205997      3.00030003    2.06669060E+0001    3.15181516E-0029     17.25000000
  0.26227273     -3.90308997      3.00030003    1.23716121E+0001    1.88673788E-0029     17.31000000
  0.26287879     -3.90308997      3.00030003    1.39491211E+0001    2.12731655E-0029     17.35000000
  0.26318182     -3.90308997      3.00030003    1.48117754E+0001    2.25887601E-0029     17.37000000
  0.26621212     -3.90308997      3.00030003    2.69904340E+0001    4.11618744E-0029     17.57000000
  0.26651515     -3.90308997      3.00030003    2.86596012E+0001    4.37074448E-0029     17.59000000
  0.26712121     -3.90308997      3.00030003    3.23139979E+0001    4.92805978E-0029     17.63000000
  0.26742424     -3.90308997      3.00030003    3.43123899E+0001    5.23282538E-0029     17.65000000
