  0.10681818     -4.20411996     35.97122302    1.59942615E-0015    2.43921155E-0045      7.05000000
  0.10712121     -3.83614321     35.97122302    7.66272104E-0015    1.16860648E-0044      7.07000000
  0.10742424     -3.68124123     35.97122302    2.24764167E-0014    3.42777534E-0044      7.09000000
  0.10772727     -3.38021123     35.97122302    9.22994565E-0014    1.40761673E-0043      7.11000000
  0.10803030     -2.90309000     35.97122302    5.68541868E-0013    8.67057155E-0043      7.13000000
  0.10833333     -2.55413644     35.97122302    2.60710235E-0012    3.97597236E-0042      7.15000000
  0.10863636     -2.29563496     35.97122302    9.70737110E-0012    1.48042669E-0041      7.17000000
  0.10893939     -1.93073284     35.97122302    4.61791391E-0011    7.04256894E-0041      7.19000000
  0.10924242     -1.69671394     35.97122302    1.62519997E-0010    2.47851802E-0040      7.21000000
  0.10954545     -1.53171422     35.97122302    4.87919972E-0010    7.44104396E-0040      7.23000000
  0.10984848     -1.33274168     35.97122302    1.58402930E-0009    2.41573052E-0039      7.25000000
  0.11015152     -1.18224189     35.97122302    4.59944116E-0009    7.01439700E-0039      7.27000000
  0.11045455     -1.02380291     35.97122302    1.36014786E-0008    2.07429919E-0038      7.29000000
  0.11075758     -0.87860433     35.97122302    3.90145656E-0008    5.94993267E-0038      7.31000000
  0.11106061     -0.74724809     35.97122302    1.08398954E-0007    1.65314279E-0037      7.33000000
  0.11136364     -0.62433639     35.97122302    2.95378488E-0007    4.50468200E-0037      7.35000000
  0.11166667     -0.50408003     35.97122302    7.99976622E-0007    1.22000770E-0036      7.37000000
  0.11196970     -0.40269341     35.97122302    2.07446442E-0006    3.16367065E-0036      7.39000000
  0.11227273     -0.29812631     35.97122302    5.41895026E-0006    8.26419278E-0036      7.41000000
  0.11257576     -0.21520446     35.97122302    1.34672553E-0005    2.05382940E-0035      7.43000000
  0.11287879     -0.12436007     35.97122302    3.40851768E-0005    5.19817416E-0035      7.45000000
  0.11318182     -0.04803545     35.97122302    8.34319216E-0005    1.27238201E-0034      7.47000000
  0.11348485      0.01865717     35.97122302    1.99740869E-0004    3.04615649E-0034      7.49000000
  0.11378788      0.07632938     35.97122302    4.68361538E-0004    7.14276724E-0034      7.51000000
  0.11409091      0.12714530     35.97122302    1.08103365E-0003    1.64863489E-0033      7.53000000
  0.11439394      0.17634452     35.97122302    2.48588200E-0003    3.79110476E-0033      7.55000000
  0.11469697      0.21543377     35.97122302    5.58485409E-0003    8.51720511E-0033      7.57000000
  0.11500000      0.25000300     35.97122302    1.24171846E-0002    1.89368793E-0032      7.59000000
  0.11530303      0.28132224     35.97122302    2.74021378E-0002    4.17897449E-0032      7.61000000
  0.11560606      0.29782887     35.97122302    5.84430873E-0002    8.91288750E-0032      7.63000000
  0.11590909      0.31472723     35.97122302    1.24759488E-0001    1.90264979E-0031      7.65000000
  0.11621212      0.32451821     35.97122302    2.62003228E-0001    3.99569120E-0031      7.67000000
  0.11651515      0.32735041     35.97122302    5.41478115E-0001    8.25783466E-0031      7.69000000
  0.11681818      0.33023193     35.97122302    1.11919175E+0000    1.70682806E-0030      7.71000000
  0.11712121      0.32642120     35.97122302    2.27790628E+0000    3.47393051E-0030      7.73000000
  0.11742424      0.31377939     35.97122302    4.54293067E+0000    6.92821544E-0030      7.75000000
  0.11772727      0.30278173     35.97122302    9.09453562E+0000    1.38696596E-0029      7.77000000
  0.11803030      0.27999470     35.97122302    1.77188515E+0001    2.70222087E-0029      7.79000000
  0.11833333      0.26142645     35.97122302    3.48585558E+0001    5.31611864E-0029      7.81000000
  0.11863636      0.23268383     35.97122302    6.69898255E+0001    1.02163114E-0028      7.83000000
  0.11893939      0.19705071     35.97122302    1.26712015E+0002    1.93242689E-0028      7.85000000
  0.11924242      0.16455112     35.97122302    2.41412791E+0002    3.68167587E-0028      7.87000000
  0.11954545      0.12405570     35.97122302    4.51551128E+0002    6.88639939E-0028      7.89000000
  0.11984848      0.08282274     35.97122302    8.43171741E+0002    1.28588259E-0027      7.91000000
  0.12015152      0.03631280     35.97122302    1.55542178E+0003    2.37210250E-0027      7.93000000
  0.12045455     -0.01709775     35.97122302    2.82409760E+0003    4.30690187E-0027      7.95000000
  0.12075758     -0.06970909     35.97122302    5.13701027E+0003    7.83421902E-0027      7.97000000
  0.12106061     -0.12531286     35.97122302    9.28001626E+0003    1.41525277E-0026      7.99000000
  0.12136364     -0.18229694     35.97122302    1.67111651E+0004    2.54854323E-0026      8.01000000
  0.12166667     -0.25047301     35.97122302    2.93273446E+0004    4.47257896E-0026      8.03000000
  0.12196970     -0.31774208     35.97122302    5.15757726E+0004    7.86558479E-0026      8.05000000
  0.12227273     -0.38803343     35.97122302    9.00733812E+0004    1.37366787E-0025      8.07000000
  0.12257576     -0.46362572     35.97122302    1.55398295E+0005    2.36990820E-0025      8.09000000
  0.12287879     -0.53449324     35.97122302    2.71032145E+0005    4.13338707E-0025      8.11000000
  0.12318182     -0.61405875     35.97122302    4.63337409E+0005    7.06614656E-0025      8.13000000
  0.12348485     -0.69612926     35.97122302    7.87533295E+0005    1.20103095E-0024      8.15000000
  0.12378788     -0.77382987     35.97122302    1.35210492E+0006    2.06203327E-0024      8.17000000
  0.12409091     -0.87963174     35.97122302    2.17595844E+0006    3.31845454E-0024      8.19000000
  0.12439394     -0.96357073     35.97122302    3.68259259E+0006    5.61615325E-0024      8.21000000
  0.12469697     -1.05152590     35.97122302    6.17505140E+0006    9.41728799E-0024      8.23000000
  0.12500000     -1.14683433     35.97122302    1.01806200E+0007    1.55259972E-0023      8.25000000
  0.12530303     -1.23579274     35.97122302    1.70316958E+0007    2.59742589E-0023      8.27000000
  0.12560606     -1.35388232     35.97122302    2.66446724E+0007    4.06345692E-0023      8.29000000
  0.12590909     -1.44420043     35.97122302    4.44359373E+0007    6.77672123E-0023      8.31000000
  0.12621212     -1.52987138     35.97122302    7.49040789E+0007    1.14232779E-0022      8.33000000
  0.12651515     -1.66462570     35.97122302    1.12769906E+0008    1.71980218E-0022      8.35000000
  0.12681818     -1.76636944     35.97122302    1.83185695E+0008    2.79368111E-0022      8.37000000
  0.12712121     -1.87915198     35.97122302    2.90102245E+0008    4.42421644E-0022      8.39000000
  0.12742424     -2.02802871     35.97122302    4.22781947E+0008    6.44765378E-0022      8.41000000
  0.12772727     -2.11894836     35.97122302    7.04107308E+0008    1.07380180E-0021      8.43000000
  0.12803030     -2.21734824     35.97122302    1.15260647E+0009    1.75778732E-0021      8.45000000
  0.12833333     -2.34278474     35.97122302    1.77290972E+0009    2.70378339E-0021      8.47000000
  0.12863636     -2.47172621     35.97122302    2.70512428E+0009    4.12546111E-0021      8.49000000
  0.12893939     -2.66420792     35.97122302    3.56572287E+0009    5.43792059E-0021      8.51000000
  0.12924242     -2.72699874     35.97122302    6.33576182E+0009    9.66238009E-0021      8.53000000
  0.12954545     -2.82998289     35.97122302    1.02625850E+0010    1.56509982E-0020      8.55000000
  0.12984848     -2.97367104     35.97122302    1.51359850E+0010    2.30831973E-0020      8.57000000
  0.13015152     -3.20411999     35.97122302    1.82811624E+0010    2.78797633E-0020      8.59000000
  0.13045455     -3.33881857     35.97122302    2.75262662E+0010    4.19790475E-0020      8.61000000
  0.13075758     -3.33881857     35.97122302    5.65183375E+0010    8.61935273E-0020      8.63000000
  0.13106061     -3.47712126     35.97122302    8.43973404E+0010    1.28710517E-0019      8.65000000
  0.13136364     -3.72699872     35.97122302    9.74750282E+0010    1.48654700E-0019      8.67000000
  0.13166667     -3.98227122     35.97122302    1.11189287E+0011    1.69569687E-0019      8.69000000
  0.13196970     -3.98227122     35.97122302    2.28299530E+0011    3.48169154E-0019      8.71000000
  0.13227273     -4.38021125     35.97122302    1.87502502E+0011    2.85951476E-0019      8.73000000
  0.13257576     -4.38021125     35.97122302    3.84989726E+0011    5.87130194E-0019      8.75000000
  0.13287879     -4.20411996     35.97122302    1.18572096E+0012    1.80828872E-0018      8.77000000
  0.13318182     -4.68124124     35.97122302    8.11527594E+0011    1.23762355E-0018      8.79000000
  0.13348485     -4.68124124     35.97122302    1.66626996E+0012    2.54115198E-0018      8.81000000
  0.13378788     -4.38021125     35.97122302    6.84254140E+0012    1.04352464E-0017      8.83000000
  0.13409091     -4.68124124     35.97122302    7.02472797E+0012    1.07130908E-0017      8.85000000
  0.13439394     -4.68124124     35.97122302    1.44235307E+0013    2.19966659E-0017      8.87000000
