  0.12409091     -4.26219709     11.00110011    1.05735073E-0014    1.61251716E-0044      8.19000000
  0.12439394     -4.26219709     11.00110011    1.31756913E-0014    2.00936432E-0044      8.21000000
  0.12500000     -4.26219709     11.00110011    2.04588913E-0014    3.12009178E-0044      8.25000000
  0.12590909     -4.26219709     11.00110011    3.95863188E-0014    6.03712813E-0044      8.31000000
  0.12621212     -3.96116710     11.00110011    9.86573522E-0014    1.50457808E-0043      8.33000000
  0.12681818     -3.78507586     11.00110011    2.29789076E-0013    3.50440792E-0043      8.37000000
  0.12712121     -3.78507586     11.00110011    2.86341120E-0013    4.36685724E-0043      8.39000000
  0.12742424     -4.26219709     11.00110011    1.18936958E-0013    1.81385305E-0043      8.41000000
  0.12772727     -3.66013710     11.00110011    5.92831345E-0013    9.04099925E-0043      8.43000000
  0.12803030     -3.41709906     11.00110011    1.29277677E-0012    1.97155463E-0042      8.45000000
  0.12833333     -3.66013710     11.00110011    9.20534016E-0013    1.40386425E-0042      8.47000000
  0.12863636     -3.35910711     11.00110011    2.29416251E-0012    3.49872214E-0042      8.49000000
  0.12893939     -3.08610584     11.00110011    5.36018511E-0012    8.17457275E-0042      8.51000000
  0.12924242     -2.96116709     11.00110011    8.90579885E-0012    1.35818258E-0041      8.53000000
  0.12954545     -3.14825376     11.00110011    7.21340896E-0012    1.10008395E-0041      8.55000000
  0.12984848     -2.91977444     11.00110011    1.52115760E-0011    2.31984777E-0041      8.57000000
  0.13015152     -2.79979910     11.00110011    2.49864116E-0011    3.81056317E-0041      8.59000000
  0.13045455     -2.66013709     11.00110011    4.29457551E-0011    6.54946036E-0041      8.61000000
  0.13075758     -2.70589459     11.00110011    4.81633946E-0011    7.34517866E-0041      8.63000000
  0.13106061     -2.52183441     11.00110011    9.16920332E-0011    1.39835319E-0040      8.65000000
  0.13136364     -2.66013709     11.00110011    8.30966025E-0011    1.26726822E-0040      8.67000000
  0.13166667     -2.38713585     11.00110011    1.94150652E-0010    2.96090265E-0040      8.69000000
  0.13196970     -2.35371209     11.00110011    2.61286490E-0010    3.98476056E-0040      8.71000000
  0.13227273     -2.23689124     11.00110011    4.26080974E-0010    6.49796574E-0040      8.73000000
  0.13257576     -2.22877335     11.00110011    5.40959031E-0010    8.24991834E-0040      8.75000000
  0.13287879     -2.17941174     11.00110011    7.55231896E-0010    1.15176957E-0039      8.77000000
  0.13318182     -2.10990877     11.00110011    1.10442858E-0009    1.68431343E-0039      8.79000000
  0.13348485     -2.01422384     11.00110011    1.71544542E-0009    2.61614723E-0039      8.81000000
  0.13378788     -1.95044324     11.00110011    2.47577887E-0009    3.77569693E-0039      8.83000000
  0.13409091     -1.87126200     11.00110011    3.70209388E-0009    5.64589377E-0039      8.85000000
  0.13439394     -1.82922781     11.00110011    5.08201528E-0009    7.75034868E-0039      8.87000000
  0.13469697     -1.77364639     11.00110011    7.19733509E-0009    1.09763260E-0038      8.89000000
  0.13500000     -1.70589462     11.00110011    1.04828130E-0008    1.59868578E-0038      8.91000000
  0.13530303     -1.66340660     11.00110011    1.44052300E-0008    2.19687564E-0038      8.93000000
  0.13560606     -1.59102425     11.00110011    2.12059086E-0008    3.23401598E-0038      8.95000000
  0.13590909     -1.54535938     11.00110011    2.93545955E-0008    4.47673487E-0038      8.97000000
  0.13621212     -1.51400906     11.00110011    3.93170351E-0008    5.99606089E-0038      8.99000000
  0.13651515     -1.46010787     11.00110011    5.54672069E-0008    8.45904962E-0038      9.01000000
  0.13681818     -1.38945828     11.00110011    8.13280242E-0008    1.24029644E-0037      9.03000000
  0.13712121     -1.33947165     11.00110011    1.13705429E-0007    1.73406940E-0037      9.05000000
  0.13742424     -1.29464912     11.00110011    1.57093445E-0007    2.39576016E-0037      9.07000000
  0.13772727     -1.24978172     11.00110011    2.17060007E-0007    3.31028272E-0037      9.09000000
  0.13803030     -1.17905294     11.00110011    3.18319268E-0007    4.85454132E-0037      9.11000000
  0.13833333     -1.14825377     11.00110011    4.25810575E-0007    6.49384200E-0037      9.13000000
  0.13863636     -1.13218517     11.00110011    5.50604023E-0007    8.39700971E-0037      9.15000000
  0.13893939     -1.05672207     11.00110011    8.16313207E-0007    1.24492187E-0036      9.17000000
  0.13924242     -1.02264738     11.00110011    1.10023603E-0006    1.67791956E-0036      9.19000000
  0.13954545     -0.98504648     11.00110011    1.49499966E-0006    2.27995549E-0036      9.21000000
  0.13984848     -0.96225421     11.00110011    1.96330471E-0006    2.99414606E-0036      9.23000000
  0.14015152     -0.90982161     11.00110011    2.76041674E-0006    4.20978511E-0036      9.25000000
  0.14045455     -0.85685072     11.00110011    3.88597392E-0006    5.92632080E-0036      9.27000000
  0.14075758     -0.83601126     11.00110011    5.08035061E-0006    7.74780997E-0036      9.29000000
  0.14106061     -0.79105213     11.00110011    7.02113229E-0006    1.07076072E-0035      9.31000000
  0.14136364     -0.76416237     11.00110011    9.30789028E-0006    1.41950370E-0035      9.33000000
  0.14166667     -0.71651895     11.00110011    1.29434192E-0005    1.97394156E-0035      9.35000000
  0.14196970     -0.69352611     11.00110011    1.70057660E-0005    2.59347147E-0035      9.37000000
  0.14227273     -0.65775503     11.00110011    2.30102650E-0005    3.50919010E-0035      9.39000000
  0.14257576     -0.64435836     11.00110011    2.95714510E-0005    4.50980651E-0035      9.41000000
  0.14287879     -0.60811687     11.00110011    4.00560817E-0005    6.10876951E-0035      9.43000000
  0.14318182     -0.57368828     11.00110011    5.40320440E-0005    8.24017949E-0035      9.45000000
  0.14348485     -0.54845462     11.00110011    7.13574622E-0005    1.08823997E-0034      9.47000000
  0.14378788     -0.51947198     11.00110011    9.50553080E-0005    1.44964496E-0034      9.49000000
  0.14409091     -0.49929356     11.00110011    1.24082100E-0004    1.89231926E-0034      9.51000000
  0.14439394     -0.48187981     11.00110011    1.60944906E-0004    2.45449703E-0034      9.53000000
  0.14469697     -0.45561017     11.00110011    2.13059651E-0004    3.24927512E-0034      9.55000000
  0.14500000     -0.42253054     11.00110011    2.86506968E-0004    4.36938651E-0034      9.57000000
  0.14530303     -0.40432206     11.00110011    3.72304257E-0004    5.67784167E-0034      9.59000000
  0.14560606     -0.38155498     11.00110011    4.88899315E-0004    7.45597948E-0034      9.61000000
  0.14590909     -0.36369131     11.00110011    6.34800758E-0004    9.68105554E-0034      9.63000000
  0.14621212     -0.34296205     11.00110011    8.29699895E-0004    1.26533730E-0033      9.65000000
  0.14651515     -0.33364764     11.00110011    1.05630610E-0003    1.61092404E-0033      9.67000000
  0.14681818     -0.31071388     11.00110011    1.38764344E-0003    2.11623144E-0033      9.69000000
  0.14712121     -0.29110689     11.00110011    1.80900272E-0003    2.75882718E-0033      9.71000000
  0.14742424     -0.26542282     11.00110011    2.39153991E-0003    3.64722796E-0033      9.73000000
  0.14772727     -0.25787574     11.00110011    3.03234813E-0003    4.62449521E-0033      9.75000000
  0.14803030     -0.25266121     11.00110011    3.82426453E-0003    5.83221063E-0033      9.77000000
  0.14833333     -0.23407337     11.00110011    4.97382053E-0003    7.58534582E-0033      9.79000000
  0.14863636     -0.21656123     11.00110011    6.45292467E-0003    9.84105979E-0033      9.81000000
  0.14893939     -0.21263022     11.00110011    8.11412972E-0003    1.23744875E-0032      9.83000000
  0.14924242     -0.19785146     11.00110011    1.04610444E-0002    1.59536595E-0032      9.85000000
  0.14954545     -0.18994722     11.00110011    1.32749724E-0002    2.02450522E-0032      9.87000000
  0.14984848     -0.17491272     11.00110011    1.71246802E-0002    2.61160652E-0032      9.89000000
  0.15015152     -0.17151591     11.00110011    2.15066922E-0002    3.27988709E-0032      9.91000000
  0.15045455     -0.16358798     11.00110011    2.72932901E-0002    4.16237464E-0032      9.93000000
  0.15075758     -0.15597219     11.00110011    3.46119463E-0002    5.27850936E-0032      9.95000000
  0.15106061     -0.14542336     11.00110011    4.41905282E-0002    6.73929501E-0032      9.97000000
  0.15136364     -0.13167036     11.00110011    5.68377054E-0002    8.66805807E-0032      9.99000000
  0.15166667     -0.13077093     11.00110011    7.09725326E-0002    1.08236958E-0031     10.01000000
  0.15196970     -0.12849856     11.00110011    8.89031231E-0002    1.35582080E-0031     10.03000000
  0.15227273     -0.11949487     11.00110011    1.13103240E-0001    1.72488570E-0031     10.05000000
  0.15257576     -0.12090414     11.00110011    1.40481819E-0001    2.14242386E-0031     10.07000000
  0.15287879     -0.11523230     11.00110011    1.77356170E-0001    2.70477769E-0031     10.09000000
  0.15318182     -0.11070469     11.00110011    2.23320326E-0001    3.40575598E-0031     10.11000000
  0.15348485     -0.10640576     11.00110011    2.81048666E-0001    4.28614445E-0031     10.13000000
  0.15378788     -0.11122587     11.00110011    3.46350450E-0001    5.28203204E-0031     10.15000000
  0.15409091     -0.11538715     11.00110011    4.27473129E-0001    6.51919685E-0031     10.17000000
  0.15439394     -0.10975585     11.00110011    5.39627980E-0001    8.22961910E-0031     10.19000000
  0.15469697     -0.11557302     11.00110011    6.63485792E-0001    1.01185178E-0030     10.21000000
  0.15500000     -0.11263931     11.00110011    8.32376247E-0001    1.26941888E-0030     10.23000000
  0.15530303     -0.12005801     11.00110011    1.01965986E+0000    1.55503654E-0030     10.25000000
  0.15560606     -0.11886997     11.00110011    1.27408295E+0000    1.94304554E-0030     10.27000000
  0.15590909     -0.12763752     11.00110011    1.55591009E+0000    2.37284719E-0030     10.29000000
  0.15621212     -0.12607925     11.00110011    1.94579511E+0000    2.96744298E-0030     10.31000000
  0.15651515     -0.13105983     11.00110011    2.39701562E+0000    3.65557871E-0030     10.33000000
  0.15681818     -0.13337795     11.00110011    2.97103034E+0000    4.53098225E-0030     10.35000000
  0.15712121     -0.14922363     11.00110011    3.56956876E+0000    5.44378579E-0030     10.37000000
  0.15742424     -0.15353063     11.00110011    4.40416010E+0000    6.71658280E-0030     10.39000000
  0.15772727     -0.15648259     11.00110011    5.45086561E+0000    8.31286542E-0030     10.41000000
  0.15803030     -0.17084677     11.00110011    6.57136573E+0000    1.00216888E-0029     10.43000000
  0.15833333     -0.18254563     11.00110011    7.97096893E+0000    1.21561595E-0029     10.45000000
  0.15863636     -0.17905294     11.00110011    1.00128600E+0001    1.52701541E-0029     10.47000000
  0.15893939     -0.19138373     11.00110011    1.21277909E+0001    1.84955382E-0029     10.49000000
  0.15924242     -0.20769896     11.00110011    1.45552883E+0001    2.21976034E-0029     10.51000000
  0.15954545     -0.21624858     11.00110011    1.77838395E+0001    2.71213189E-0029     10.53000000
  0.15984848     -0.22676738     11.00110011    2.16302271E+0001    3.29872684E-0029     10.55000000
  0.16015152     -0.23952136     11.00110011    2.61734778E+0001    3.99159719E-0029     10.57000000
  0.16045455     -0.25045752     11.00110011    3.18038441E+0001    4.85025856E-0029     10.59000000
  0.16075758     -0.26176303     11.00110011    3.86125473E+0001    5.88862269E-0029     10.61000000
  0.16106061     -0.28173922     11.00110011    4.59522310E+0001    7.00796422E-0029     10.63000000
  0.16136364     -0.28874594     11.00110011    5.63448495E+0001    8.59289487E-0029     10.65000000
  0.16166667     -0.30795460     11.00110011    6.71737974E+0001    1.02443681E-0028     10.67000000
  0.16196970     -0.32513080     11.00110011    8.04596333E+0001    1.22705301E-0028     10.69000000
  0.16227273     -0.33007862     11.00110011    9.91253114E+0001    1.51171471E-0028     10.71000000
  0.16257576     -0.35087967     11.00110011    1.17743748E+0002    1.79565596E-0028     10.73000000
  0.16287879     -0.37638373     11.00110011    1.38352860E+0002    2.10995608E-0028     10.75000000
  0.16318182     -0.38292913     11.00110011    1.69823224E+0002    2.58989619E-0028     10.77000000
  0.16348485     -0.40036412     11.00110011    2.03290197E+0002    3.10028566E-0028     10.79000000
  0.16378788     -0.41450109     11.00110011    2.45207529E+0002    3.73954769E-0028     10.81000000
  0.16409091     -0.43276468     11.00110011    2.92970946E+0002    4.46796568E-0028     10.83000000
  0.16439394     -0.46079339     11.00110011    3.42255307E+0002    5.21957888E-0028     10.85000000
  0.16469697     -0.47381657     11.00110011    4.13886580E+0002    6.31199462E-0028     10.87000000
  0.16500000     -0.49518976     11.00110011    4.90978533E+0002    7.48768868E-0028     10.89000000
  0.16530303     -0.52104552     11.00110011    5.76449256E+0002    8.79116351E-0028     10.91000000
  0.16560606     -0.54352937     11.00110011    6.82074115E+0002    1.04019998E-0027     10.93000000
  0.16590909     -0.56979088     11.00110011    8.00063408E+0002    1.22014005E-0027     10.95000000
  0.16621212     -0.58249673     11.00110011    9.68217431E+0002    1.47658405E-0027     10.97000000
  0.16651515     -0.61933705     11.00110011    1.10837550E+0003    1.69033269E-0027     10.99000000
  0.16681818     -0.64091693     11.00110011    1.31419974E+0003    2.00422581E-0027     11.01000000
  0.16712121     -0.64446306     11.00110011    1.62431251E+0003    2.47716459E-0027     11.03000000
  0.16742424     -0.67146669     11.00110011    1.90204288E+0003    2.90071845E-0027     11.05000000
  0.16772727     -0.69883470     11.00110011    2.22539257E+0003    3.39384425E-0027     11.07000000
  0.16803030     -0.73225370     11.00110011    2.56768637E+0003    3.91586086E-0027     11.09000000
  0.16833333     -0.75528638     11.00110011    3.03433577E+0003    4.62752647E-0027     11.11000000
  0.16863636     -0.78987956     11.00110011    3.49160249E+0003    5.32488299E-0027     11.13000000
  0.16893939     -0.80039855     11.00110011    4.24678377E+0003    6.47657536E-0027     11.15000000
  0.16924242     -0.81256447     11.00110011    5.14574867E+0003    7.84754555E-0027     11.17000000
  0.16954545     -0.85497620     11.00110011    5.81555519E+0003    8.86903680E-0027     11.19000000
  0.16984848     -0.88307298     11.00110011    6.79279875E+0003    1.03593862E-0026     11.21000000
  0.17015152     -0.92996067     11.00110011    7.59828168E+0003    1.15877913E-0026     11.23000000
  0.17045455     -0.93524711     11.00110011    9.35369691E+0003    1.42648946E-0026     11.25000000
  0.17075758     -0.98093640     11.00110011    1.04917600E+0004    1.60005025E-0026     11.27000000
  0.17106061     -1.01643773     11.00110011    1.20476226E+0004    1.83732773E-0026     11.29000000
  0.17136364     -1.02164786     11.00110011    1.48335661E+0004    2.26219920E-0026     11.31000000
  0.17166667     -1.06189392     11.00110011    1.68482134E+0004    2.56944384E-0026     11.33000000
  0.17196970     -1.07807373     11.00110011    2.02268560E+0004    3.08470514E-0026     11.35000000
  0.17227273     -1.14063726     11.00110011    2.18232383E+0004    3.32816209E-0026     11.37000000
  0.17257576     -1.16807551     11.00110011    2.55290872E+0004    3.89332414E-0026     11.39000000
  0.17287879     -1.18337790     11.00110011    3.07105249E+0004    4.68352146E-0026     11.41000000
  0.17318182     -1.21297907     11.00110011    3.57470669E+0004    5.45162140E-0026     11.43000000
  0.17348485     -1.26700082     11.00110011    3.93344428E+0004    5.99871567E-0026     11.45000000
  0.17378788     -1.30363323     11.00110011    4.50500139E+0004    6.87037124E-0026     11.47000000
  0.17409091     -1.31231940     11.00110011    5.50253866E+0004    8.39166962E-0026     11.49000000
  0.17439394     -1.37853566     11.00110011    5.88709695E+0004    8.97814186E-0026     11.51000000
  0.17469697     -1.40126046     11.00110011    6.96194720E+0004    1.06173467E-0025     11.53000000
  0.17500000     -1.43677098     11.00110011    7.99419147E+0004    1.21915752E-0025     11.55000000
  0.17530303     -1.42777638     11.00110011    1.01700594E+0005    1.55098917E-0025     11.57000000
  0.17560606     -1.50480107     11.00110011    1.06133659E+0005    1.61859582E-0025     11.59000000
  0.17590909     -1.52262477     11.00110011    1.26935700E+0005    1.93583821E-0025     11.61000000
  0.17621212     -1.58641875     11.00110011    1.36566489E+0005    2.08271296E-0025     11.63000000
  0.17651515     -1.62370785     11.00110011    1.56174234E+0005    2.38174169E-0025     11.65000000
  0.17681818     -1.63688466     11.00110011    1.88793445E+0005    2.87920234E-0025     11.67000000
  0.17712121     -1.66013712     11.00110011    2.22991752E+0005    3.40074504E-0025     11.69000000
  0.17742424     -1.73071818     11.00110011    2.36190309E+0005    3.60203020E-0025     11.71000000
  0.17772727     -1.76804249     11.00110011    2.70079805E+0005    4.11886337E-0025     11.73000000
  0.17803030     -1.79681426     11.00110011    3.14973982E+0005    4.80352391E-0025     11.75000000
  0.17833333     -1.81503906     11.00110011    3.76360664E+0005    5.73970406E-0025     11.77000000
  0.17863636     -1.92975865     11.00110011    3.60113143E+0005    5.49192056E-0025     11.79000000
  0.17893939     -1.90426225     11.00110011    4.75871519E+0005    7.25729852E-0025     11.81000000
  0.17924242     -1.99035548     11.00110011    4.86352138E+0005    7.41713364E-0025     11.83000000
  0.17954545     -2.01915904     11.00110011    5.67154796E+0005    8.64941797E-0025     11.85000000
  0.17984848     -2.02164785     11.00110011    7.02695446E+0005    1.07164863E-0024     11.87000000
  0.18015152     -2.06907249     11.00110011    7.85049149E+0005    1.19724249E-0024     11.89000000
  0.18045455     -2.11918230     11.00110011    8.71648468E+0005    1.32931115E-0024     11.91000000
  0.18075758     -2.15498712     11.00110011    1.00020931E+0006    1.52537339E-0024     11.93000000
  0.18106061     -2.29371415     11.00110011    9.05562041E+0005    1.38103118E-0024     11.95000000
  0.18136364     -2.28447349     11.00110011    1.15269181E+0006    1.75791748E-0024     11.97000000
  0.18166667     -2.37010248     11.00110011    1.17933872E+0006    1.79855546E-0024     11.99000000
  0.18196970     -2.34838323     11.00110011    1.54494190E+0006    2.35612012E-0024     12.01000000
  0.18227273     -2.34311901     11.00110011    1.94863596E+0006    2.97177542E-0024     12.03000000
  0.18257576     -2.51400908     11.00110011    1.63830588E+0006    2.49850523E-0024     12.05000000
  0.18287879     -2.44265316     11.00110011    2.40605333E+0006    3.66936170E-0024     12.07000000
  0.18318182     -2.49134509     11.00110011    2.68020282E+0006    4.08745453E-0024     12.09000000
  0.18348485     -2.60898460     11.00110011    2.54731401E+0006    3.88479189E-0024     12.11000000
  0.18378788     -2.73071817     11.00110011    2.39829861E+0006    3.65753534E-0024     12.13000000
  0.18409091     -2.66013709     11.00110011    3.51591753E+0006    5.36196476E-0024     12.15000000
  0.18439394     -2.79979910     11.00110011    3.17636945E+0006    4.84413553E-0024     12.17000000
  0.18469697     -2.77083540     11.00110011    4.23105872E+0006    6.45259381E-0024     12.19000000
  0.18500000     -2.98344348     11.00110011    3.23143416E+0006    4.92811220E-0024     12.21000000
  0.18530303     -2.79979910     11.00110011    6.14602093E+0006    9.37301495E-0024     12.23000000
  0.18560606     -2.96116709     11.00110011    5.28178102E+0006    8.05500226E-0024     12.25000000
  0.18590909     -2.91977444     11.00110011    7.23981353E+0006    1.10411079E-0023     12.27000000
  0.18621212     -3.14825376     11.00110011    5.33092296E+0006    8.12994638E-0024     12.29000000
  0.18651515     -3.11606907     11.00110011    7.15387647E+0006    1.09100493E-0023     12.31000000
  0.18681818     -3.11606907     11.00110011    8.91447513E+0006    1.35950576E-0023     12.33000000
  0.18712121     -3.26219708     11.00110011    7.93454639E+0006    1.21006132E-0023     12.35000000
  0.18742424     -3.26219708     11.00110011    9.88727116E+0006    1.50786243E-0023     12.37000000
  0.18772727     -3.08610584     11.00110011    1.84808537E+0007    2.81843034E-0023     12.39000000
  0.18803030     -3.48404586     11.00110011    9.21162707E+0006    1.40482304E-0023     12.41000000
  0.18833333     -3.22080444     11.00110011    2.10441853E+0007    3.20935228E-0023     12.43000000
  0.18863636     -3.41709906     11.00110011    1.66875212E+0007    2.54493741E-0023     12.45000000
  0.18893939     -3.30795458     11.00110011    2.67356444E+0007    4.07733064E-0023     12.47000000
  0.18924242     -3.66013710     11.00110011    1.48068431E+0007    2.25812380E-0023     12.49000000
  0.18954545     -3.56322708     11.00110011    2.30635863E+0007    3.51732188E-0023     12.51000000
  0.18984848     -3.56322708     11.00110011    2.87396305E+0007    4.38294939E-0023     12.53000000
  0.19015152     -3.56322708     11.00110011    3.58125728E+0007    5.46161141E-0023     12.55000000
  0.19136364     -3.78507586     11.00110011    5.18088685E+0007    7.90113319E-0023     12.63000000
  0.19166667     -4.26219709     11.00110011    2.15197496E+0007    3.28187842E-0023     12.65000000
  0.19196970     -3.78507586     11.00110011    8.04475441E+0007    1.22686864E-0022     12.67000000
  0.19287879     -3.96116710     11.00110011    1.03773049E+0008    1.58259522E-0022     12.73000000
  0.19378788     -4.26219709     11.00110011    1.00396276E+0008    1.53109761E-0022     12.79000000
  0.19469697     -4.26219709     11.00110011    1.94258767E+0008    2.96255146E-0022     12.85000000
  0.19500000     -4.26219709     11.00110011    2.42066655E+0008    3.69164766E-0022     12.87000000
  0.19651515     -4.26219709     11.00110011    7.27288427E+0008    1.10915426E-0021     12.97000000
  0.19712121     -4.26219709     11.00110011    1.12931568E+0009    1.72226761E-0021     13.01000000
  0.19742424     -4.26219709     11.00110011    1.40724496E+0009    2.14612481E-0021     13.03000000
  0.19863636     -4.26219709     11.00110011    3.39302506E+0009    5.17454707E-0021     13.11000000
  0.20257576     -4.26219709     11.00110011    5.92643473E+0010    9.03813410E-0020     13.37000000
