  0.14318182     -4.23839338      5.49752611    8.49717812E-0012    1.29586571E-0041      9.45000000
  0.14378788     -4.23839338      5.49752611    1.05870882E-0011    1.61458832E-0041      9.49000000
  0.14409091     -4.23839338      5.49752611    1.18175497E-0011    1.80224036E-0041      9.51000000
  0.14560606     -4.23839338      5.49752611    2.04777371E-0011    3.12296587E-0041      9.61000000
  0.14590909     -3.93736339      5.49752611    4.57154357E-0011    6.97185167E-0041      9.63000000
  0.14621212     -3.93736339      5.49752611    5.10286136E-0011    7.78214007E-0041      9.65000000
  0.14651515     -3.93736339      5.49752611    5.69593040E-0011    8.68660250E-0041      9.67000000
  0.14681818     -4.23839338      5.49752611    3.17896381E-0011    4.84809206E-0041      9.69000000
  0.14712121     -3.93736339      5.49752611    7.09686402E-0011    1.08231022E-0040      9.71000000
  0.14742424     -3.93736339      5.49752611    7.92168172E-0011    1.20809939E-0040      9.73000000
  0.14772727     -3.63633339      5.49752611    1.76847241E-0010    2.69701626E-0040      9.75000000
  0.14803030     -4.23839338      5.49752611    4.93502326E-0011    7.52617788E-0041      9.77000000
  0.14833333     -3.46024213      5.49752611    3.30515141E-0010    5.04053499E-0040      9.79000000
  0.14863636     -3.76127213      5.49752611    1.84464275E-0010    2.81318014E-0040      9.81000000
  0.14893939     -3.53942340      5.49752611    3.43172044E-0010    5.23355962E-0040      9.83000000
  0.14924242     -3.63633339      5.49752611    3.06445194E-0010    4.67345527E-0040      9.85000000
  0.14954545     -3.53942340      5.49752611    4.27576385E-0010    6.52077157E-0040      9.87000000
  0.14984848     -3.46024213      5.49752611    5.72724662E-0010    8.73436144E-0040      9.89000000
  0.15015152     -3.63633339      5.49752611    4.26192233E-0010    6.49966249E-0040      9.91000000
  0.15045455     -3.53942340      5.49752611    5.94656851E-0010    9.06883921E-0040      9.93000000
  0.15075758     -3.46024213      5.49752611    7.96523512E-0010    1.21474152E-0039      9.95000000
  0.15106061     -3.19700073      5.49752611    1.63001241E-0009    2.48585725E-0039      9.97000000
  0.15136364     -3.15921214      5.49752611    1.98486240E-0009    3.02702272E-0039      9.99000000
  0.15166667     -3.15921214      5.49752611    2.21554875E-0009    3.37883190E-0039     10.01000000
  0.15196970     -3.00794447      5.49752611    3.50348195E-0009    5.34299982E-0039     10.03000000
  0.15227273     -2.89597073      5.49752611    5.06086236E-0009    7.71808933E-0039     10.05000000
  0.15257576     -3.00794447      5.49752611    4.36517536E-0009    6.65712896E-0039     10.07000000
  0.15287879     -2.77599540      5.49752611    8.31192593E-0009    1.26761374E-0038     10.09000000
  0.15318182     -2.87666554      5.49752611    7.35838372E-0009    1.12219339E-0038     10.11000000
  0.15348485     -2.87666554      5.49752611    8.21359598E-0009    1.25261789E-0038     10.13000000
  0.15378788     -2.70691447      5.49752611    1.35529960E-0008    2.06690533E-0038     10.15000000
  0.15409091     -2.67019165      5.49752611    1.64630023E-0008    2.51069706E-0038     10.17000000
  0.15439394     -2.65860980      5.49752611    1.88730369E-0008    2.87824040E-0038     10.19000000
  0.15469697     -2.49020537      5.49752611    3.10453905E-0008    4.73459028E-0038     10.21000000
  0.15500000     -2.65860980      5.49752611    2.35149251E-0008    3.58615350E-0038     10.23000000
  0.15530303     -2.47496541      5.49752611    4.00625788E-0008    6.10976035E-0038     10.25000000
  0.15560606     -2.54819732      5.49752611    3.77796466E-0008    5.76160082E-0038     10.27000000
  0.15590909     -2.39954429      5.49752611    5.93829587E-0008    9.05622297E-0038     10.29000000
  0.15621212     -2.33530342      5.49752611    7.68517226E-0008    1.17203041E-0037     10.31000000
  0.15651515     -2.27460555      5.49752611    9.86512014E-0008    1.50448428E-0037     10.33000000
  0.15681818     -2.23407201      5.49752611    1.20889012E-0007    1.84362294E-0037     10.35000000
  0.15712121     -2.21720409      5.49752611    1.40283197E-0007    2.13939477E-0037     10.37000000
  0.15742424     -2.18531495      5.49752611    1.68517767E-0007    2.56998727E-0037     10.39000000
  0.15772727     -2.05941644      5.49752611    2.51359391E-0007    3.83336691E-0037     10.41000000
  0.15803030     -2.10485448      5.49752611    2.52701590E-0007    3.85383617E-0037     10.43000000
  0.15833333     -1.99288075      5.49752611    3.65033410E-0007    5.56695730E-0037     10.45000000
  0.15863636     -2.00286494      5.49752611    3.98198227E-0007    6.07273873E-0037     10.47000000
  0.15893939     -1.95963979      5.49752611    4.90993090E-0007    7.48791068E-0037     10.49000000
  0.15924242     -1.84745828      5.49752611    7.09590507E-0007    1.08216397E-0036     10.51000000
  0.15954545     -1.93519734      5.49752611    6.47171877E-0007    9.86972181E-0037     10.53000000
  0.15984848     -1.86732554      5.49752611    8.44583011E-0007    1.28803486E-0036     10.55000000
  0.16015152     -1.75695076      5.49752611    1.21553657E-0006    1.85375913E-0036     10.57000000
  0.16045455     -1.77900091      5.49752611    1.28964087E-0006    1.96677221E-0036     10.59000000
  0.16075758     -1.75695076      5.49752611    1.51450195E-0006    2.30969755E-0036     10.61000000
  0.16106061     -1.67136702      5.49752611    2.05875414E-0006    3.13971163E-0036     10.63000000
  0.16136364     -1.62879899      5.49752611    2.53468165E-0006    3.86552686E-0036     10.65000000
  0.16166667     -1.62986736      5.49752611    2.82231807E-0006    4.30418799E-0036     10.67000000
  0.16196970     -1.56814754      5.49752611    3.63142166E-0006    5.53811480E-0036     10.69000000
  0.16227273     -1.53855568      5.49752611    4.33929769E-0006    6.61766411E-0036     10.71000000
  0.16257576     -1.49724177      5.49752611    5.32701914E-0006    8.12399284E-0036     10.73000000
  0.16287879     -1.46975530      5.49752611    6.33463563E-0006    9.66066259E-0036     10.75000000
  0.16318182     -1.44951827      5.49752611    7.40814667E-0006    1.12978251E-0035     10.77000000
  0.16348485     -1.38897397      5.49752611    9.50615248E-0006    1.44973976E-0035     10.79000000
  0.16378788     -1.37745676      5.49752611    1.08961455E-0005    1.66172123E-0035     10.81000000
  0.16409091     -1.33367785      5.49752611    1.34524908E-0005    2.05157775E-0035     10.83000000
  0.16439394     -1.28463372      5.49752611    1.68111625E-0005    2.56379338E-0035     10.85000000
  0.16469697     -1.27792261      5.49752611    1.90572292E-0005    2.90633072E-0035     10.87000000
  0.16500000     -1.25975643      5.49752611    2.21807812E-0005    3.38268933E-0035     10.89000000
  0.16530303     -1.20698494      5.49752611    2.79575579E-0005    4.26367907E-0035     10.91000000
  0.16560606     -1.18917540      5.49752611    3.25131979E-0005    4.95843886E-0035     10.93000000
  0.16590909     -1.17206745      5.49752611    3.77501373E-0005    5.75710049E-0035     10.95000000
  0.16621212     -1.09133573      5.49752611    5.07459235E-0005    7.73902831E-0035     10.97000000
  0.16651515     -1.07942814      5.49752611    5.82183187E-0005    8.87860907E-0035     10.99000000
  0.16681818     -1.06317159      5.49752611    6.74632279E-0005    1.02885078E-0034     11.01000000
  0.16712121     -1.02861037      5.49752611    8.15416011E-0005    1.24355360E-0034     11.03000000
  0.16742424     -1.01907087      5.49752611    9.30399871E-0005    1.41891022E-0034     11.05000000
  0.16772727     -0.98384533      5.49752611    1.12627927E-0004    1.71763691E-0034     11.07000000
  0.16803030     -0.94392716      5.49752611    1.37820925E-0004    2.10184379E-0034     11.09000000
  0.16833333     -0.94547311      5.49752611    1.53292222E-0004    2.33778946E-0034     11.11000000
  0.16863636     -0.92494803      5.49752611    1.79389123E-0004    2.73578134E-0034     11.13000000
  0.16893939     -0.89125862      5.49752611    2.16389620E-0004    3.30005895E-0034     11.15000000
  0.16924242     -0.84816502      5.49752611    2.66735564E-0004    4.06786189E-0034     11.17000000
  0.16954545     -0.85046995      5.49752611    2.96160342E-0004    4.51660570E-0034     11.19000000
  0.16984848     -0.81596773      5.49752611    3.57915102E-0004    5.45839924E-0034     11.21000000
  0.17015152     -0.77779621      5.49752611    4.36216858E-0004    6.65254346E-0034     11.23000000
  0.17045455     -0.77945353      5.49752611    4.85060638E-0004    7.39743757E-0034     11.25000000
  0.17075758     -0.74104903      5.49752611    5.91495495E-0004    9.02062681E-0034     11.27000000
  0.17106061     -0.72331471      5.49752611    6.87759612E-0004    1.04887068E-0033     11.29000000
  0.17136364     -0.69793879      5.49752611    8.13885828E-0004    1.24121999E-0033     11.31000000
  0.17166667     -0.68877716      5.49752611    9.27846265E-0004    1.41501583E-0033     11.33000000
  0.17196970     -0.66831770      5.49752611    1.08564138E-0003    1.65566194E-0033     11.35000000
  0.17227273     -0.63449155      5.49752611    1.30997631E-0003    1.99778485E-0033     11.37000000
  0.17257576     -0.61617937      5.49752611    1.52519907E-0003    2.32601123E-0033     11.39000000
  0.17287879     -0.60837254      5.49752611    1.73334204E-0003    2.64344053E-0033     11.41000000
  0.17318182     -0.58915593      5.49752611    2.02232885E-0003    3.08416108E-0033     11.43000000
  0.17348485     -0.58479500      5.49752611    2.28015103E-0003    3.47735388E-0033     11.45000000
  0.17378788     -0.56115154      5.49752611    2.68755884E-0003    4.09867285E-0033     11.47000000
  0.17409091     -0.53381393      5.49752611    3.19482077E-0003    4.87227480E-0033     11.49000000
  0.17439394     -0.51543060      5.49752611    3.72032375E-0003    5.67369532E-0033     11.51000000
  0.17469697     -0.49370935      5.49752611    4.36568989E-0003    6.65791365E-0033     11.53000000
  0.17500000     -0.49394396      5.49752611    4.87045106E-0003    7.42770178E-0033     11.55000000
  0.17530303     -0.46894223      5.49752611    5.75866496E-0003    8.78227611E-0033     11.57000000
  0.17560606     -0.46140180      5.49752611    6.54053315E-0003    9.97466746E-0033     11.59000000
  0.17590909     -0.44251338      5.49752611    7.62522178E-0003    1.16288764E-0032     11.61000000
  0.17621212     -0.43445856      5.49752611    8.67078071E-0003    1.32234104E-0032     11.63000000
  0.17651515     -0.42122482      5.49752611    9.97798510E-0003    1.52169680E-0032     11.65000000
  0.17681818     -0.40973350      5.49752611    1.14362878E-0002    1.74409586E-0032     11.67000000
  0.17712121     -0.39722171      5.49752611    1.31385599E-0002    2.00370158E-0032     11.69000000
  0.17742424     -0.38560851      5.49752611    1.50630136E-0002    2.29719119E-0032     11.71000000
  0.17772727     -0.37246073      5.49752611    1.73304784E-0002    2.64299187E-0032     11.73000000
  0.17803030     -0.36402756      5.49752611    1.97239836E-0002    3.00801437E-0032     11.75000000
  0.17833333     -0.34529773      5.49752611    2.29866333E-0002    3.50558613E-0032     11.77000000
  0.17863636     -0.33454407      5.49752611    2.63014647E-0002    4.01111588E-0032     11.79000000
  0.17893939     -0.33617287      5.49752611    2.92483950E-0002    4.46053873E-0032     11.81000000
  0.17924242     -0.33076710      5.49752611    3.30566405E-0002    5.04131680E-0032     11.83000000
  0.17954545     -0.30805575      5.49752611    3.88795268E-0002    5.92933851E-0032     11.85000000
  0.17984848     -0.30887230      5.49752611    4.33166956E-0002    6.60603080E-0032     11.87000000
  0.18015152     -0.29095967      5.49752611    5.03870419E-0002    7.68429692E-0032     11.89000000
  0.18045455     -0.28386144      5.49752611    5.71699739E-0002    8.71873080E-0032     11.91000000
  0.18075758     -0.28686162      5.49752611    6.33751085E-0002    9.66504745E-0032     11.93000000
  0.18106061     -0.27897039      5.49752611    7.20378682E-0002    1.09861653E-0031     11.95000000
  0.18136364     -0.26753533      5.49752611    8.25556533E-0002    1.25901845E-0031     11.97000000
  0.18166667     -0.25907270      5.49752611    9.39637538E-0002    1.43299816E-0031     11.99000000
  0.18196970     -0.25463181      5.49752611    1.05962487E-0001    1.61598535E-0031     12.01000000
  0.18227273     -0.25521834      5.49752611    1.18118118E-0001    1.80136530E-0031     12.03000000
  0.18257576     -0.24632612      5.49752611    1.34573531E-0001    2.05231927E-0031     12.05000000
  0.18287879     -0.23948047      5.49752611    1.52600586E-0001    2.32724162E-0031     12.07000000
  0.18318182     -0.23338460      5.49752611    1.72744005E-0001    2.63443967E-0031     12.09000000
  0.18348485     -0.23570909      5.49752611    1.91791517E-0001    2.92492457E-0031     12.11000000
  0.18378788     -0.23696258      5.49752611    2.13465064E-0001    3.25545789E-0031     12.13000000
  0.18409091     -0.22665385      5.49752611    2.43998098E-0001    3.72110321E-0031     12.15000000
  0.18439394     -0.22682297      5.49752611    2.72250214E-0001    4.15196329E-0031     12.17000000
  0.18469697     -0.22215421      5.49752611    3.07176435E-0001    4.68460709E-0031     12.19000000
  0.18500000     -0.22576703      5.49752611    3.40036850E-0001    5.18574622E-0031     12.21000000
  0.18530303     -0.22102612      5.49752611    3.83722965E-0001    5.85198315E-0031     12.23000000
  0.18560606     -0.22686526      5.49752611    4.22600066E-0001    6.44488000E-0031     12.25000000
  0.18590909     -0.22065074      5.49752611    4.78514366E-0001    7.29760337E-0031     12.27000000
  0.18621212     -0.21092146      5.49752611    5.46229527E-0001    8.33029627E-0031     12.29000000
  0.18651515     -0.21259617      5.49752611    6.07367236E-0001    9.26267946E-0031     12.31000000
  0.18681818     -0.22703446      5.49752611    6.55788780E-0001    1.00011342E-0030     12.33000000
  0.18712121     -0.22711908      5.49752611    7.31863794E-0001    1.11613194E-0030     12.35000000
  0.18742424     -0.22194508      5.49752611    8.26713764E-0001    1.26078329E-0030     12.37000000
  0.18772727     -0.22349500      5.49752611    9.19509354E-0001    1.40230159E-0030     12.39000000
  0.18803030     -0.23553648      5.49752611    9.98310373E-0001    1.52247741E-0030     12.41000000
  0.18833333     -0.24267048      5.49752611    1.09618154E+0000    1.67173625E-0030     12.43000000
  0.18863636     -0.24328494      5.49752611    1.22185291E+0000    1.86339190E-0030     12.45000000
  0.18893939     -0.24214449      5.49752611    1.36744631E+0000    2.08542972E-0030     12.47000000
  0.18924242     -0.24469270      5.49752611    1.51744509E+0000    2.31418599E-0030     12.49000000
  0.18954545     -0.25440645      5.49752611    1.65634245E+0000    2.52601199E-0030     12.51000000
  0.18984848     -0.25807181      5.49752611    1.83330903E+0000    2.79589562E-0030     12.53000000
  0.19015152     -0.25530864      5.49752611    2.05944289E+0000    3.14076200E-0030     12.55000000
  0.19045455     -0.26025854      5.49752611    2.27274527E+0000    3.46605970E-0030     12.57000000
  0.19075758     -0.27583465      5.49752611    2.44751611E+0000    3.73259469E-0030     12.59000000
  0.19106061     -0.27901808      5.49752611    2.71202092E+0000    4.13597886E-0030     12.61000000
  0.19136364     -0.28227301      5.49752611    3.00461625E+0000    4.58220259E-0030     12.63000000
  0.19166667     -0.29336817      5.49752611    3.26922454E+0000    4.98574458E-0030     12.65000000
  0.19196970     -0.29802635      5.49752611    3.61025168E+0000    5.50582944E-0030     12.67000000
  0.19227273     -0.30384444      5.49752611    3.97621900E+0000    6.06394944E-0030     12.69000000
  0.19257576     -0.30836179      5.49752611    4.39241984E+0000    6.69867827E-0030     12.71000000
  0.19287879     -0.32109801      5.49752611    4.76122314E+0000    7.26112328E-0030     12.73000000
  0.19318182     -0.33378602      5.49752611    5.16156532E+0000    7.87166680E-0030     12.75000000
  0.19348485     -0.33895595      5.49752611    5.69327812E+0000    8.68255763E-0030     12.77000000
  0.19378788     -0.34965244      5.49752611    6.20035879E+0000    9.45588312E-0030     12.79000000
  0.19409091     -0.35581193      5.49752611    6.82351622E+0000    1.04062320E-0029     12.81000000
  0.19439394     -0.37644103      5.49752611    7.26323396E+0000    1.10768254E-0029     12.83000000
  0.19469697     -0.37961565      5.49752611    8.04834012E+0000    1.22741548E-0029     12.85000000
  0.19500000     -0.39230382      5.49752611    8.72507270E+0000    1.33062086E-0029     12.87000000
  0.19530303     -0.40844670      5.49752611    9.38376403E+0000    1.43107486E-0029     12.89000000
  0.19560606     -0.42755623      5.49752611    1.00234784E+0001    1.52863476E-0029     12.91000000
  0.19590909     -0.43255284      5.49752611    1.10604490E+0001    1.68677840E-0029     12.93000000
  0.19621212     -0.44614184      5.49752611    1.19656050E+0001    1.82481960E-0029     12.95000000
  0.19651515     -0.44761580      5.49752611    1.33110283E+0001    2.03000394E-0029     12.97000000
  0.19681818     -0.46857312      5.49752611    1.41581069E+0001    2.15918803E-0029     12.99000000
  0.19712121     -0.47019944      5.49752611    1.57445325E+0001    2.40112652E-0029     13.01000000
  0.19742424     -0.49378754      5.49752611    1.66453365E+0001    2.53850401E-0029     13.03000000
  0.19772727     -0.51199222      5.49752611    1.78171732E+0001    2.71721546E-0029     13.05000000
  0.19803030     -0.52397980      5.49752611    1.93464875E+0001    2.95044418E-0029     13.07000000
  0.19833333     -0.53699813      5.49752611    2.09572697E+0001    3.19609719E-0029     13.09000000
  0.19863636     -0.55489606      5.49752611    2.24485182E+0001    3.42352066E-0029     13.11000000
  0.19893939     -0.56179121      5.49752611    2.46628597E+0001    3.76121974E-0029     13.13000000
  0.19924242     -0.57497518      5.49752611    2.67060936E+0001    4.07282398E-0029     13.15000000
  0.19954545     -0.59454606      5.49752611    2.84964259E+0001    4.34585937E-0029     13.17000000
  0.19984848     -0.62518604      5.49752611    2.96415782E+0001    4.52050129E-0029     13.19000000
  0.20015152     -0.62890570      5.49752611    3.28044350E+0001    5.00285409E-0029     13.21000000
  0.20045455     -0.64944976      5.49752611    3.49252407E+0001    5.32628845E-0029     13.23000000
  0.20075758     -0.68136766      5.49752611    3.62219989E+0001    5.52405110E-0029     13.25000000
  0.20106061     -0.68951283      5.49752611    3.96805923E+0001    6.05150535E-0029     13.27000000
  0.20136364     -0.70947670      5.49752611    4.23024173E+0001    6.45134785E-0029     13.29000000
  0.20166667     -0.73351493      5.49752611    4.46763684E+0001    6.81338827E-0029     13.31000000
  0.20196970     -0.74507478      5.49752611    4.85589088E+0001    7.40549672E-0029     13.33000000
  0.20227273     -0.75795527      5.49752611    5.26186055E+0001    8.02462246E-0029     13.35000000
  0.20257576     -0.77960451      5.49752611    5.58780183E+0001    8.52170057E-0029     13.37000000
  0.20287879     -0.80912574      5.49752611    5.82734417E+0001    8.88701562E-0029     13.39000000
  0.20318182     -0.82058966      5.49752611    6.33516105E+0001    9.66146388E-0029     13.41000000
  0.20348485     -0.84745828      5.49752611    6.64721830E+0001    1.01373681E-0028     13.43000000
  0.20378788     -0.85225129      5.49752611    7.33834006E+0001    1.11913662E-0028     13.45000000
  0.20409091     -0.88275035      5.49752611    7.63571446E+0001    1.16448783E-0028     13.47000000
  0.20439394     -0.89636573      5.49752611    8.26009813E+0001    1.25970972E-0028     13.49000000
  0.20469697     -0.93627903      5.49752611    8.41051926E+0001    1.28264976E-0028     13.51000000
  0.20500000     -0.94947378      5.49752611    9.10707618E+0001    1.38887847E-0028     13.53000000
  0.20530303     -0.98432895      5.49752611    9.38155223E+0001    1.43073755E-0028     13.55000000
  0.20560606     -0.97736855      5.49752611    1.06410873E+0002    1.62282347E-0028     13.57000000
  0.20590909     -1.01308410      5.49752611    1.09401017E+0002    1.66842479E-0028     13.59000000
  0.20621212     -1.03129787      5.49752611    1.17100433E+0002    1.78584505E-0028     13.61000000
  0.20651515     -1.08855868      5.49752611    1.14564110E+0002    1.74716476E-0028     13.63000000
  0.20681818     -1.06930703      5.49752611    1.33675294E+0002    2.03862067E-0028     13.65000000
  0.20712121     -1.10389755      5.49752611    1.37788043E+0002    2.10134232E-0028     13.67000000
  0.20742424     -1.10902582      5.49752611    1.51996703E+0002    2.31803208E-0028     13.69000000
  0.20772727     -1.16724812      5.49752611    1.48375698E+0002    2.26280979E-0028     13.71000000
  0.20803030     -1.18378035      5.49752611    1.59434186E+0002    2.43145774E-0028     13.73000000
  0.20833333     -1.22682295      5.49752611    1.61172059E+0002    2.45796124E-0028     13.75000000
  0.20863636     -1.22387284      5.49752611    1.81130157E+0002    2.76233304E-0028     13.77000000
  0.20893939     -1.23839340      5.49752611    1.95533471E+0002    2.98199139E-0028     13.79000000
  0.20924242     -1.28174482      5.49752611    1.97524332E+0002    3.01235309E-0028     13.81000000
  0.20954545     -1.29588929      5.49752611    2.13416026E+0002    3.25471003E-0028     13.83000000
  0.20984848     -1.36507278      5.49752611    2.03139532E+0002    3.09798794E-0028     13.85000000
  0.21015152     -1.35416464      5.49752611    2.32516346E+0002    3.54600027E-0028     13.87000000
  0.21045455     -1.39329536      5.49752611    2.37177606E+0002    3.61708700E-0028     13.89000000
  0.21075758     -1.40716370      5.49752611    2.56422568E+0002    3.91058311E-0028     13.91000000
  0.21106061     -1.44881268      5.49752611    2.60050786E+0002    3.96591539E-0028     13.93000000
  0.21136364     -1.45164200      5.49752611    2.88389708E+0002    4.39809931E-0028     13.95000000
  0.21166667     -1.51411753      5.49752611    2.78775839E+0002    4.25148260E-0028     13.97000000
  0.21196970     -1.50199689      5.49752611    3.19982827E+0002    4.87991150E-0028     13.99000000
  0.21227273     -1.54819732      5.49752611    3.21127239E+0002    4.89736440E-0028     14.01000000
  0.21257576     -1.58038201      5.49752611    3.32846014E+0002    5.07608207E-0028     14.03000000
  0.21287879     -1.61308095      5.49752611    3.44584178E+0002    5.25509543E-0028     14.05000000
  0.21318182     -1.64400086      5.49752611    3.58200612E+0002    5.46275344E-0028     14.07000000
  0.21348485     -1.64844378      5.49752611    3.95762197E+0002    6.03558795E-0028     14.09000000
  0.21378788     -1.71725529      5.49752611    3.77028084E+0002    5.74988258E-0028     14.11000000
  0.21409091     -1.77301053      5.49752611    3.70142851E+0002    5.64487905E-0028     14.13000000
  0.21439394     -1.75695076      5.49752611    4.28726216E+0002    6.53830711E-0028     14.15000000
  0.21469697     -1.78660696      5.49752611    4.46966267E+0002    6.81647777E-0028     14.17000000
  0.21500000     -1.78968706      5.49752611    4.95388085E+0002    7.55493673E-0028     14.19000000
  0.21530303     -1.90393964      5.49752611    4.25053773E+0002    6.48230036E-0028     14.21000000
  0.21560606     -1.89400112      5.49752611    4.85437480E+0002    7.40318461E-0028     14.23000000
  0.21590909     -1.89993689      5.49752611    5.34500893E+0002    8.15142825E-0028     14.25000000
  0.21621212     -1.96888046      5.49752611    5.09044525E+0002    7.76320485E-0028     14.27000000
  0.21651515     -1.95509215      5.49752611    5.86536422E+0002    8.94499826E-0028     14.29000000
  0.21681818     -2.03156750      5.49752611    5.48997722E+0002    8.37251275E-0028     14.31000000
  0.21712121     -2.03427342      5.49752611    6.08997525E+0002    9.28754225E-0028     14.33000000
  0.21742424     -2.04526878      5.49752611    6.62782562E+0002    1.01077932E-0027     14.35000000
  0.21772727     -2.08610506      5.49752611    6.73419516E+0002    1.02700125E-0027     14.37000000
  0.21803030     -2.12112210      5.49752611    6.93457051E+0002    1.05755958E-0027     14.39000000
  0.21833333     -2.12780369      5.49752611    7.62234982E+0002    1.16244965E-0027     14.41000000
  0.21863636     -2.19307043      5.49752611    7.32104453E+0002    1.11649896E-0027     14.43000000
  0.21893939     -2.15921216      5.49752611    8.83450502E+0002    1.34730989E-0027     14.45000000
  0.21924242     -2.25162168      5.49752611    7.97119822E+0002    1.21565092E-0027     14.47000000
  0.21954545     -2.26991046      5.49752611    8.53072087E+0002    1.30098116E-0027     14.49000000
  0.21984848     -2.23839339      5.49752611    1.02389096E+0003    1.56148919E-0027     14.51000000
  0.22015152     -2.42548004      5.49752611    7.42878791E+0002    1.13293041E-0027     14.53000000
  0.22045455     -2.39954429      5.49752611    8.80247132E+0002    1.34242457E-0027     14.55000000
  0.22075758     -2.49020537      5.49752611    7.97433432E+0002    1.21612919E-0027     14.57000000
  0.22106061     -2.49803069      5.49752611    8.74218564E+0002    1.33323068E-0027     14.59000000
  0.22136364     -2.49020537      5.49752611    9.93564921E+0002    1.51524034E-0027     14.61000000
  0.22166667     -2.46754138      5.49752611    1.16845274E+0003    1.78195374E-0027     14.63000000
  0.22196970     -2.53942338      5.49752611    1.10529969E+0003    1.68564192E-0027     14.65000000
  0.22227273     -2.57563555      5.49752611    1.13505992E+0003    1.73102789E-0027     14.67000000
  0.22257576     -2.61514412      5.49752611    1.15680757E+0003    1.76419423E-0027     14.69000000
  0.22287879     -2.80702963      5.49752611    8.30092549E+0002    1.26593612E-0027     14.71000000
  0.22318182     -2.79123537      5.49752611    9.60885599E+0002    1.46540261E-0027     14.73000000
  0.22348485     -2.71987945      5.49752611    1.26409150E+0003    1.92780803E-0027     14.75000000
  0.22378788     -2.70691447      5.49752611    1.45376561E+0003    2.21707132E-0027     14.77000000
  0.22409091     -2.87666554      5.49752611    1.09772669E+0003    1.67409269E-0027     14.79000000
  0.22439394     -3.00794447      5.49752611    9.05662122E+0002    1.38118381E-0027     14.81000000
  0.22469697     -2.67019165      5.49752611    2.20023935E+0003    3.35548423E-0027     14.83000000
  0.22500000     -2.82342004      5.49752611    1.72580785E+0003    2.63195048E-0027     14.85000000
  0.22530303     -2.98312089      5.49752611    1.33365193E+0003    2.03389146E-0027     14.87000000
  0.22560606     -3.19700073      5.49752611    9.09732196E+0002    1.38739089E-0027     14.89000000
  0.22590909     -3.23839341      5.49752611    9.23148977E+0002    1.40785221E-0027     14.91000000
  0.22621212     -3.00794447      5.49752611    1.75174802E+0003    2.67151065E-0027     14.93000000
  0.22651515     -3.15921214      5.49752611    1.38024083E+0003    2.10494206E-0027     14.95000000
  0.22681818     -3.33530340      5.49752611    1.02710423E+0003    1.56638960E-0027     14.97000000
  0.22712121     -2.98312089      5.49752611    2.57957363E+0003    3.93398956E-0027     14.99000000
  0.22742424     -3.33530340      5.49752611    1.27972404E+0003    1.95164850E-0027     15.01000000
  0.22772727     -3.12445004      5.49752611    2.32124291E+0003    3.54002121E-0027     15.03000000
  0.22803030     -3.63633339      5.49752611    7.97238277E+0002    1.21583157E-0027     15.05000000
  0.22833333     -3.76127213      5.49752611    6.67421681E+0002    1.01785423E-0027     15.07000000
  0.22863636     -3.39329536      5.49752611    1.73831303E+0003    2.65102156E-0027     15.09000000
  0.22893939     -3.46024213      5.49752611    1.66315267E+0003    2.53639794E-0027     15.11000000
  0.22924242     -3.76127213      5.49752611    9.28224497E+0002    1.41559266E-0027     15.13000000
  0.22954545     -3.63633339      5.49752611    1.38147385E+0003    2.10682247E-0027     15.15000000
  0.22984848     -3.63633339      5.49752611    1.54203266E+0003    2.35168337E-0027     15.17000000
  0.23015152     -3.93736339      5.49752611    8.60626039E+0002    1.31250134E-0027     15.19000000
  0.23045455     -3.76127213      5.49752611    1.44097566E+0003    2.19756597E-0027     15.21000000
  0.23075758     -3.63633339      5.49752611    2.14459993E+0003    3.27063110E-0027     15.23000000
  0.23106061     -4.23839338      5.49752611    5.98462857E+0002    9.12688286E-0028     15.25000000
  0.23136364     -3.93736339      5.49752611    1.33603582E+0003    2.03752702E-0027     15.27000000
  0.23166667     -3.63633339      5.49752611    2.98262740E+0003    4.54866840E-0027     15.29000000
  0.23196970     -3.93736339      5.49752611    1.66463841E+0003    2.53866378E-0027     15.31000000
  0.23227273     -3.93736339      5.49752611    1.85810742E+0003    2.83371450E-0027     15.33000000
  0.23257576     -4.23839338      5.49752611    1.03703097E+0003    1.58152843E-0027     15.35000000
  0.23287879     -4.23839338      5.49752611    1.15755766E+0003    1.76533815E-0027     15.37000000
  0.23318182     -3.93736339      5.49752611    2.58418459E+0003    3.94102153E-0027     15.39000000
  0.23348485     -3.93736339      5.49752611    2.88452587E+0003    4.39905825E-0027     15.41000000
  0.23378788     -3.93736339      5.49752611    3.21977366E+0003    4.91032930E-0027     15.43000000
  0.23409091     -4.23839338      5.49752611    1.79699245E+0003    2.74051086E-0027     15.45000000
  0.23439394     -3.93736339      5.49752611    4.01168804E+0003    6.11804164E-0027     15.47000000
  0.23469697     -4.23839338      5.49752611    2.23896891E+0003    3.41454891E-0027     15.49000000
  0.23500000     -4.23839338      5.49752611    2.49918824E+0003    3.81139748E-0027     15.51000000
  0.23590909     -4.23839338      5.49752611    3.47577522E+0003    5.30074556E-0027     15.57000000
  0.23651515     -4.23839338      5.49752611    4.33065407E+0003    6.60448211E-0027     15.61000000
  0.23742424     -3.93736339      5.49752611    1.20458154E+0004    1.83705213E-0026     15.67000000
