  0.11681818     -4.24995226     16.00000000    2.87911071E-0015    4.39079985E-0045      7.71000000
  0.11742424     -3.94892226     16.00000000    1.09203568E-0014    1.66541359E-0044      7.75000000
  0.11803030     -4.24995226     16.00000000    1.03551240E-0014    1.57921252E-0044      7.79000000
  0.11833333     -3.77283100     16.00000000    4.27809861E-0014    6.52433220E-0044      7.81000000
  0.11863636     -3.77283100     16.00000000    5.89148838E-0014    8.98483902E-0044      7.83000000
  0.11893939     -3.77283100     16.00000000    8.11333222E-0014    1.23732713E-0043      7.85000000
  0.11924242     -3.77283100     16.00000000    1.11730951E-0013    1.70395754E-0043      7.87000000
  0.11954545     -3.17077101     16.00000000    6.15471177E-0013    9.38626895E-0043      7.89000000
  0.11984848     -3.17077101     16.00000000    8.47582446E-0013    1.29260916E-0042      7.91000000
  0.12015152     -2.92773297     16.00000000    2.04265128E-0012    3.11515389E-0042      7.93000000
  0.12045455     -2.92773297     16.00000000    2.81299180E-0012    4.28996491E-0042      7.95000000
  0.12075758     -2.71847335     16.00000000    6.27194615E-0012    9.56505773E-0042      7.97000000
  0.12106061     -2.63716839     16.00000000    1.04155332E-0011    1.58842526E-0041      7.99000000
  0.12136364     -2.48652427     16.00000000    2.02908326E-0011    3.09446192E-0041      8.01000000
  0.12166667     -2.48652427     16.00000000    2.79430690E-0011    4.26146943E-0041      8.03000000
  0.12196970     -2.36346153     16.00000000    5.10870789E-0011    7.79105635E-0041      8.05000000
  0.12227273     -2.20855958     16.00000000    1.00504906E-0010    1.53275427E-0040      8.07000000
  0.12257576     -2.15653058     16.00000000    1.56023670E-0010    2.37944551E-0040      8.09000000
  0.12287879     -2.04043727     16.00000000    2.80710098E-0010    4.28098110E-0040      8.11000000
  0.12318182     -1.89392641     16.00000000    5.41680415E-0010    8.26091985E-0040      8.13000000
  0.12348485     -1.86078619     16.00000000    8.05114380E-0010    1.22784306E-0039      8.15000000
  0.12378788     -1.80747249     16.00000000    1.25356113E-0009    1.91174865E-0039      8.17000000
  0.12409091     -1.68292590     16.00000000    2.29967438E-0009    3.50712804E-0039      8.19000000
  0.12439394     -1.62258642     16.00000000    3.63898326E-0009    5.54964666E-0039      8.21000000
  0.12469697     -1.53814504     16.00000000    6.08689309E-0009    9.28284179E-0039      8.23000000
  0.12500000     -1.45130164     16.00000000    1.02379571E-0008    1.56134393E-0038      8.25000000
  0.12530303     -1.38544121     16.00000000    1.64077101E-0008    2.50226469E-0038      8.27000000
  0.12560606     -1.33297221     16.00000000    2.54971248E-0008    3.88844969E-0038      8.29000000
  0.12590909     -1.23042059     16.00000000    4.44648731E-0008    6.78113410E-0038      8.31000000
  0.12621212     -1.17660058     16.00000000    6.93124581E-0008    1.05705254E-0037      8.33000000
  0.12651515     -1.10568950     16.00000000    1.12381963E-0007    1.71388583E-0037      8.35000000
  0.12681818     -1.03563838     16.00000000    1.81853628E-0007    2.77336637E-0037      8.37000000
  0.12712121     -0.98137429     16.00000000    2.83765960E-0007    4.32758465E-0037      8.39000000
  0.12742424     -0.91933561     16.00000000    4.50788901E-0007    6.87477500E-0037      8.41000000
  0.12772727     -0.87137272     16.00000000    6.93282662E-0007    1.05729363E-0036      8.43000000
  0.12803030     -0.80935803     16.00000000    1.10128382E-0006    1.67951751E-0036      8.45000000
  0.12833333     -0.76750747     16.00000000    1.67002915E-0006    2.54688494E-0036      8.47000000
  0.12863636     -0.71694324     16.00000000    2.58382158E-0006    3.94046792E-0036      8.49000000
  0.12893939     -0.66359006     16.00000000    4.02336964E-0006    6.13585671E-0036      8.51000000
  0.12924242     -0.61206245     16.00000000    6.23866653E-0006    9.51430452E-0036      8.53000000
  0.12954545     -0.57499931     16.00000000    9.35683886E-0006    1.42696863E-0035      8.55000000
  0.12984848     -0.52995842     16.00000000    1.42936871E-0005    2.17986474E-0035      8.57000000
  0.13015152     -0.48922831     16.00000000    2.16196482E-0005    3.29711350E-0035      8.59000000
  0.13045455     -0.46626304     16.00000000    3.13897692E-0005    4.78710989E-0035      8.61000000
  0.13075758     -0.41078858     16.00000000    4.91175639E-0005    7.49069465E-0035      8.63000000
  0.13106061     -0.38472983     16.00000000    7.18240356E-0005    1.09535546E-0034      8.65000000
  0.13136364     -0.34653668     16.00000000    1.08003340E-0004    1.64710946E-0034      8.67000000
  0.13166667     -0.30928639     16.00000000    1.62054727E-0004    2.47142240E-0034      8.69000000
  0.13196970     -0.28522136     16.00000000    2.35885352E-0004    3.59737944E-0034      8.71000000
  0.13227273     -0.26081402     16.00000000    3.43623253E-0004    5.24044081E-0034      8.73000000
  0.13257576     -0.22632946     16.00000000    5.12320037E-0004    7.81315817E-0034      8.75000000
  0.13287879     -0.20840168     16.00000000    7.35264083E-0004    1.12131757E-0033      8.77000000
  0.13318182     -0.17069864     16.00000000    1.10438534E-0003    1.68424749E-0033      8.79000000
  0.13348485     -0.15969421     16.00000000    1.55990910E-0003    2.37894590E-0033      8.81000000
  0.13378788     -0.13620941     16.00000000    2.26755760E-0003    3.45814821E-0033      8.83000000
  0.13409091     -0.11001026     16.00000000    3.31689495E-0003    5.05844453E-0033      8.85000000
  0.13439394     -0.09787805     16.00000000    4.69719027E-0003    7.16346968E-0033      8.87000000
  0.13469697     -0.07685345     16.00000000    6.78948746E-0003    1.03543363E-0032      8.89000000
  0.13500000     -0.06006912     16.00000000    9.71841768E-0003    1.48211136E-0032      8.91000000
  0.13530303     -0.05496643     16.00000000    1.35416780E-0002    2.06517928E-0032      8.93000000
  0.13560606     -0.04312639     16.00000000    1.91640263E-0002    2.92261786E-0032      8.95000000
  0.13590909     -0.03086571     16.00000000    2.71469890E-0002    4.14006292E-0032      8.97000000
  0.13621212     -0.02345548     16.00000000    3.80282315E-0002    5.79951136E-0032      8.99000000
  0.13651515     -0.00980257     16.00000000    5.40422321E-0002    8.24173323E-0032      9.01000000
  0.13681818     -0.00765937     16.00000000    7.47912358E-0002    1.14060687E-0031      9.03000000
  0.13712121     -0.00382315     16.00000000    1.03910913E-0001    1.58469773E-0031      9.05000000
  0.13742424      0.00185624     16.00000000    1.44982236E-0001    2.21105766E-0031      9.07000000
  0.13772727      0.01145335     16.00000000    2.04120271E-0001    3.11294474E-0031      9.09000000
  0.13803030      0.01299692     16.00000000    2.82100555E-0001    4.30218632E-0031      9.11000000
  0.13833333      0.01202393     16.00000000    3.87619115E-0001    5.91140154E-0031      9.13000000
  0.13863636      0.01014296     16.00000000    5.31494104E-0001    8.10557308E-0031      9.15000000
  0.13893939      0.00904401     16.00000000    7.30085509E-0001    1.11341996E-0030      9.17000000
  0.13924242      0.01121539     16.00000000    1.01046050E+0000    1.54100701E-0030      9.19000000
  0.13954545      0.00647680     16.00000000    1.37643272E+0000    2.09913448E-0030      9.21000000
  0.13984848      0.00558553     16.00000000    1.89163767E+0000    2.88484995E-0030      9.23000000
  0.14015152      0.00401540     16.00000000    2.59562563E+0000    3.95846974E-0030      9.25000000
  0.14045455     -0.01349058     16.00000000    3.43328859E+0000    5.23595114E-0030      9.27000000
  0.14075758     -0.01721021     16.00000000    4.68775513E+0000    7.14908059E-0030      9.29000000
  0.14106061     -0.02702779     16.00000000    6.31133984E+0000    9.62513525E-0030      9.31000000
  0.14136364     -0.03662048     16.00000000    8.50164784E+0000    1.29654736E-0029      9.33000000
  0.14166667     -0.05388667     16.00000000    1.12515191E+0001    1.71591763E-0029      9.35000000
  0.14196970     -0.05962058     16.00000000    1.52915492E+0001    2.33204411E-0029      9.37000000
  0.14227273     -0.07711591     16.00000000    2.02269494E+0001    3.08471939E-0029      9.39000000
  0.14257576     -0.08411463     16.00000000    2.74098019E+0001    4.18014331E-0029      9.41000000
  0.14287879     -0.10230684     16.00000000    3.61982789E+0001    5.52043367E-0029      9.43000000
  0.14318182     -0.11753246     16.00000000    4.81322921E+0001    7.34043535E-0029      9.45000000
  0.14348485     -0.13490787     16.00000000    6.36847379E+0001    9.71226762E-0029      9.47000000
  0.14378788     -0.14985754     16.00000000    8.47344325E+0001    1.29224601E-0028      9.49000000
  0.14409091     -0.16224182     16.00000000    1.13409617E+0002    1.72955812E-0028      9.51000000
  0.14439394     -0.19107093     16.00000000    1.46148717E+0002    2.22884713E-0028      9.53000000
  0.14469697     -0.21006245     16.00000000    1.92653861E+0002    2.93807577E-0028      9.55000000
  0.14500000     -0.23316955     16.00000000    2.51561893E+0002    3.83645519E-0028      9.57000000
  0.14530303     -0.25352818     16.00000000    3.30567735E+0002    5.04133708E-0028      9.59000000
  0.14560606     -0.27682443     16.00000000    4.31457917E+0002    6.57996703E-0028      9.61000000
  0.14590909     -0.29861473     16.00000000    5.65096188E+0002    8.61802308E-0028      9.63000000
  0.14621212     -0.32810978     16.00000000    7.27112424E+0002    1.10888585E-0027      9.65000000
  0.14651515     -0.35452974     16.00000000    9.42227637E+0002    1.43694820E-0027      9.67000000
  0.14681818     -0.38668890     16.00000000    1.20495523E+0003    1.83762202E-0027      9.69000000
  0.14712121     -0.40336777     16.00000000    1.59685792E+0003    2.43529485E-0027      9.71000000
  0.14742424     -0.43284988     16.00000000    2.05474719E+0003    3.13360080E-0027      9.73000000
  0.14772727     -0.46242096     16.00000000    2.64339187E+0003    4.03131584E-0027      9.75000000
  0.14803030     -0.49744287     16.00000000    3.35825656E+0003    5.12152323E-0027      9.77000000
  0.14833333     -0.50911608     16.00000000    4.50209757E+0003    6.86594275E-0027      9.79000000
  0.14863636     -0.55281017     16.00000000    5.60654161E+0003    8.55027976E-0027      9.81000000
  0.14893939     -0.60403900     16.00000000    6.86183786E+0003    1.04646746E-0026      9.83000000
  0.14924242     -0.61810280     16.00000000    9.14852095E+0003    1.39519902E-0026      9.85000000
  0.14954545     -0.65611262     16.00000000    1.15429097E+0004    1.76035628E-0026      9.87000000
  0.14984848     -0.68022732     16.00000000    1.50374720E+0004    2.29329597E-0026      9.89000000
  0.15015152     -0.71694324     16.00000000    1.90297529E+0004    2.90214044E-0026      9.91000000
  0.15045455     -0.76309691     16.00000000    2.35642550E+0004    3.59367658E-0026      9.93000000
  0.15075758     -0.78800376     16.00000000    3.06422815E+0004    4.67311396E-0026      9.95000000
  0.15106061     -0.84392334     16.00000000    3.71001572E+0004    5.65797500E-0026      9.97000000
  0.15136364     -0.87100957     16.00000000    4.80024890E+0004    7.32063968E-0026      9.99000000
  0.15166667     -0.90831993     16.00000000    6.06635233E+0004    9.25151602E-0026     10.01000000
  0.15196970     -0.96778349     16.00000000    7.28514662E+0004    1.11102434E-0025     10.03000000
  0.15227273     -0.98607959     16.00000000    9.61870132E+0004    1.46690407E-0025     10.05000000
  0.15257576     -1.02309469     16.00000000    1.21639764E+0005    1.85507232E-0025     10.07000000
  0.15287879     -1.06271365     16.00000000    1.52908224E+0005    2.33193327E-0025     10.09000000
  0.15318182     -1.09310035     16.00000000    1.96344336E+0005    2.99435752E-0025     10.11000000
  0.15348485     -1.14342143     16.00000000    2.40808344E+0005    3.67245773E-0025     10.13000000
  0.15378788     -1.20112220     16.00000000    2.90365491E+0005    4.42823108E-0025     10.15000000
  0.15409091     -1.26005769     16.00000000    3.49127242E+0005    5.32437963E-0025     10.17000000
  0.15439394     -1.29378385     16.00000000    4.44868665E+0005    6.78448821E-0025     10.19000000
  0.15469697     -1.33719898     16.00000000    5.54358767E+0005    8.45427158E-0025     10.21000000
  0.15500000     -1.34903919     16.00000000    7.42890735E+0005    1.13294863E-0024     10.23000000
  0.15530303     -1.43637128     16.00000000    8.36694827E+0005    1.27600495E-0024     10.25000000
  0.15560606     -1.49713584     16.00000000    1.00179016E+0006    1.52778427E-0024     10.27000000
  0.15590909     -1.52078749     16.00000000    1.30646970E+0006    1.99243709E-0024     10.29000000
  0.15621212     -1.56871104     16.00000000    1.61120213E+0006    2.45717056E-0024     10.31000000
  0.15651515     -1.61952438     16.00000000    1.97383536E+0006    3.01020588E-0024     10.33000000
  0.15681818     -1.70588422     16.00000000    2.22805198E+0006    3.39790000E-0024     10.35000000
  0.15712121     -1.74344724     16.00000000    2.81408062E+0006    4.29162543E-0024     10.37000000
  0.15742424     -1.77866057     16.00000000    3.57353001E+0006    5.44982690E-0024     10.39000000
  0.15772727     -1.84511856     16.00000000    4.22292800E+0006    6.44019402E-0024     10.41000000
  0.15803030     -1.92566980     16.00000000    4.83099595E+0006    7.36753061E-0024     10.43000000
  0.15833333     -1.95991767     16.00000000    6.14841306E+0006    9.37666308E-0024     10.45000000
  0.15863636     -2.00940303     16.00000000    7.55530342E+0006    1.15222471E-0023     10.47000000
  0.15893939     -2.04312639     16.00000000    9.62726205E+0006    1.46820963E-0023     10.49000000
  0.15924242     -2.11641336     16.00000000    1.11992788E+0007    1.70795070E-0023     10.51000000
  0.15954545     -2.14958173     16.00000000    1.42888052E+0007    2.17912021E-0023     10.53000000
  0.15984848     -2.14614856     16.00000000    1.98336808E+0007    3.02474380E-0023     10.55000000
  0.16015152     -2.25872619     16.00000000    2.10765693E+0007    3.21429103E-0023     10.57000000
  0.16045455     -2.25431708     16.00000000    2.93213032E+0007    4.47165762E-0023     10.59000000
  0.16075758     -2.34686229     16.00000000    3.26296406E+0007    4.97619700E-0023     10.61000000
  0.16106061     -2.41744335     16.00000000    3.81949078E+0007    5.82493041E-0023     10.63000000
  0.16136364     -2.43703891     16.00000000    5.02787118E+0007    7.66777600E-0023     10.65000000
  0.16166667     -2.45061173     16.00000000    6.71097403E+0007    1.02345990E-0022     10.67000000
  0.16196970     -2.60649961     16.00000000    6.45463827E+0007    9.84367312E-0023     10.69000000
  0.16227273     -2.64789229     16.00000000    8.08078340E+0007    1.23236326E-0022     10.71000000
  0.16257576     -2.81858852     16.00000000    7.51158293E+0007    1.14555710E-0022     10.73000000
  0.16287879     -2.78755426     16.00000000    1.11106626E+0008    1.69443625E-0022     10.75000000
  0.16318182     -2.83497892     16.00000000    1.37179602E+0008    2.09206327E-0022     10.77000000
  0.16348485     -2.88822444     16.00000000    1.67116086E+0008    2.54861086E-0022     10.79000000
  0.16378788     -2.99467976     16.00000000    1.80109724E+0008    2.74677089E-0022     10.81000000
  0.16409091     -2.94892228     16.00000000    2.75593440E+0008    4.20294929E-0022     10.83000000
  0.16439394     -3.17077101     16.00000000    2.27716438E+0008    3.47279908E-0022     10.85000000
  0.16469697     -3.10382424     16.00000000    3.65860388E+0008    5.57956916E-0022     10.87000000
  0.16500000     -3.17077101     16.00000000    4.31859871E+0008    6.58609705E-0022     10.89000000
  0.16530303     -3.34686227     16.00000000    3.96484146E+0008    6.04659807E-0022     10.91000000
  0.16560606     -3.29570976     16.00000000    6.14260473E+0008    9.36780507E-0022     10.93000000
  0.16590909     -3.47180101     16.00000000    5.63943451E+0008    8.60044321E-0022     10.95000000
  0.16621212     -3.55098228     16.00000000    6.47185120E+0008    9.86992377E-0022     10.97000000
  0.16651515     -3.55098228     16.00000000    8.91256597E+0008    1.35921461E-0021     10.99000000
  0.16681818     -3.64789227     16.00000000    9.81899415E+0008    1.49744981E-0021     11.01000000
  0.16712121     -3.77283100     16.00000000    1.01415071E+0009    1.54663479E-0021     11.03000000
  0.16742424     -3.94892226     16.00000000    9.31076733E+0008    1.41994247E-0021     11.05000000
  0.16772727     -4.24995226     16.00000000    6.41105810E+0008    9.77721100E-0022     11.07000000
  0.16803030     -3.64789227     16.00000000    3.53153844E+0009    5.38578749E-0021     11.09000000
  0.16833333     -3.94892226     16.00000000    2.43168982E+0009    3.70845874E-0021     11.11000000
  0.16863636     -3.94892226     16.00000000    3.34874757E+0009    5.10702150E-0021     11.13000000
  0.16893939     -3.77283100     16.00000000    6.91747987E+0009    1.05495316E-0020     11.15000000
  0.16924242     -3.94892226     16.00000000    6.35083573E+0009    9.68536862E-0021     11.17000000
  0.16954545     -3.94892226     16.00000000    8.74591221E+0009    1.33379900E-0020     11.19000000
  0.17045455     -3.94892226     16.00000000    2.28416681E+0010    3.48347815E-0020     11.25000000
  0.17075758     -4.24995226     16.00000000    1.57279476E+0010    2.39859724E-0020     11.27000000
  0.17136364     -3.94892226     16.00000000    5.96555040E+0010    9.09778761E-0020     11.31000000
  0.17166667     -4.24995226     16.00000000    4.10766254E+0010    6.26440795E-0020     11.33000000
  0.17196970     -4.24995226     16.00000000    5.65677613E+0010    8.62689012E-0020     11.35000000
  0.17409091     -4.24995226     16.00000000    5.31359722E+0011    8.10352369E-0019     11.49000000
  0.17833333     -4.24995226     16.00000000    4.68843511E+0013    7.15011760E-0017     11.77000000
