  0.14287879     -4.23715755      5.00000000    9.86997292E-0012    1.50522435E-0041      9.43000000
  0.14560606     -4.23715755      5.00000000    2.42762161E-0011    3.70225450E-0041      9.61000000
  0.14621212     -4.23715755      5.00000000    2.96510373E-0011    4.52194386E-0041      9.65000000
  0.14712121     -4.23715755      5.00000000    4.00247139E-0011    6.10398574E-0041      9.71000000
  0.14803030     -4.23715755      5.00000000    5.40277125E-0011    8.23951892E-0041      9.77000000
  0.14833333     -4.23715755      5.00000000    5.97098566E-0011    9.10607669E-0041      9.79000000
  0.14893939     -4.23715755      5.00000000    7.29297836E-0011    1.11221872E-0040      9.83000000
  0.14984848     -3.93612755      5.00000000    1.96889821E-0010    3.00267647E-0040      9.89000000
  0.15015152     -3.63509755      5.00000000    4.35193809E-0010    6.63694141E-0040      9.91000000
  0.15075758     -4.23715755      5.00000000    1.32886730E-0010    2.02659464E-0040      9.95000000
  0.15106061     -3.93612755      5.00000000    2.93725098E-0010    4.47946691E-0040      9.97000000
  0.15136364     -3.76003627      5.00000000    4.86924675E-0010    7.42586515E-0040      9.99000000
  0.15166667     -3.76003627      5.00000000    5.38134990E-0010    8.20685020E-0040     10.01000000
  0.15196970     -3.45900628      5.00000000    1.18946228E-0009    1.81399443E-0039     10.03000000
  0.15227273     -3.76003627      5.00000000    6.57279562E-0010    1.00238695E-0039     10.05000000
  0.15257576     -3.53818753      5.00000000    1.21067707E-0009    1.84634814E-0039     10.07000000
  0.15287879     -3.76003627      5.00000000    8.02803069E-0010    1.22431818E-0039     10.09000000
  0.15318182     -3.39205951      5.00000000    2.07021395E-0009    3.15718846E-0039     10.11000000
  0.15348485     -3.33406756      5.00000000    2.61478891E-0009    3.98769478E-0039     10.13000000
  0.15378788     -3.09102952      5.00000000    5.05713007E-0009    7.71239738E-0039     10.15000000
  0.15409091     -3.45900628      5.00000000    2.39528289E-0009    3.65293620E-0039     10.17000000
  0.15439394     -3.00670862      5.00000000    7.50039122E-0009    1.14385030E-0038     10.19000000
  0.15469697     -3.00670862      5.00000000    8.28921425E-0009    1.26415009E-0038     10.21000000
  0.15500000     -3.39205951      5.00000000    3.77217577E-0009    5.75277245E-0039     10.23000000
  0.15530303     -2.89473485      5.00000000    1.31022545E-0008    1.99816482E-0038     10.25000000
  0.15560606     -2.93612754      5.00000000    1.31638460E-0008    2.00755784E-0038     10.27000000
  0.15590909     -2.91493824      5.00000000    1.52757148E-0008    2.32962928E-0038     10.29000000
  0.15621212     -2.87542969      5.00000000    1.84901117E-0008    2.81984222E-0038     10.31000000
  0.15651515     -2.70567862      5.00000000    3.02078663E-0008    4.60686329E-0038     10.33000000
  0.15681818     -2.78999952      5.00000000    2.74934095E-0008    4.19289393E-0038     10.35000000
  0.15712121     -2.70567862      5.00000000    3.68959712E-0008    5.62683553E-0038     10.37000000
  0.15742424     -2.59370485      5.00000000    5.27694011E-0008    8.04761961E-0038     10.39000000
  0.15772727     -2.55591629      5.00000000    6.36209541E-0008    9.70254025E-0038     10.41000000
  0.15803030     -2.62437370      5.00000000    6.00581870E-0008    9.15919896E-0038     10.43000000
  0.15833333     -2.58394504      5.00000000    7.28501296E-0008    1.11100395E-0037     10.45000000
  0.15863636     -2.47372956      5.00000000    1.03770822E-0007    1.58256126E-0037     10.47000000
  0.15893939     -2.36209626      5.00000000    1.48298923E-0007    2.26163894E-0037     10.49000000
  0.15924242     -2.36209626      5.00000000    1.63895657E-0007    2.49949758E-0037     10.51000000
  0.15954545     -2.30265910      5.00000000    2.07698833E-0007    3.16751975E-0037     10.53000000
  0.15984848     -2.23715753      5.00000000    2.66910144E-0007    4.07052432E-0037     10.55000000
  0.16015152     -2.24152236      5.00000000    2.92031497E-0007    4.45363858E-0037     10.57000000
  0.16045455     -2.17645970      5.00000000    3.74905488E-0007    5.71751184E-0037     10.59000000
  0.16075758     -2.12994758      5.00000000    4.61172470E-0007    7.03313006E-0037     10.61000000
  0.16106061     -2.18025269      5.00000000    4.53928773E-0007    6.92265976E-0037     10.63000000
  0.16136364     -2.04125791      5.00000000    6.90894818E-0007    1.05365203E-0036     10.65000000
  0.16166667     -2.01184825      5.00000000    8.17054533E-0007    1.24605244E-0036     10.67000000
  0.16196970     -1.97708617      5.00000000    9.78233593E-0007    1.49185924E-0036     10.69000000
  0.16227273     -1.96069575      5.00000000    1.12269669E-0006    1.71217329E-0036     10.71000000
  0.16257576     -1.91701124      5.00000000    1.37207040E-0006    2.09248171E-0036     10.73000000
  0.16287879     -1.86058058      5.00000000    1.72677798E-0006    2.63342999E-0036     10.75000000
  0.16318182     -1.85875964      5.00000000    1.91640321E-0006    2.92261874E-0036     10.77000000
  0.16348485     -1.77625972      5.00000000    2.56103940E-0006    3.90572386E-0036     10.79000000
  0.16378788     -1.78999953      5.00000000    2.74224275E-0006    4.18206879E-0036     10.81000000
  0.16409091     -1.69185043      5.00000000    3.79913257E-0006    5.79388303E-0036     10.83000000
  0.16439394     -1.67367644      5.00000000    4.37812230E-0006    6.67687374E-0036     10.85000000
  0.16469697     -1.65509420      5.00000000    5.05009537E-0006    7.70166909E-0036     10.87000000
  0.16500000     -1.57914615      5.00000000    6.64778661E-0006    1.01382348E-0035     10.89000000
  0.16530303     -1.56691167      5.00000000    7.55685341E-0006    1.15246109E-0035     10.91000000
  0.16560606     -1.55411051      5.00000000    8.60144876E-0006    1.31176754E-0035     10.93000000
  0.16590909     -1.53905699      5.00000000    9.84134771E-0006    1.50085885E-0035     10.95000000
  0.16621212     -1.44898915      5.00000000    1.33829503E-0005    2.04097244E-0035     10.97000000
  0.16651515     -1.45612059      5.00000000    1.45495604E-0005    2.21888680E-0035     10.99000000
  0.16681818     -1.41043504      5.00000000    1.78634308E-0005    2.72426999E-0035     11.01000000
  0.16712121     -1.35406420      5.00000000    2.24783879E-0005    3.42807595E-0035     11.03000000
  0.16742424     -1.33624449      5.00000000    2.58829826E-0005    3.94729510E-0035     11.05000000
  0.16772727     -1.30367025      5.00000000    3.08331583E-0005    4.70222371E-0035     11.07000000
  0.16803030     -1.25263022      5.00000000    3.83254699E-0005    5.84484183E-0035     11.09000000
  0.16833333     -1.28146980      5.00000000    3.96348622E-0005    6.04453126E-0035     11.11000000
  0.16863636     -1.23069149      5.00000000    4.92362665E-0005    7.50879743E-0035     11.13000000
  0.16893939     -1.20052865      5.00000000    5.83280428E-0005    8.89534259E-0035     11.15000000
  0.16924242     -1.15044186      5.00000000    7.23425212E-0005    1.10326265E-0034     11.17000000
  0.16954545     -1.13164736      5.00000000    8.34867556E-0005    1.27321826E-0034     11.19000000
  0.16984848     -1.08609428      5.00000000    1.02470797E-0004    1.56273518E-0034     11.21000000
  0.17015152     -1.06630934      5.00000000    1.18526239E-0004    1.80758937E-0034     11.23000000
  0.17045455     -1.06048760      5.00000000    1.32759525E-0004    2.02465469E-0034     11.25000000
  0.17075758     -1.00773169      5.00000000    1.65672737E-0004    2.52659902E-0034     11.27000000
  0.17106061     -0.97116116      5.00000000    1.99182429E-0004    3.03763997E-0034     11.29000000
  0.17136364     -0.94712294      5.00000000    2.32658377E-0004    3.54816631E-0034     11.31000000
  0.17166667     -0.95160022      5.00000000    2.54490082E-0004    3.88111165E-0034     11.33000000
  0.17196970     -0.89770608      5.00000000    3.18415684E-0004    4.85601171E-0034     11.35000000
  0.17227273     -0.88710347      5.00000000    3.60600656E-0004    5.49935540E-0034     11.37000000
  0.17257576     -0.85803341      5.00000000    4.26114215E-0004    6.49847268E-0034     11.39000000
  0.17287879     -0.83420870      5.00000000    4.97485216E-0004    7.58691912E-0034     11.41000000
  0.17318182     -0.80611562      5.00000000    5.86546854E-0004    8.94515735E-0034     11.43000000
  0.17348485     -0.80258864      5.00000000    6.53520380E-0004    9.96653992E-0034     11.45000000
  0.17378788     -0.79015462      5.00000000    7.43228915E-0004    1.13346437E-0033     11.47000000
  0.17409091     -0.75700682      5.00000000    8.86543096E-0004    1.35202626E-0033     11.49000000
  0.17439394     -0.72460656      5.00000000    1.05567335E-0003    1.60995906E-0033     11.51000000
  0.17469697     -0.72260980      5.00000000    1.17207597E-0003    1.78747937E-0033     11.53000000
  0.17500000     -0.70148373      5.00000000    1.35991349E-0003    2.07394176E-0033     11.55000000
  0.17530303     -0.67379512      5.00000000    1.60187765E-0003    2.44295022E-0033     11.57000000
  0.17560606     -0.66649787      5.00000000    1.80034626E-0003    2.74562560E-0033     11.59000000
  0.17590909     -0.64631572      5.00000000    2.08433559E-0003    3.17872471E-0033     11.61000000
  0.17621212     -0.60683139      5.00000000    2.52279182E-0003    3.84739423E-0033     11.63000000
  0.17651515     -0.58899278      5.00000000    2.90502232E-0003    4.43031646E-0033     11.65000000
  0.17681818     -0.57242157      5.00000000    3.33541698E-0003    5.08669163E-0033     11.67000000
  0.17712121     -0.56719017      5.00000000    3.73087748E-0003    5.68979031E-0033     11.69000000
  0.17742424     -0.54589916      5.00000000    4.33043412E-0003    6.60414669E-0033     11.71000000
  0.17772727     -0.52115418      5.00000000    5.06647456E-0003    7.72664824E-0033     11.73000000
  0.17803030     -0.50904737      5.00000000    5.75760846E-0003    8.78066489E-0033     11.75000000
  0.17833333     -0.49278633      5.00000000    6.60590943E-0003    1.00743698E-0032     11.77000000
  0.17863636     -0.48495540      5.00000000    7.43349388E-0003    1.13364810E-0032     11.79000000
  0.17893939     -0.47620759      5.00000000    8.38243614E-0003    1.27836693E-0032     11.81000000
  0.17924242     -0.45576122      5.00000000    9.71060002E-0003    1.48091912E-0032     11.83000000
  0.17954545     -0.43650919      5.00000000    1.12183128E-0002    1.71085348E-0032     11.85000000
  0.17984848     -0.42854150      5.00000000    1.26277125E-0002    1.92579458E-0032     11.87000000
  0.18015152     -0.40560771      5.00000000    1.47125492E-0002    2.24374347E-0032     11.89000000
  0.18045455     -0.39367559      5.00000000    1.67128108E-0002    2.54879421E-0032     11.91000000
  0.18075758     -0.38958488      5.00000000    1.86453118E-0002    2.84351109E-0032     11.93000000
  0.18106061     -0.37759898      5.00000000    2.11828797E-0002    3.23050394E-0032     11.95000000
  0.18136364     -0.37335901      5.00000000    2.36403780E-0002    3.60528574E-0032     11.97000000
  0.18166667     -0.35760293      5.00000000    2.70919299E-0002    4.13166611E-0032     11.99000000
  0.18196970     -0.33520908      5.00000000    3.15255913E-0002    4.80782350E-0032     12.01000000
  0.18227273     -0.32990745      5.00000000    3.52690956E-0002    5.37872819E-0032     12.03000000
  0.18257576     -0.32894070      5.00000000    3.90652424E-0002    5.95766115E-0032     12.05000000
  0.18287879     -0.32091421      5.00000000    4.39791120E-0002    6.70705288E-0032     12.07000000
  0.18318182     -0.30819870      5.00000000    5.00485400E-0002    7.63267355E-0032     12.09000000
  0.18348485     -0.30372088      5.00000000    5.58854415E-0002    8.52283265E-0032     12.11000000
  0.18378788     -0.29674066      5.00000000    6.27636725E-0002    9.57180016E-0032     12.13000000
  0.18409091     -0.28928287      5.00000000    7.05660148E-0002    1.07616996E-0031     12.15000000
  0.18439394     -0.27974182      5.00000000    7.97197797E-0002    1.21576984E-0031     12.17000000
  0.18469697     -0.27640143      5.00000000    8.87842495E-0002    1.35400791E-0031     12.19000000
  0.18500000     -0.26774162      5.00000000    1.00097951E-0001    1.52654799E-0031     12.21000000
  0.18530303     -0.26002864      5.00000000    1.12607577E-0001    1.71732657E-0031     12.23000000
  0.18560606     -0.26094514      5.00000000    1.24188264E-0001    1.89393832E-0031     12.25000000
  0.18590909     -0.24864319      5.00000000    1.41192607E-0001    2.15326377E-0031     12.27000000
  0.18621212     -0.24717407      5.00000000    1.56570713E-0001    2.38778822E-0031     12.29000000
  0.18651515     -0.25321569      5.00000000    1.70646883E-0001    2.60245744E-0031     12.31000000
  0.18681818     -0.23702727      5.00000000    1.95756514E-0001    2.98539292E-0031     12.33000000
  0.18712121     -0.23872382      5.00000000    2.15500915E-0001    3.28650573E-0031     12.35000000
  0.18742424     -0.23676683      5.00000000    2.39240972E-0001    3.64855446E-0031     12.37000000
  0.18772727     -0.23885459      5.00000000    2.63134171E-0001    4.01293869E-0031     12.39000000
  0.18803030     -0.22251101      5.00000000    3.01960597E-0001    4.60506272E-0031     12.41000000
  0.18833333     -0.22881289      5.00000000    3.28910580E-0001    5.01606457E-0031     12.43000000
  0.18863636     -0.23086267      5.00000000    3.61790795E-0001    5.51750567E-0031     12.45000000
  0.18893939     -0.23374011      5.00000000    3.97200259E-0001    6.05751918E-0031     12.47000000
  0.18924242     -0.22558709      5.00000000    4.47292883E-0001    6.82145883E-0031     12.49000000
  0.18954545     -0.23434374      5.00000000    4.84467654E-0001    7.38839424E-0031     12.51000000
  0.18984848     -0.22592552      5.00000000    5.45899199E-0001    8.32525858E-0031     12.53000000
  0.19015152     -0.23292217      5.00000000    5.93670208E-0001    9.05379236E-0031     12.55000000
  0.19045455     -0.22690000      5.00000000    6.65268363E-0001    1.01457030E-0030     12.57000000
  0.19075758     -0.24104008      5.00000000    7.11682423E-0001    1.08535426E-0030     12.59000000
  0.19106061     -0.23620312      5.00000000    7.95339673E-0001    1.21293610E-0030     12.61000000
  0.19136364     -0.23257825      5.00000000    8.86353511E-0001    1.35173713E-0030     12.63000000
  0.19166667     -0.23430063      5.00000000    9.75694903E-0001    1.48798760E-0030     12.65000000
  0.19196970     -0.23977114      5.00000000    1.06481209E+0000    1.62389614E-0030     12.67000000
  0.19227273     -0.24588715      5.00000000    1.16034307E+0000    1.76958606E-0030     12.69000000
  0.19257576     -0.24540002      5.00000000    1.28381661E+0000    1.95788990E-0030     12.71000000
  0.19287879     -0.26025760      5.00000000    1.37111810E+0000    2.09102939E-0030     12.73000000
  0.19318182     -0.25506728      5.00000000    1.53353829E+0000    2.33872898E-0030     12.75000000
  0.19348485     -0.26186364      5.00000000    1.66850578E+0000    2.54456173E-0030     12.77000000
  0.19378788     -0.26338334      5.00000000    1.83754278E+0000    2.80235231E-0030     12.79000000
  0.19409091     -0.28031703      5.00000000    1.95313930E+0000    2.97864326E-0030     12.81000000
  0.19439394     -0.28219180      5.00000000    2.14925479E+0000    3.27773002E-0030     12.83000000
  0.19469697     -0.29788796      5.00000000    2.29097941E+0000    3.49386774E-0030     12.85000000
  0.19500000     -0.28397796      5.00000000    2.61433140E+0000    3.98699705E-0030     12.87000000
  0.19530303     -0.30819870      5.00000000    2.73255770E+0000    4.16729855E-0030     12.89000000
  0.19560606     -0.31184545      5.00000000    2.99469115E+0000    4.56706627E-0030     12.91000000
  0.19590909     -0.30896659      5.00000000    3.33165747E+0000    5.08095817E-0030     12.93000000
  0.19621212     -0.31766106      5.00000000    3.60907020E+0000    5.50402761E-0030     12.95000000
  0.19651515     -0.33238792      5.00000000    3.85565281E+0000    5.88007946E-0030     12.97000000
  0.19681818     -0.34612213      5.00000000    4.12850818E+0000    6.29619869E-0030     12.99000000
  0.19712121     -0.35903807      5.00000000    4.42901005E+0000    6.75448033E-0030     13.01000000
  0.19742424     -0.36581815      5.00000000    4.81899004E+0000    7.34922093E-0030     13.03000000
  0.19772727     -0.37134317      5.00000000    5.25848275E+0000    8.01947114E-0030     13.05000000
  0.19803030     -0.38054948      5.00000000    5.68962446E+0000    8.67698560E-0030     13.07000000
  0.19833333     -0.39654966      5.00000000    6.06056151E+0000    9.24268470E-0030     13.09000000
  0.19863636     -0.39774234      5.00000000    6.67958730E+0000    1.01867326E-0029     13.11000000
  0.19893939     -0.41485867      5.00000000    7.09680303E+0000    1.08230092E-0029     13.13000000
  0.19924242     -0.42638753      5.00000000    7.63771313E+0000    1.16479264E-0029     13.15000000
  0.19954545     -0.44849434      5.00000000    8.02206140E+0000    1.22340783E-0029     13.17000000
  0.19984848     -0.44385621      5.00000000    8.96093980E+0000    1.36659188E-0029     13.19000000
  0.20015152     -0.46089231      5.00000000    9.52241059E+0000    1.45221921E-0029     13.21000000
  0.20045455     -0.47044734      5.00000000    1.02948808E+0001    1.57002511E-0029     13.23000000
  0.20075758     -0.48227432      5.00000000    1.10719417E+0001    1.68853111E-0029     13.25000000
  0.20106061     -0.49200464      5.00000000    1.19652816E+0001    1.82477027E-0029     13.27000000
  0.20136364     -0.51708096      5.00000000    1.24817662E+0001    1.90353699E-0029     13.29000000
  0.20166667     -0.53749322      5.00000000    1.31611318E+0001    2.00714391E-0029     13.31000000
  0.20196970     -0.54045175      5.00000000    1.44465503E+0001    2.20317721E-0029     13.33000000
  0.20227273     -0.55016397      5.00000000    1.56128210E+0001    2.38103981E-0029     13.35000000
  0.20257576     -0.57035884      5.00000000    1.64708479E+0001    2.51189356E-0029     13.37000000
  0.20287879     -0.57714633      5.00000000    1.79208217E+0001    2.73302242E-0029     13.39000000
  0.20318182     -0.60825798      5.00000000    1.84363826E+0001    2.81164825E-0029     13.41000000
  0.20348485     -0.61463268      5.00000000    2.00784631E+0001    3.06207443E-0029     13.43000000
  0.20378788     -0.63585823      5.00000000    2.11316964E+0001    3.22269821E-0029     13.45000000
  0.20409091     -0.66024058      5.00000000    2.20791049E+0001    3.36718314E-0029     13.47000000
  0.20439394     -0.68291074      5.00000000    2.31601169E+0001    3.53204332E-0029     13.49000000
  0.20469697     -0.69147940      5.00000000    2.50958282E+0001    3.82724978E-0029     13.51000000
  0.20500000     -0.70275065      5.00000000    2.70246289E+0001    4.12140234E-0029     13.53000000
  0.20530303     -0.70491290      5.00000000    2.97185036E+0001    4.53223283E-0029     13.55000000
  0.20560606     -0.73623532      5.00000000    3.05586360E+0001    4.66035758E-0029     13.57000000
  0.20590909     -0.75873536      5.00000000    3.20673719E+0001    4.89044798E-0029     13.59000000
  0.20621212     -0.76910576      5.00000000    3.46036905E+0001    5.27725031E-0029     13.61000000
  0.20651515     -0.79077574      5.00000000    3.63816077E+0001    5.54839232E-0029     13.63000000
  0.20681818     -0.82101652      5.00000000    3.75033928E+0001    5.71947063E-0029     13.65000000
  0.20712121     -0.82942680      5.00000000    4.06527309E+0001    6.19976175E-0029     13.67000000
  0.20742424     -0.84799146      5.00000000    4.30481514E+0001    6.56507636E-0029     13.69000000
  0.20772727     -0.88439637      5.00000000    4.37501000E+0001    6.67212732E-0029     13.71000000
  0.20803030     -0.87998528      5.00000000    4.88449404E+0001    7.44911808E-0029     13.73000000
  0.20833333     -0.92646422      5.00000000    4.85031667E+0001    7.39699574E-0029     13.75000000
  0.20863636     -0.94027306      5.00000000    5.19266977E+0001    7.91910277E-0029     13.77000000
  0.20893939     -0.96787814      5.00000000    5.38536407E+0001    8.21297202E-0029     13.79000000
  0.20924242     -0.99016683      5.00000000    5.65400028E+0001    8.62265681E-0029     13.81000000
  0.20954545     -1.00696418      5.00000000    6.01157034E+0001    9.16797052E-0029     13.83000000
  0.20984848     -1.02125572      5.00000000    6.42873966E+0001    9.80417633E-0029     13.85000000
  0.21015152     -1.03960134      5.00000000    6.81098101E+0001    1.03871151E-0028     13.87000000
  0.21045455     -1.07102356      5.00000000    7.00191587E+0001    1.06783011E-0028     13.89000000
  0.21075758     -1.08670811      5.00000000    7.46383081E+0001    1.13827464E-0028     13.91000000
  0.21106061     -1.10489787      5.00000000    7.91045526E+0001    1.20638729E-0028     13.93000000
  0.21136364     -1.13920647      5.00000000    8.07834365E+0001    1.23199118E-0028     13.95000000
  0.21166667     -1.15689192      5.00000000    8.57168747E+0001    1.30722879E-0028     13.97000000
  0.21196970     -1.16454007      5.00000000    9.30781241E+0001    1.41949183E-0028     13.99000000
  0.21227273     -1.21928983      5.00000000    9.06832998E+0001    1.38296946E-0028     14.01000000
  0.21257576     -1.23197702      5.00000000    9.73351196E+0001    1.48441332E-0028     14.03000000
  0.21287879     -1.24993832      5.00000000    1.03213788E+0002    1.57406620E-0028     14.05000000
  0.21318182     -1.28727984      5.00000000    1.04670826E+0002    1.59628681E-0028     14.07000000
  0.21348485     -1.31443208      5.00000000    1.08668295E+0002    1.65725039E-0028     14.09000000
  0.21378788     -1.32706700      5.00000000    1.16653394E+0002    1.77902748E-0028     14.11000000
  0.21409091     -1.35691577      5.00000000    1.20358859E+0002    1.83553782E-0028     14.13000000
  0.21439394     -1.37502618      5.00000000    1.27584260E+0002    1.94572911E-0028     14.15000000
  0.21469697     -1.43097756      5.00000000    1.23958173E+0002    1.89042931E-0028     14.17000000
  0.21500000     -1.45540217      5.00000000    1.29503053E+0002    1.97499173E-0028     14.19000000
  0.21530303     -1.48587842      5.00000000    1.33423769E+0002    2.03478478E-0028     14.21000000
  0.21560606     -1.48052141      5.00000000    1.49286199E+0002    2.27669543E-0028     14.23000000
  0.21590909     -1.52199018      5.00000000    1.49961693E+0002    2.28699708E-0028     14.25000000
  0.21621212     -1.56877164      5.00000000    1.48808703E+0002    2.26941335E-0028     14.27000000
  0.21651515     -1.55321041      5.00000000    1.70458636E+0002    2.59958656E-0028     14.29000000
  0.21681818     -1.58587954      5.00000000    1.74734767E+0002    2.66479988E-0028     14.31000000
  0.21712121     -1.63401317      5.00000000    1.72852291E+0002    2.63609110E-0028     14.33000000
  0.21742424     -1.65057023      5.00000000    1.83885521E+0002    2.80435384E-0028     14.35000000
  0.21772727     -1.67605617      5.00000000    1.91642150E+0002    2.92264664E-0028     14.37000000
  0.21803030     -1.73336687      5.00000000    1.85613597E+0002    2.83070793E-0028     14.39000000
  0.21833333     -1.73200756      5.00000000    2.05777814E+0002    3.13822317E-0028     14.41000000
  0.21863636     -1.75571493      5.00000000    2.15337975E+0002    3.28402081E-0028     14.43000000
  0.21893939     -1.81391167      5.00000000    2.08138936E+0002    3.17423155E-0028     14.45000000
  0.21924242     -1.81391167      5.00000000    2.30029099E+0002    3.50806840E-0028     14.47000000
  0.21954545     -1.84095820      5.00000000    2.38872247E+0002    3.64293121E-0028     14.49000000
  0.21984848     -1.81885625      5.00000000    2.77777523E+0002    4.23625774E-0028     14.51000000
  0.22015152     -1.90674377      5.00000000    2.50748891E+0002    3.82405646E-0028     14.53000000
  0.22045455     -1.96998580      5.00000000    2.39566693E+0002    3.65352188E-0028     14.55000000
  0.22075758     -1.94935581      5.00000000    2.77642461E+0002    4.23419798E-0028     14.57000000
  0.22106061     -2.03033166      5.00000000    2.54647535E+0002    3.88351289E-0028     14.59000000
  0.22136364     -1.97233971      5.00000000    3.21633208E+0002    4.90508070E-0028     14.61000000
  0.22166667     -2.09102953      5.00000000    2.70458420E+0002    4.12463745E-0028     14.63000000
  0.22196970     -2.10682377      5.00000000    2.88227700E+0002    4.39562861E-0028     14.65000000
  0.22227273     -2.08793841      5.00000000    3.32698255E+0002    5.07382867E-0028     14.67000000
  0.22257576     -2.14725243      5.00000000    3.20749473E+0002    4.89160327E-0028     14.69000000
  0.22287879     -2.15437219      5.00000000    3.48719026E+0002    5.31815411E-0028     14.71000000
  0.22318182     -2.21596823      5.00000000    3.34432938E+0002    5.10028352E-0028     14.73000000
  0.22348485     -2.31287825      5.00000000    2.95684445E+0002    4.50934801E-0028     14.75000000
  0.22378788     -2.24152236      5.00000000    3.85135734E+0002    5.87352863E-0028     14.77000000
  0.22409091     -2.34506296      5.00000000    3.35353363E+0002    5.11432051E-0028     14.79000000
  0.22439394     -2.46630552      5.00000000    2.80342890E+0002    4.27538098E-0028     14.81000000
  0.22469697     -2.41761361      5.00000000    3.46585915E+0002    5.28562301E-0028     14.83000000
  0.22500000     -2.51288167      5.00000000    3.07590059E+0002    4.69091507E-0028     14.85000000
  0.22530303     -2.43781698      5.00000000    4.04079140E+0002    6.16242584E-0028     14.87000000
  0.22560606     -2.53818752      5.00000000    3.54425810E+0002    5.40518566E-0028     14.89000000
  0.22590909     -2.52958737      5.00000000    3.99535105E+0002    6.09312685E-0028     14.91000000
  0.22621212     -2.48128268      5.00000000    4.93502183E+0002    7.52617570E-0028     14.93000000
  0.22651515     -2.64609295      5.00000000    3.73171318E+0002    5.69106480E-0028     14.95000000
  0.22681818     -2.57439970      5.00000000    4.86441880E+0002    7.41850225E-0028     14.97000000
  0.22712121     -2.61390824      5.00000000    4.90853465E+0002    7.48578132E-0028     14.99000000
  0.22742424     -2.74579585      5.00000000    4.00399658E+0002    6.10631175E-0028     15.01000000
  0.22772727     -2.87542969      5.00000000    3.28313928E+0002    5.00696530E-0028     15.03000000
  0.22803030     -2.62437370      5.00000000    6.46807057E+0002    9.86415811E-0028     15.05000000
  0.22833333     -2.74579585      5.00000000    5.40483005E+0002    8.24265870E-0028     15.07000000
  0.22863636     -2.87542969      5.00000000    4.43177447E+0002    6.75869621E-0028     15.09000000
  0.22893939     -2.98188503      5.00000000    3.83311420E+0002    5.84570686E-0028     15.11000000
  0.22924242     -3.12321421      5.00000000    3.05951111E+0002    4.66592023E-0028     15.13000000
  0.22954545     -3.12321421      5.00000000    3.38128271E+0002    5.15663935E-0028     15.15000000
  0.22984848     -3.03303756      5.00000000    4.59925590E+0002    7.01411447E-0028     15.17000000
  0.23015152     -3.09102952      5.00000000    4.44759330E+0002    6.78282079E-0028     15.19000000
  0.23045455     -3.23715753      5.00000000    3.51096499E+0002    5.35441186E-0028     15.21000000
  0.23075758     -3.15797628      5.00000000    4.65625976E+0002    7.10104844E-0028     15.23000000
  0.23106061     -3.06106629      5.00000000    6.43245327E+0002    9.80983979E-0028     15.25000000
  0.23136364     -2.95840394      5.00000000    9.00468328E+0002    1.37326299E-0027     15.27000000
  0.23166667     -3.28291503      5.00000000    4.71396980E+0002    7.18905939E-0028     15.29000000
  0.23196970     -3.33406756      5.00000000    4.63088201E+0002    7.06234600E-0028     15.31000000
  0.23227273     -3.45900628      5.00000000    3.83843725E+0002    5.85382481E-0028     15.33000000
  0.23257576     -3.12321421      5.00000000    9.19127934E+0002    1.40171990E-0027     15.35000000
  0.23287879     -4.23715755      5.00000000    7.81379609E+0001    1.19164624E-0028     15.37000000
  0.23318182     -3.63509755      5.00000000    3.45423208E+0002    5.26789109E-0028     15.39000000
  0.23348485     -3.33406756      5.00000000    7.63503368E+0002    1.16438401E-0027     15.41000000
  0.23378788     -3.23715753      5.00000000    1.05475217E+0003    1.60855422E-0027     15.43000000
  0.23409091     -3.53818753      5.00000000    5.82840714E+0002    8.88863671E-0028     15.45000000
  0.23439394     -3.63509755      5.00000000    5.15310873E+0002    7.85877004E-0028     15.47000000
  0.23469697     -3.93612755      5.00000000    2.84753295E+0002    4.34264205E-0028     15.49000000
  0.23500000     -3.33406756      5.00000000    1.25880424E+0003    1.91974468E-0027     15.51000000
  0.23530303     -3.53818753      5.00000000    8.69496172E+0002    1.32602878E-0027     15.53000000
  0.23560606     -3.76003627      5.00000000    5.76565139E+0002    8.79293080E-0028     15.55000000
  0.23590909     -3.76003627      5.00000000    6.37203024E+0002    9.71769140E-0028     15.57000000
  0.23621212     -3.93612755      5.00000000    4.69478815E+0002    7.15980632E-0028     15.59000000
  0.23651515     -3.63509755      5.00000000    1.03770867E+0003    1.58256194E-0027     15.61000000
  0.23681818     -3.76003627      5.00000000    8.60134115E+0002    1.31175113E-0027     15.63000000
  0.23712121     -3.45900628      5.00000000    1.90119042E+0003    2.89941841E-0027     15.65000000
  0.23772727     -3.93612755      5.00000000    7.74039708E+0002    1.18045250E-0027     15.69000000
  0.23803030     -4.23715755      5.00000000    4.27723087E+0002    6.52300885E-0028     15.71000000
  0.23833333     -3.93612755      5.00000000    9.45414234E+0002    1.44180794E-0027     15.73000000
  0.23893939     -4.23715755      5.00000000    5.77365777E+0002    8.80514095E-0028     15.77000000
  0.23984848     -4.23715755      5.00000000    7.79362279E+0002    1.18856971E-0027     15.83000000
  0.24015152     -4.23715755      5.00000000    8.61328525E+0002    1.31357267E-0027     15.85000000
  0.24045455     -4.23715755      5.00000000    9.51915237E+0002    1.45172232E-0027     15.87000000
  0.24136364     -4.23715755      5.00000000    1.28495117E+0003    1.95962016E-0027     15.93000000
  0.24166667     -4.23715755      5.00000000    1.42009066E+0003    2.16571521E-0027     15.95000000
  0.24227273     -4.23715755      5.00000000    1.73450265E+0003    2.64521053E-0027     15.99000000
  0.24257576     -4.23715755      5.00000000    1.91692189E+0003    2.92340975E-0027     16.01000000
  0.24348485     -4.23715755      5.00000000    2.58757389E+0003    3.94619039E-0027     16.07000000
  0.24378788     -4.23715755      5.00000000    2.85971141E+0003    4.36121486E-0027     16.09000000
  0.24439394     -4.23715755      5.00000000    3.49285941E+0003    5.32679986E-0027     16.13000000
  0.24469697     -4.23715755      5.00000000    3.86020664E+0003    5.88702429E-0027     16.15000000
  0.24681818     -4.23715755      5.00000000    7.77350157E+0003    1.18550111E-0026     16.29000000
