  0.12287879     -4.20630549     12.00480192    1.29741201E-0014    1.97862361E-0044      8.11000000
  0.12378788     -3.90527549     12.00480192    5.33242876E-0014    8.13224281E-0044      8.17000000
  0.12409091     -3.90527549     12.00480192    6.77949659E-0014    1.03390997E-0043      8.19000000
  0.12439394     -4.20630549     12.00480192    4.30962851E-0014    6.57241701E-0044      8.21000000
  0.12469697     -3.72918423     12.00480192    1.64374133E-0013    2.50679460E-0043      8.23000000
  0.12500000     -3.60424549     12.00480192    2.78640728E-0013    4.24942209E-0043      8.25000000
  0.12530303     -3.72918423     12.00480192    2.65691857E-0013    4.05194479E-0043      8.27000000
  0.12590909     -3.36120745     12.00480192    1.00207401E-0012    1.52821717E-0042      8.31000000
  0.12621212     -3.25206298     12.00480192    1.63801039E-0012    2.49805461E-0042      8.33000000
  0.12651515     -3.20630549     12.00480192    2.31391035E-0012    3.52883866E-0042      8.35000000
  0.12681818     -3.12712424     12.00480192    3.53020689E-0012    5.38375680E-0042      8.37000000
  0.12712121     -3.06017745     12.00480192    5.23623746E-0012    7.98554586E-0042      8.39000000
  0.12742424     -2.92755188     12.00480192    9.03477378E-0012    1.37785196E-0041      8.41000000
  0.12772727     -2.95103298     12.00480192    1.08819962E-0011    1.65956339E-0041      8.43000000
  0.12803030     -2.80836548     12.00480192    1.92153571E-0011    2.93044608E-0041      8.45000000
  0.12833333     -2.71494379     12.00480192    3.02930171E-0011    4.61984925E-0041      8.47000000
  0.12863636     -2.67482657     12.00480192    4.22408003E-0011    6.44195093E-0041      8.49000000
  0.12893939     -2.54354765     12.00480192    7.26579996E-0011    1.10807386E-0040      8.51000000
  0.12924242     -2.54354765     12.00480192    9.23752914E-0011    1.40877325E-0040      8.53000000
  0.12954545     -2.26678623     12.00480192    2.22121003E-0010    3.38746566E-0040      8.55000000
  0.12984848     -2.16491280     12.00480192    3.57055267E-0010    5.44528630E-0040      8.57000000
  0.13015152     -2.18927215     12.00480192    4.29188901E-0010    6.54536331E-0040      8.59000000
  0.13045455     -2.11288380     12.00480192    6.50592741E-0010    9.92189183E-0040      8.61000000
  0.13075758     -1.99679047     12.00480192    1.08062479E-0009    1.64801136E-0039      8.63000000
  0.13106061     -1.94862691     12.00480192    1.53500881E-0009    2.34097161E-0039      8.65000000
  0.13136364     -1.89455162     12.00480192    2.21033725E-0009    3.37088408E-0039      8.67000000
  0.13166667     -1.84457765     12.00480192    3.15286157E-0009    4.80828473E-0039      8.69000000
  0.13196970     -1.75451905     12.00480192    4.93214558E-0009    7.52178926E-0039      8.71000000
  0.13227273     -1.68386125     12.00480192    7.37846581E-0009    1.12525602E-0038      8.73000000
  0.13257576     -1.60642241     12.00480192    1.12118503E-0008    1.70986793E-0038      8.75000000
  0.13287879     -1.60207943     12.00480192    1.43976847E-0008    2.19572493E-0038      8.77000000
  0.13318182     -1.53978750     12.00480192    2.11279310E-0008    3.22212396E-0038      8.79000000
  0.13348485     -1.47471672     12.00480192    3.12032722E-0008    4.75866809E-0038      8.81000000
  0.13378788     -1.43692816     12.00480192    4.32773924E-0008    6.60003684E-0038      8.83000000
  0.13409091     -1.34001815     12.00480192    6.87770402E-0008    1.04888713E-0037      8.85000000
  0.13439394     -1.30213112     12.00480192    9.54119773E-0008    1.45508435E-0037      8.87000000
  0.13469697     -1.24678711     12.00480192    1.37790504E-0007    2.10137985E-0037      8.89000000
  0.13500000     -1.18264157     12.00480192    2.03066001E-0007    3.09686654E-0037      8.91000000
  0.13530303     -1.13849095     12.00480192    2.85798678E-0007    4.35858470E-0037      8.93000000
  0.13560606     -1.10318623     12.00480192    3.94128028E-0007    6.01066599E-0037      8.95000000
  0.13590909     -1.03311922     12.00480192    5.88812091E-0007    8.97970345E-0037      8.97000000
  0.13621212     -1.02189798     12.00480192    7.68192987E-0007    1.17153593E-0036      8.99000000
  0.13651515     -0.98255003     12.00480192    1.06927810E-0006    1.63070705E-0036      9.01000000
  0.13681818     -0.90767069     12.00480192    1.61525986E-0006    2.46335881E-0036      9.03000000
  0.13712121     -0.86289690     12.00480192    2.27660965E-0006    3.47195307E-0036      9.05000000
  0.13742424     -0.86210978     12.00480192    2.89966668E-0006    4.42214881E-0036      9.07000000
  0.13772727     -0.81202895     12.00480192    4.13715027E-0006    6.30937834E-0036      9.09000000
  0.13803030     -0.76335563     12.00480192    5.88365235E-0006    8.97288865E-0036      9.11000000
  0.13833333     -0.73340282     12.00480192    8.01442167E-0006    1.22224273E-0035      9.13000000
  0.13863636     -0.68529822     12.00480192    1.13828018E-0005    1.73593895E-0035      9.15000000
  0.13893939     -0.65000298     12.00480192    1.56970050E-0005    2.39387833E-0035      9.17000000
  0.13924242     -0.61736185     12.00480192    2.15144534E-0005    3.28107073E-0035      9.19000000
  0.13954545     -0.58575303     12.00480192    2.94178903E-0005    4.48638767E-0035      9.21000000
  0.13984848     -0.56602286     12.00480192    3.91393925E-0005    5.96896944E-0035      9.23000000
  0.14015152     -0.53810601     12.00480192    5.30644062E-0005    8.09260948E-0035      9.25000000
  0.14045455     -0.51249064     12.00480192    7.15634170E-0005    1.09138089E-0034      9.27000000
  0.14075758     -0.48194769     12.00480192    9.76127176E-0005    1.48864684E-0034      9.29000000
  0.14106061     -0.45827258     12.00480192    1.31055090E-0004    1.99866114E-0034      9.31000000
  0.14136364     -0.42779248     12.00480192    1.78733673E-0004    2.72578537E-0034      9.33000000
  0.14166667     -0.41035598     12.00480192    2.36545811E-0004    3.60745180E-0034      9.35000000
  0.14196970     -0.37578096     12.00480192    3.25658688E-0004    4.96647146E-0034      9.37000000
  0.14227273     -0.35516950     12.00480192    4.34156708E-0004    6.62112505E-0034      9.39000000
  0.14257576     -0.33549206     12.00480192    5.77558979E-0004    8.80808739E-0034      9.41000000
  0.14287879     -0.31644376     12.00480192    7.67214882E-0004    1.17004427E-0033      9.43000000
  0.14318182     -0.29498803     12.00480192    1.02481420E-0003    1.56289718E-0033      9.45000000
  0.14348485     -0.27617182     12.00480192    1.36061023E-0003    2.07500432E-0033      9.47000000
  0.14378788     -0.26068921     12.00480192    1.79262200E-0003    2.73384568E-0033      9.49000000
  0.14409091     -0.23927258     12.00480192    2.39429543E-0003    3.65143028E-0033      9.51000000
  0.14439394     -0.22730371     12.00480192    3.12909674E-0003    4.77204209E-0033      9.53000000
  0.14469697     -0.21485789     12.00480192    4.09389972E-0003    6.24341890E-0033      9.55000000
  0.14500000     -0.19634493     12.00480192    5.43153448E-0003    8.28338441E-0033      9.57000000
  0.14530303     -0.17924142     12.00480192    7.18287715E-0003    1.09542769E-0032      9.59000000
  0.14560606     -0.17179733     12.00480192    9.28998295E-0003    1.41677274E-0032      9.61000000
  0.14590909     -0.15825230     12.00480192    1.21851907E-0002    1.85830761E-0032      9.63000000
  0.14621212     -0.14421260     12.00480192    1.60008999E-0002    2.44022394E-0032      9.65000000
  0.14651515     -0.13704451     12.00480192    2.06816359E-0002    3.15406154E-0032      9.67000000
  0.14681818     -0.12915567     12.00480192    2.67760253E-0002    4.08348894E-0032      9.69000000
  0.14712121     -0.12495817     12.00480192    3.43728860E-0002    5.24205137E-0032      9.71000000
  0.14742424     -0.11484956     12.00480192    4.47298041E-0002    6.82153750E-0032      9.73000000
  0.14772727     -0.10528053     12.00480192    5.81350981E-0002    8.86591748E-0032      9.75000000
  0.14803030     -0.10596942     12.00480192    7.37941450E-0002    1.12540070E-0031      9.77000000
  0.14833333     -0.10469586     12.00480192    9.40952814E-0002    1.43500403E-0031      9.79000000
  0.14863636     -0.09196144     12.00480192    1.23189772E-0001    1.87871077E-0031      9.81000000
  0.14893939     -0.09511020     12.00480192    1.55488500E-0001    2.37128388E-0031      9.83000000
  0.14924242     -0.08346728     12.00480192    2.03054950E-0001    3.09669802E-0031      9.85000000
  0.14954545     -0.08461434     12.00480192    2.57477273E-0001    3.92666793E-0031      9.87000000
  0.14984848     -0.08464718     12.00480192    3.27324449E-0001    4.99187522E-0031      9.89000000
  0.15015152     -0.08983058     12.00480192    4.11213564E-0001    6.27122968E-0031      9.91000000
  0.15045455     -0.08757792     12.00480192    5.25523908E-0001    8.01452436E-0031      9.93000000
  0.15075758     -0.08986379     12.00480192    6.64628555E-0001    1.01359456E-0030      9.95000000
  0.15106061     -0.08983058     12.00480192    8.45054241E-0001    1.28875351E-0030      9.97000000
  0.15136364     -0.09376752     12.00480192    1.06468229E+0000    1.62369818E-0030      9.99000000
  0.15166667     -0.09507659     12.00480192    1.34953248E+0000    2.05811017E-0030     10.01000000
  0.15196970     -0.09828196     12.00480192    1.70314005E+0000    2.59738086E-0030     10.03000000
  0.15227273     -0.10521172     12.00480192    2.13104679E+0000    3.24996182E-0030     10.05000000
  0.15257576     -0.11085716     12.00480192    2.67436036E+0000    4.07854447E-0030     10.07000000
  0.15287879     -0.11165969     12.00480192    3.39382763E+0000    5.17577103E-0030     10.09000000
  0.15318182     -0.12197948     12.00480192    4.21349400E+0000    6.42580666E-0030     10.11000000
  0.15348485     -0.13405557     12.00480192    5.21001135E+0000    7.94554962E-0030     10.13000000
  0.15378788     -0.13372473     12.00480192    6.62890653E+0000    1.01094417E-0029     10.15000000
  0.15409091     -0.14738623     12.00480192    8.16681628E+0000    1.24548374E-0029     10.17000000
  0.15439394     -0.14966740     12.00480192    1.03286604E+0001    1.57517668E-0029     10.19000000
  0.15469697     -0.16689136     12.00480192    1.26209609E+0001    1.92476492E-0029     10.21000000
  0.15500000     -0.18075388     12.00480192    1.55418348E+0001    2.37021403E-0029     10.23000000
  0.15530303     -0.18693989     12.00480192    1.94799869E+0001    2.97080356E-0029     10.25000000
  0.15560606     -0.19753503     12.00480192    2.41694023E+0001    3.68596482E-0029     10.27000000
  0.15590909     -0.21441519     12.00480192    2.95568489E+0001    4.50757962E-0029     10.29000000
  0.15621212     -0.22308525     12.00480192    3.68349813E+0001    5.61753424E-0029     10.31000000
  0.15651515     -0.23572619     12.00480192    4.54874820E+0001    6.93708748E-0029     10.33000000
  0.15681818     -0.25191826     12.00480192    5.57150108E+0001    8.49684105E-0029     10.35000000
  0.15712121     -0.27362884     12.00480192    6.73804676E+0001    1.02758864E-0028     10.37000000
  0.15742424     -0.28707043     12.00480192    8.30548144E+0001    1.26663092E-0028     10.39000000
  0.15772727     -0.29562773     12.00480192    1.03533261E+0002    1.57893834E-0028     10.41000000
  0.15803030     -0.32156675     12.00480192    1.23997595E+0002    1.89103051E-0028     10.43000000
  0.15833333     -0.32910696     12.00480192    1.54933538E+0002    2.36282041E-0028     10.45000000
  0.15863636     -0.34891266     12.00480192    1.88196750E+0002    2.87010241E-0028     10.47000000
  0.15893939     -0.36033972     12.00480192    2.33054477E+0002    3.55420706E-0028     10.49000000
  0.15924242     -0.38761782     12.00480192    2.78260610E+0002    4.24362509E-0028     10.51000000
  0.15954545     -0.41153870     12.00480192    3.34813715E+0002    5.10609058E-0028     10.53000000
  0.15984848     -0.42040644     12.00480192    4.17068971E+0002    6.36052781E-0028     10.55000000
  0.16015152     -0.44595842     12.00480192    4.99951971E+0002    7.62453846E-0028     10.57000000
  0.16045455     -0.47206590     12.00480192    5.98540021E+0002    9.12805965E-0028     10.59000000
  0.16075758     -0.49584961     12.00480192    7.20413535E+0002    1.09866968E-0027     10.61000000
  0.16106061     -0.50803091     12.00480192    8.90580026E+0002    1.35818280E-0027     10.63000000
  0.16136364     -0.53596683     12.00480192    1.06171858E+0003    1.61917836E-0027     10.65000000
  0.16166667     -0.55980375     12.00480192    1.27774702E+0003    1.94863344E-0027     10.67000000
  0.16196970     -0.58804814     12.00480192    1.52220405E+0003    2.32144366E-0027     10.69000000
  0.16227273     -0.61435093     12.00480192    1.82155575E+0003    2.77797122E-0027     10.71000000
  0.16257576     -0.64187616     12.00480192    2.17365004E+0003    3.31493410E-0027     10.73000000
  0.16287879     -0.64964122     12.00480192    2.71454441E+0003    4.13982731E-0027     10.75000000
  0.16318182     -0.68177953     12.00480192    3.20502202E+0003    4.88783226E-0027     10.77000000
  0.16348485     -0.71020648     12.00480192    3.81659836E+0003    5.82051931E-0027     10.79000000
  0.16378788     -0.74887778     12.00480192    4.43892224E+0003    6.76959695E-0027     10.81000000
  0.16409091     -0.77285570     12.00480192    5.34037807E+0003    8.14436594E-0027     10.83000000
  0.16439394     -0.79789592     12.00480192    6.40920515E+0003    9.77438514E-0027     10.85000000
  0.16469697     -0.82195206     12.00480192    7.70939706E+0003    1.17572483E-0026     10.87000000
  0.16500000     -0.85354431     12.00480192    9.11382224E+0003    1.38990728E-0026     10.89000000
  0.16530303     -0.88120048     12.00480192    1.08721833E+0004    1.65806687E-0026     10.91000000
  0.16560606     -0.92686668     12.00480192    1.24429382E+0004    1.89761550E-0026     10.93000000
  0.16590909     -0.94862691     12.00480192    1.50464866E+0004    2.29467074E-0026     10.95000000
  0.16621212     -0.95784177     12.00480192    1.87280530E+0004    2.85612956E-0026     10.97000000
  0.16651515     -0.98410944     12.00480192    2.24128633E+0004    3.41808311E-0026     10.99000000
  0.16681818     -1.05524223     12.00480192    2.41900594E+0004    3.68911514E-0026     11.01000000
  0.16712121     -1.06895137     12.00480192    2.97988962E+0004    4.54449314E-0026     11.03000000
  0.16742424     -1.07726043     12.00480192    3.71675137E+0004    5.66824724E-0026     11.05000000
  0.16772727     -1.10387178     12.00480192    4.44451668E+0004    6.77812878E-0026     11.07000000
  0.16803030     -1.16059140     12.00480192    4.95880810E+0004    7.56245106E-0026     11.09000000
  0.16833333     -1.20241429     12.00480192    5.72567636E+0004    8.73196671E-0026     11.11000000
  0.16863636     -1.19770531     12.00480192    7.35881967E+0004    1.12225988E-0025     11.13000000
  0.16893939     -1.29249163     12.00480192    7.52132276E+0004    1.14704248E-0025     11.15000000
  0.16924242     -1.33648728     12.00480192    8.64113850E+0004    1.31782045E-0025     11.17000000
  0.16954545     -1.35018104     12.00480192    1.06450961E+0005    1.62343484E-0025     11.19000000
  0.16984848     -1.37958297     12.00480192    1.26479473E+0005    1.92888050E-0025     11.21000000
  0.17015152     -1.39139230     12.00480192    1.56488740E+0005    2.38653808E-0025     11.23000000
  0.17045455     -1.49958770     12.00480192    1.55081531E+0005    2.36507738E-0025     11.25000000
  0.17075758     -1.46358035     12.00480192    2.14210035E+0005    3.26681911E-0025     11.27000000
  0.17106061     -1.53328458     12.00480192    2.31957262E+0005    3.53747393E-0025     11.29000000
  0.17136364     -1.60424549     12.00480192    2.50449081E+0005    3.81948419E-0025     11.31000000
  0.17166667     -1.59777945     12.00480192    3.23189966E+0005    4.92882211E-0025     11.33000000
  0.17196970     -1.64401262     12.00480192    3.69400164E+0005    5.63355267E-0025     11.35000000
  0.17227273     -1.71634701     12.00480192    3.97589662E+0005    6.06345779E-0025     11.37000000
  0.17257576     -1.73354904     12.00480192    4.85853615E+0005    7.40953089E-0025     11.39000000
  0.17287879     -1.78634974     12.00480192    5.46987148E+0005    8.34185040E-0025     11.41000000
  0.17318182     -1.84837064     12.00480192    6.02876847E+0005    9.19419859E-0025     11.43000000
  0.17348485     -1.81360853     12.00480192    8.30353644E+0005    1.26633430E-0024     11.45000000
  0.17378788     -1.87996962     12.00480192    9.06096365E+0005    1.38184606E-0024     11.47000000
  0.17409091     -2.03311922     12.00480192    8.09649739E+0005    1.23475972E-0024     11.49000000
  0.17439394     -2.02732854     12.00480192    1.04318238E+0006    1.59090966E-0024     11.51000000
  0.17469697     -2.08903419     12.00480192    1.15060691E+0006    1.75473788E-0024     11.53000000
  0.17500000     -2.07597172     12.00480192    1.50751567E+0006    2.29904308E-0024     11.55000000
  0.17530303     -2.06017745     12.00480192    1.98759770E+0006    3.03119420E-0024     11.57000000
  0.17560606     -2.12352011     12.00480192    2.18402802E+0006    3.33076107E-0024     11.59000000
  0.17590909     -2.16491280     12.00480192    2.52428220E+0006    3.84966714E-0024     11.61000000
  0.17621212     -2.22858188     12.00480192    2.77166801E+0006    4.22694390E-0024     11.63000000
  0.17651515     -2.38676155     12.00480192    2.44812689E+0006    3.73352617E-0024     11.65000000
  0.17681818     -2.30867839     12.00480192    3.72554201E+0006    5.68165344E-0024     11.67000000
  0.17712121     -2.44287749     12.00480192    3.47746487E+0006    5.30332236E-0024     11.69000000
  0.17742424     -2.41391380     12.00480192    4.72605566E+0006    7.20749097E-0024     11.71000000
  0.17772727     -2.44287749     12.00480192    5.62092151E+0006    8.57220988E-0024     11.73000000
  0.17803030     -2.45043063     12.00480192    7.02306629E+0006    1.07105566E-0023     11.75000000
  0.17833333     -2.57283703     12.00480192    6.73585535E+0006    1.02725444E-0023     11.77000000
  0.17863636     -2.62652189     12.00480192    7.56798526E+0006    1.15415876E-0023     11.79000000
  0.17893939     -2.80836548     12.00480192    6.33007819E+0006    9.65371224E-0024     11.81000000
  0.17924242     -2.72918423     12.00480192    9.65745526E+0006    1.47281426E-0023     11.83000000
  0.17954545     -2.95103298     12.00480192    7.36692655E+0006    1.12349622E-0023     11.85000000
  0.17984848     -2.92755188     12.00480192    9.88643739E+0006    1.50773527E-0023     11.87000000
  0.18015152     -2.90527549     12.00480192    1.32308760E+0007    2.01778029E-0023     11.89000000
  0.18045455     -3.06017745     12.00480192    1.17749487E+0007    1.79574348E-0023     11.91000000
  0.18075758     -3.09236213     12.00480192    1.39010218E+0007    2.11998116E-0023     11.93000000
  0.18106061     -3.03021423     12.00480192    2.03923378E+0007    3.10994202E-0023     11.95000000
  0.18136364     -2.97585656     12.00480192    2.93830628E+0007    4.48107630E-0023     11.97000000
  0.18166667     -3.09236213     12.00480192    2.85669503E+0007    4.35661472E-0023     11.99000000
  0.18196970     -3.12712424     12.00480192    3.35254146E+0007    5.11280740E-0023     12.01000000
  0.18227273     -3.50733548     12.00480192    1.77596867E+0007    2.70844846E-0023     12.03000000
  0.18257576     -3.42815423     12.00480192    2.70949860E+0007    4.13213219E-0023     12.05000000
  0.18287879     -3.30321550     12.00480192    4.59303815E+0007    7.00463206E-0023     12.07000000
  0.18318182     -3.60424549     12.00480192    2.91972832E+0007    4.45274389E-0023     12.09000000
  0.18348485     -3.50733548     12.00480192    4.64007328E+0007    7.07636318E-0023     12.11000000
  0.18378788     -3.36120745     12.00480192    8.25895804E+0007    1.25953585E-0022     12.13000000
  0.18409091     -3.50733548     12.00480192    7.50014412E+0007    1.14381262E-0022     12.15000000
  0.18439394     -3.90527549     12.00480192    3.81418702E+0007    5.81684189E-0023     12.17000000
  0.18469697     -3.90527549     12.00480192    4.84924771E+0007    7.39536552E-0023     12.19000000
  0.18530303     -3.36120745     12.00480192    2.74338767E+0008    4.18381485E-0022     12.23000000
  0.18590909     -3.60424549     12.00480192    2.53392586E+0008    3.86437424E-0022     12.27000000
  0.18621212     -4.20630549     12.00480192    8.05390118E+0007    1.22826357E-0022     12.29000000
  0.18651515     -4.20630549     12.00480192    1.02394984E+0008    1.56157899E-0022     12.31000000
  0.18681818     -4.20630549     12.00480192    1.30182038E+0008    1.98534662E-0022     12.33000000
  0.18712121     -4.20630549     12.00480192    1.65509700E+0008    2.52411260E-0022     12.35000000
  0.18803030     -4.20630549     12.00480192    3.40126605E+0008    5.18711503E-0022     12.41000000
  0.18863636     -4.20630549     12.00480192    5.49775489E+0008    8.38437411E-0022     12.45000000
  0.19106061     -4.20630549     12.00480192    3.75287803E+0009    5.72334236E-0021     12.61000000
