  0.12712121     -3.90299442      9.49667616    4.59001069E-0014    7.00001501E-0044      8.39000000
  0.12954545     -3.90299442      9.49667616    2.09754045E-0013    3.19886285E-0043      8.55000000
  0.12984848     -3.90299442      9.49667616    2.53628134E-0013    3.86796647E-0043      8.57000000
  0.13075758     -3.90299442      9.49667616    4.48392841E-0013    6.83823379E-0043      8.63000000
  0.13106061     -3.90299442      9.49667616    5.42182818E-0013    8.26858177E-0043      8.65000000
  0.13166667     -3.30093443      9.49667616    3.17088071E-0012    4.83576490E-0042      8.69000000
  0.13196970     -3.60196443      9.49667616    1.91706567E-0012    2.92362902E-0042      8.71000000
  0.13227273     -3.90299442      9.49667616    1.15902839E-0012    1.76758110E-0042      8.73000000
  0.13257576     -3.30093443      9.49667616    5.60584580E-0012    8.54921861E-0042      8.75000000
  0.13287879     -2.99990443      9.49667616    1.35568323E-0011    2.06749039E-0041      8.77000000
  0.13318182     -3.20402443      9.49667616    1.02453149E-0011    1.56246604E-0041      8.79000000
  0.13348485     -3.60196443      9.49667616    4.95532787E-0012    7.55714352E-0042      8.81000000
  0.13378788     -3.30093443      9.49667616    1.19836598E-0011    1.82757306E-0041      8.83000000
  0.13409091     -2.86160175      9.49667616    3.98482481E-0011    6.07707376E-0041      8.85000000
  0.13439394     -2.86160175      9.49667616    4.81832748E-0011    7.34821050E-0041      8.87000000
  0.13469697     -2.72690319      9.49667616    7.94478153E-0011    1.21162223E-0040      8.89000000
  0.13500000     -2.62424083      9.49667616    1.21683417E-0010    1.85573805E-0040      8.91000000
  0.13530303     -2.52278320      9.49667616    1.85855797E-0010    2.83440161E-0040      8.93000000
  0.13560606     -2.62424083      9.49667616    1.77912130E-0010    2.71325639E-0040      8.95000000
  0.13590909     -2.67254550      9.49667616    1.92481044E-0010    2.93544023E-0040      8.97000000
  0.13621212     -2.44059645      9.49667616    3.97030714E-0010    6.05493352E-0040      8.99000000
  0.13651515     -2.42587319      9.49667616    4.96631705E-0010    7.57390261E-0040      9.01000000
  0.13681818     -2.31192984      9.49667616    7.80665287E-0010    1.19055686E-0039      9.03000000
  0.13712121     -2.35892640      9.49667616    8.47140391E-0010    1.29193500E-0039      9.05000000
  0.13742424     -2.24023660      9.49667616    1.34627031E-0009    2.05313518E-0039      9.07000000
  0.13772727     -2.16263177      9.49667616    1.94636456E-0009    2.96831142E-0039      9.09000000
  0.13803030     -2.06414535      9.49667616    2.95255292E-0009    4.50280320E-0039      9.11000000
  0.13833333     -2.03376273      9.49667616    3.82884149E-0009    5.83919075E-0039      9.13000000
  0.13863636     -2.02793320      9.49667616    4.69228088E-0009    7.15598261E-0039      9.15000000
  0.13893939     -1.94875194      9.49667616    6.80851401E-0009    1.03833528E-0038      9.17000000
  0.13924242     -1.86160177      9.49667616    1.00621222E-0008    1.53452817E-0038      9.19000000
  0.13954545     -1.80608441      9.49667616    1.38259197E-0008    2.10852767E-0038      9.21000000
  0.13984848     -1.73864158      9.49667616    1.95264791E-0008    2.97789387E-0038      9.23000000
  0.14015152     -1.74765841      9.49667616    2.31256633E-0008    3.52678897E-0038      9.25000000
  0.14045455     -1.65257444      9.49667616    3.48068918E-0008    5.30823961E-0038      9.27000000
  0.14075758     -1.61073838      9.49667616    4.63434523E-0008    7.06762759E-0038      9.29000000
  0.14106061     -1.58912721      9.49667616    5.88961133E-0008    8.98197642E-0038      9.31000000
  0.14136364     -1.57871198      9.49667616    7.29438945E-0008    1.11243392E-0037      9.33000000
  0.14166667     -1.44209662      9.49667616    1.20806802E-0007    1.84236920E-0037      9.35000000
  0.14196970     -1.40193519      9.49667616    1.60228549E-0007    2.44357219E-0037      9.37000000
  0.14227273     -1.40056733      9.49667616    1.94354610E-0007    2.96401311E-0037      9.39000000
  0.14257576     -1.33362054      9.49667616    2.74175542E-0007    4.18132558E-0037      9.41000000
  0.14287879     -1.26152033      9.49667616    3.91395660E-0007    5.96899591E-0037      9.43000000
  0.14318182     -1.22813331      9.49667616    5.11081432E-0007    7.79426878E-0037      9.45000000
  0.14348485     -1.20142648      9.49667616    6.57179515E-0007    1.00223437E-0036      9.47000000
  0.14378788     -1.21191295      9.49667616    7.75683629E-0007    1.18295957E-0036      9.49000000
  0.14409091     -1.13287917      9.49667616    1.12513722E-0006    1.71589523E-0036      9.51000000
  0.14439394     -1.06984733      9.49667616    1.57298439E-0006    2.39888642E-0036      9.53000000
  0.14469697     -1.10434379      9.49667616    1.75677052E-0006    2.67917023E-0036      9.55000000
  0.14500000     -1.03907708      9.49667616    2.46870289E-0006    3.76490568E-0036      9.57000000
  0.14530303     -0.95654218      9.49667616    3.60986368E-0006    5.50523772E-0036      9.59000000
  0.14560606     -0.91801733      9.49667616    4.76982816E-0006    7.27424641E-0036      9.61000000
  0.14590909     -0.91309989      9.49667616    5.83320518E-0006    8.89595398E-0036      9.63000000
  0.14621212     -0.88596110      9.49667616    7.50815329E-0006    1.14503406E-0035      9.65000000
  0.14651515     -0.84494819      9.49667616    9.97776141E-0006    1.52166268E-0035      9.67000000
  0.14681818     -0.83184917      9.49667616    1.24342392E-0005    1.89628885E-0035      9.69000000
  0.14712121     -0.76945553      9.49667616    1.73580100E-0005    2.64719058E-0035      9.71000000
  0.14742424     -0.76881733      9.49667616    2.10196373E-0005    3.20560859E-0035      9.73000000
  0.14772727     -0.72344265      9.49667616    2.82154500E-0005    4.30300901E-0035      9.75000000
  0.14803030     -0.69160689      9.49667616    3.67121499E-0005    5.59880179E-0035      9.77000000
  0.14833333     -0.67587937      9.49667616    4.60282456E-0005    7.01955687E-0035      9.79000000
  0.14863636     -0.63746911      9.49667616    6.08025458E-0005    9.27271770E-0035      9.81000000
  0.14893939     -0.62127947      9.49667616    7.63129928E-0005    1.16381449E-0034      9.83000000
  0.14924242     -0.59336426      9.49667616    9.84012859E-0005    1.50067293E-0034      9.85000000
  0.14954545     -0.56613461      9.49667616    1.26682758E-0004    1.93198071E-0034      9.87000000
  0.14984848     -0.55840568      9.49667616    1.55931379E-0004    2.37803803E-0034      9.89000000
  0.15015152     -0.53694523      9.49667616    1.98098437E-0004    3.02110851E-0034      9.91000000
  0.15045455     -0.51792465      9.49667616    2.50258429E-0004    3.81657665E-0034      9.93000000
  0.15075758     -0.48935944      9.49667616    3.23177411E-0004    4.92863064E-0034      9.95000000
  0.15106061     -0.44526389      9.49667616    4.32537370E-0004    6.59642928E-0034      9.97000000
  0.15136364     -0.43820694      9.49667616    5.31578815E-0004    8.10686497E-0034      9.99000000
  0.15166667     -0.42040668      9.49667616    6.69661000E-0004    1.02126931E-0033     10.01000000
  0.15196970     -0.41613909      9.49667616    8.17729529E-0004    1.24708184E-0033     10.03000000
  0.15227273     -0.39798019      9.49667616    1.03099286E-0003    1.57231997E-0033     10.05000000
  0.15257576     -0.37305106      9.49667616    1.32029771E-0003    2.01352556E-0033     10.07000000
  0.15287879     -0.34022590      9.49667616    1.72180559E-0003    2.62584682E-0033     10.09000000
  0.15318182     -0.34272905      9.49667616    2.06998902E-0003    3.15684543E-0033     10.11000000
  0.15348485     -0.32722946      9.49667616    2.59390883E-0003    3.95585153E-0033     10.13000000
  0.15378788     -0.31181849      9.49667616    3.24977103E-0003    4.95607692E-0033     10.15000000
  0.15409091     -0.30136898      9.49667616    4.02521756E-0003    6.13867490E-0033     10.17000000
  0.15439394     -0.27809385      9.49667616    5.13513146E-0003    7.83135373E-0033     10.19000000
  0.15469697     -0.27195675      9.49667616    6.29760984E-0003    9.60419625E-0033     10.21000000
  0.15500000     -0.26320925      9.49667616    7.76980878E-0003    1.18493794E-0032     10.23000000
  0.15530303     -0.24260336      9.49667616    9.85152119E-0003    1.50241036E-0032     10.25000000
  0.15560606     -0.24460144      9.49667616    1.18574772E-0002    1.80832953E-0032     10.27000000
  0.15590909     -0.23089659      9.49667616    1.47973597E-0002    2.25667754E-0032     10.29000000
  0.15621212     -0.22840882      9.49667616    1.79952994E-0002    2.74438067E-0032     10.31000000
  0.15651515     -0.21439666      9.49667616    2.24728590E-0002    3.42723277E-0032     10.33000000
  0.15681818     -0.20013326      9.49667616    2.80807565E-0002    4.28246753E-0032     10.35000000
  0.15712121     -0.19747282      9.49667616    3.41630256E-0002    5.21004653E-0032     10.37000000
  0.15742424     -0.19414879      9.49667616    4.16262641E-0002    6.34823084E-0032     10.39000000
  0.15772727     -0.17855473      9.49667616    5.21733320E-0002    7.95671585E-0032     10.41000000
  0.15803030     -0.17512800      9.49667616    6.35861295E-0002    9.69722930E-0032     10.43000000
  0.15833333     -0.16152770      9.49667616    7.93322503E-0002    1.20985980E-0031     10.45000000
  0.15863636     -0.16915546      9.49667616    9.42560181E-0002    1.43745535E-0031     10.47000000
  0.15893939     -0.16707634      9.49667616    1.14518404E-0001    1.74646772E-0031     10.49000000
  0.15924242     -0.14803486      9.49667616    1.44678452E-0001    2.20642479E-0031     10.51000000
  0.15954545     -0.14994787      9.49667616    1.74171832E-0001    2.65621481E-0031     10.53000000
  0.15984848     -0.15148441      9.49667616    2.09859417E-0001    3.20046983E-0031     10.55000000
  0.16015152     -0.14750073      9.49667616    2.56093895E-0001    3.90557067E-0031     10.57000000
  0.16045455     -0.15217760      9.49667616    3.06344041E-0001    4.67191262E-0031     10.59000000
  0.16075758     -0.16176402      9.49667616    3.62334846E-0001    5.52580274E-0031     10.61000000
  0.16106061     -0.14106659      9.49667616    4.59509622E-0001    7.00777073E-0031     10.63000000
  0.16136364     -0.15148441      9.49667616    5.42455189E-0001    8.27273557E-0031     10.65000000
  0.16166667     -0.15511673      9.49667616    6.50457065E-0001    9.91982270E-0031     10.67000000
  0.16196970     -0.15995528      9.49667616    7.77798617E-0001    1.18618504E-0030     10.69000000
  0.16227273     -0.15310359      9.49667616    9.55445534E-0001    1.45710621E-0030     10.71000000
  0.16257576     -0.15449630      9.49667616    1.15159641E+0000    1.75624693E-0030     10.73000000
  0.16287879     -0.16271073      9.49667616    1.36638459E+0000    2.08381054E-0030     10.75000000
  0.16318182     -0.16923560      9.49667616    1.62755309E+0000    2.48210665E-0030     10.77000000
  0.16348485     -0.16342209      9.49667616    1.99450790E+0000    3.04173263E-0030     10.79000000
  0.16378788     -0.17455951      9.49667616    2.35063620E+0000    3.58484759E-0030     10.81000000
  0.16409091     -0.18258705      9.49667616    2.79026182E+0000    4.25530047E-0030     10.83000000
  0.16439394     -0.18724172      9.49667616    3.33793109E+0000    5.09052579E-0030     10.85000000
  0.16469697     -0.19296175      9.49667616    3.98331286E+0000    6.07476796E-0030     10.87000000
  0.16500000     -0.20177196      9.49667616    4.71977497E+0000    7.19791257E-0030     10.89000000
  0.16530303     -0.20220422      9.49667616    5.70132914E+0000    8.69483587E-0030     10.91000000
  0.16560606     -0.22311251      9.49667616    6.56984170E+0000    1.00193646E-0029     10.93000000
  0.16590909     -0.20830152      9.49667616    8.21964343E+0000    1.25354016E-0029     10.95000000
  0.16621212     -0.22593527      9.49667616    9.54346979E+0000    1.45543086E-0029     10.97000000
  0.16651515     -0.24699213      9.49667616    1.09935139E+0001    1.67657043E-0029     10.99000000
  0.16681818     -0.24718395      9.49667616    1.32871486E+0001    2.02636217E-0029     11.01000000
  0.16712121     -0.24795210      9.49667616    1.60380188E+0001    2.44588477E-0029     11.03000000
  0.16742424     -0.27226156      9.49667616    1.83370025E+0001    2.79649225E-0029     11.05000000
  0.16772727     -0.28609901      9.49667616    2.14772152E+0001    3.27539170E-0029     11.07000000
  0.16803030     -0.29148354      9.49667616    2.56495958E+0001    3.91170234E-0029     11.09000000
  0.16833333     -0.30289319      9.49667616    3.02105026E+0001    4.60726535E-0029     11.11000000
  0.16863636     -0.32321085      9.49667616    3.48599998E+0001    5.31633886E-0029     11.13000000
  0.16893939     -0.34862644      9.49667616    3.97556506E+0001    6.06295214E-0029     11.15000000
  0.16924242     -0.34237056      9.49667616    4.87687726E+0001    7.43750209E-0029     11.17000000
  0.16954545     -0.35399118      9.49667616    5.74127419E+0001    8.75575424E-0029     11.19000000
  0.16984848     -0.36681490      9.49667616    6.74018241E+0001    1.02791434E-0028     11.21000000
  0.17015152     -0.37989862      9.49667616    7.90815205E+0001    1.20603604E-0028     11.23000000
  0.17045455     -0.41543189      9.49667616    8.81107357E+0001    1.34373646E-0028     11.25000000
  0.17075758     -0.41755695      9.49667616    1.06020743E+0002    1.61687378E-0028     11.27000000
  0.17106061     -0.43258396      9.49667616    1.23837142E+0002    1.88858352E-0028     11.29000000
  0.17136364     -0.45894963      9.49667616    1.40919899E+0002    2.14910482E-0028     11.31000000
  0.17166667     -0.47372680      9.49667616    1.64695692E+0002    2.51169855E-0028     11.33000000
  0.17196970     -0.48868975      9.49667616    1.92400576E+0002    2.93421304E-0028     11.35000000
  0.17227273     -0.49019801      9.49667616    2.31838304E+0002    3.53565976E-0028     11.37000000
  0.17257576     -0.50749332      9.49667616    2.69387205E+0002    4.10830085E-0028     11.39000000
  0.17287879     -0.53994686      9.49667616    3.02280755E+0002    4.60994531E-0028     11.41000000
  0.17318182     -0.55294034      9.49667616    3.54735047E+0002    5.40990169E-0028     11.43000000
  0.17348485     -0.56995043      9.49667616    4.12459292E+0002    6.29022770E-0028     11.45000000
  0.17378788     -0.58765396      9.49667616    4.78811579E+0002    7.30213603E-0028     11.47000000
  0.17409091     -0.61676259      9.49667616    5.41430975E+0002    8.25711575E-0028     11.49000000
  0.17439394     -0.63511901      9.49667616    6.27586730E+0002    9.57103771E-0028     11.51000000
  0.17469697     -0.66570212      9.49667616    7.07257770E+0002    1.07860642E-0027     11.53000000
  0.17500000     -0.67485084      9.49667616    8.37367475E+0002    1.27703077E-0027     11.55000000
  0.17530303     -0.69941767      9.49667616    9.56833435E+0002    1.45922284E-0027     11.57000000
  0.17560606     -0.71943992      9.49667616    1.10484453E+0003    1.68494778E-0027     11.59000000
  0.17590909     -0.72864384      9.49667616    1.30792950E+0003    1.99466335E-0027     11.61000000
  0.17621212     -0.76786180      9.49667616    1.44495210E+0003    2.20363025E-0027     11.63000000
  0.17651515     -0.79680356      9.49667616    1.63455212E+0003    2.49278056E-0027     11.65000000
  0.17681818     -0.81663463      9.49667616    1.88822952E+0003    2.87965233E-0027     11.67000000
  0.17712121     -0.82817800      9.49667616    2.22330219E+0003    3.39065631E-0027     11.69000000
  0.17742424     -0.85610927      9.49667616    2.52089239E+0003    3.84449749E-0027     11.71000000
  0.17772727     -0.88889410      9.49667616    2.82654923E+0003    4.31064074E-0027     11.73000000
  0.17803030     -0.94157336      9.49667616    3.02736220E+0003    4.61689140E-0027     11.75000000
  0.17833333     -0.93125486      9.49667616    3.74860744E+0003    5.71682948E-0027     11.77000000
  0.17863636     -0.97357553      9.49667616    4.11184161E+0003    6.27078126E-0027     11.79000000
  0.17893939     -1.00481795      9.49667616    4.62680326E+0003    7.05612568E-0027     11.81000000
  0.17924242     -0.99773841      9.49667616    5.68653417E+0003    8.67227274E-0027     11.83000000
  0.17954545     -1.03025561      9.49667616    6.37995379E+0003    9.72977525E-0027     11.85000000
  0.17984848     -1.10990286      9.49667616    6.42180869E+0003    9.79360624E-0027     11.87000000
  0.18015152     -1.15870144      9.49667616    6.93978262E+0003    1.05835445E-0026     11.89000000
  0.18045455     -1.17140568      9.49667616    8.14945765E+0003    1.24283645E-0026     11.91000000
  0.18075758     -1.14483982      9.49667616    1.04756662E+0004    1.59759586E-0026     11.93000000
  0.18106061     -1.22175321      9.49667616    1.06109763E+0004    1.61823138E-0026     11.95000000
  0.18136364     -1.21904733      9.49667616    1.29106559E+0004    1.96894498E-0026     11.97000000
  0.18166667     -1.25268693      9.49667616    1.44476026E+0004    2.20333769E-0026     11.99000000
  0.18196970     -1.29661308      9.49667616    1.57890759E+0004    2.40791962E-0026     12.01000000
  0.18227273     -1.29876841      9.49667616    1.89971507E+0004    2.89716842E-0026     12.03000000
  0.18257576     -1.34790001      9.49667616    2.05136974E+0004    3.12845000E-0026     12.05000000
  0.18287879     -1.38316644      9.49667616    2.28699176E+0004    3.48778637E-0026     12.07000000
  0.18318182     -1.39784445      9.49667616    2.67345984E+0004    4.07717113E-0026     12.09000000
  0.18348485     -1.47002514      9.49667616    2.73766345E+0004    4.17508510E-0026     12.11000000
  0.18378788     -1.51560461      9.49667616    2.98049004E+0004    4.54540881E-0026     12.13000000
  0.18409091     -1.53377859      9.49667616    3.45621514E+0004    5.27091536E-0026     12.15000000
  0.18439394     -1.57055599      9.49667616    3.83981631E+0004    5.85592795E-0026     12.17000000
  0.18469697     -1.58284814      9.49667616    4.51341617E+0004    6.88320423E-0026     12.19000000
  0.18500000     -1.60414138      9.49667616    5.19635998E+0004    7.92473055E-0026     12.21000000
  0.18530303     -1.63348150      9.49667616    5.87281316E+0004    8.95635830E-0026     12.23000000
  0.18560606     -1.69347943      9.49667616    6.18493785E+0004    9.43236536E-0026     12.25000000
  0.18590909     -1.73567713      9.49667616    6.78616971E+0004    1.03492765E-0025     12.27000000
  0.18621212     -1.72115084      9.49667616    8.48473119E+0004    1.29396748E-0025     12.29000000
  0.18651515     -1.86160177      9.49667616    7.42462013E+0004    1.13229480E-0025     12.31000000
  0.18681818     -1.76945552      9.49667616    1.10996063E+0005    1.69275011E-0025     12.33000000
  0.18712121     -1.88180515      9.49667616    1.03620342E+0005    1.58026637E-0025     12.35000000
  0.18742424     -1.85767146      9.49667616    1.32454219E+0005    2.01999862E-0025     12.37000000
  0.18772727     -1.92986660      9.49667616    1.35630616E+0005    2.06844038E-0025     12.39000000
  0.18803030     -1.98918060      9.49667616    1.43064149E+0005    2.18180579E-0025     12.41000000
  0.18833333     -2.05789641      9.49667616    1.47673337E+0005    2.25209840E-0025     12.43000000
  0.18863636     -2.08345051      9.49667616    1.68358507E+0005    2.56755846E-0025     12.45000000
  0.18893939     -2.16263177      9.49667616    1.69644932E+0005    2.58717715E-0025     12.47000000
  0.18924242     -2.09681445      9.49667616    2.38696083E+0005    3.64024461E-0025     12.49000000
  0.18954545     -2.34669193      9.49667616    1.62350973E+0005    2.47594031E-0025     12.51000000
  0.18984848     -2.24023660      9.49667616    2.50840292E+0005    3.82545037E-0025     12.53000000
  0.19015152     -2.30093444      9.49667616    2.63746402E+0005    4.02227554E-0025     12.55000000
  0.19045455     -2.41163275      9.49667616    2.47158364E+0005    3.76929898E-0025     12.57000000
  0.19075758     -2.35892640      9.49667616    3.37418384E+0005    5.14581319E-0025     12.59000000
  0.19106061     -2.42587319      9.49667616    3.49710793E+0005    5.33327909E-0025     12.61000000
  0.19136364     -2.54126660      9.49667616    3.24192308E+0005    4.94410837E-0025     12.63000000
  0.19166667     -2.56057175      9.49667616    3.74959736E+0005    5.71833915E-0025     12.65000000
  0.19196970     -2.44059645      9.49667616    5.97650137E+0005    9.11448844E-0025     12.67000000
  0.19227273     -2.54126660      9.49667616    5.73144264E+0005    8.74076059E-0025     12.69000000
  0.19257576     -2.60196444      9.49667616    6.02633397E+0005    9.19048586E-0025     12.71000000
  0.19287879     -2.75686641      9.49667616    5.10080012E+0005    7.77899658E-0025     12.73000000
  0.19318182     -2.82381319      9.49667616    5.28662618E+0005    8.06239138E-0025     12.75000000
  0.19348485     -2.75686641      9.49667616    7.45782980E+0005    1.13735946E-0024     12.77000000
  0.19378788     -2.86160175      9.49667616    7.08539728E+0005    1.08056148E-0024     12.79000000
  0.19409091     -2.82381319      9.49667616    9.34630276E+0005    1.42536182E-0024     12.81000000
  0.19439394     -2.99990443      9.49667616    7.53417466E+0005    1.14900246E-0024     12.83000000
  0.19469697     -2.90299443      9.49667616    1.13876148E+0006    1.73667296E-0024     12.85000000
  0.19500000     -2.99990443      9.49667616    1.10156428E+0006    1.67994522E-0024     12.87000000
  0.19530303     -2.94875192      9.49667616    1.49847480E+0006    2.28525527E-0024     12.89000000
  0.19560606     -3.42587318      9.49667616    6.03969850E+0005    9.21086748E-0025     12.91000000
  0.19590909     -2.99990443      9.49667616    1.94747140E+0006    2.96999942E-0024     12.93000000
  0.19621212     -3.12484319      9.49667616    1.76611678E+0006    2.69342379E-0024     12.95000000
  0.19651515     -3.42587318      9.49667616    1.06776702E+0006    1.62840256E-0024     12.97000000
  0.19681818     -3.20402443      9.49667616    2.15185171E+0006    3.28169046E-0024     12.99000000
  0.19712121     -3.42587318      9.49667616    1.56117168E+0006    2.38087141E-0024     13.01000000
  0.19742424     -3.60196443      9.49667616    1.25848054E+0006    1.91925101E-0024     13.03000000
  0.19772727     -3.30093443      9.49667616    3.04343184E+0006    4.64139847E-0024     13.05000000
  0.19803030     -3.42587318      9.49667616    2.76001796E+0006    4.20917694E-0024     13.07000000
  0.19833333     -3.60196443      9.49667616    2.22488592E+0006    3.39307158E-0024     13.09000000
  0.19863636     -3.60196443      9.49667616    2.69026355E+0006    4.10279769E-0024     13.11000000
  0.19893939     -3.60196443      9.49667616    3.25298386E+0006    4.96097666E-0024     13.13000000
  0.19924242     -3.60196443      9.49667616    3.93340794E+0006    5.99866025E-0024     13.15000000
  0.19954545     -3.90299442      9.49667616    2.37807789E+0006    3.62669765E-0024     13.17000000
  0.19984848     -3.90299442      9.49667616    2.87549857E+0006    4.38529114E-0024     13.19000000
  0.20015152     -3.90299442      9.49667616    3.47696435E+0006    5.30255904E-0024     13.21000000
  0.20106061     -3.90299442      9.49667616    6.14697548E+0006    9.37447070E-0024     13.27000000
  0.20166667     -3.60196443      9.49667616    1.79748651E+0007    2.74126432E-0023     13.31000000
  0.20257576     -3.90299442      9.49667616    1.58890118E+0007    2.42316039E-0023     13.37000000
  0.20318182     -3.90299442      9.49667616    2.32311682E+0007    3.54287903E-0023     13.41000000
  0.20378788     -3.90299442      9.49667616    3.39660630E+0007    5.18000866E-0023     13.45000000
  0.20500000     -3.90299442      9.49667616    7.26095149E+0007    1.10733445E-0022     13.53000000
  0.20712121     -3.90299442      9.49667616    2.74412002E+0008    4.18493173E-0022     13.67000000
