  0.12681818     -4.30103001     10.50420168    3.93538328E-0014    6.00167275E-0044      8.37000000
  0.12712121     -3.82390872     10.50420168    1.45662131E-0013    2.22142643E-0043      8.39000000
  0.12742424     -3.69897002     10.50420168    2.39620351E-0013    3.65434020E-0043      8.41000000
  0.12772727     -4.00000001     10.50420168    1.47819606E-0013    2.25432910E-0043      8.43000000
  0.12803030     -4.00000001     10.50420168    1.82377130E-0013    2.78135006E-0043      8.45000000
  0.12833333     -3.82390872     10.50420168    3.37520383E-0013    5.14736873E-0043      8.47000000
  0.12863636     -4.00000001     10.50420168    2.77617636E-0013    4.23381937E-0043      8.49000000
  0.12893939     -3.45593197     10.50420168    1.19881848E-0012    1.82826314E-0042      8.51000000
  0.12924242     -3.39794002     10.50420168    1.69037755E-0012    2.57791736E-0042      8.53000000
  0.12954545     -3.60205997     10.50420168    1.30347318E-0012    1.98786724E-0042      8.55000000
  0.12984848     -3.34678749     10.50420168    2.89476234E-0012    4.41466943E-0042      8.57000000
  0.13015152     -3.25963731     10.50420168    4.36517271E-0012    6.65712492E-0042      8.59000000
  0.13045455     -3.30102998     10.50420168    4.89606423E-0012    7.46676325E-0042      8.61000000
  0.13075758     -2.99999998     10.50420168    1.20813492E-0011    1.84247122E-0041      8.63000000
  0.13106061     -2.93930215     10.50420168    1.71416098E-0011    2.61418838E-0041      8.65000000
  0.13136364     -2.93930215     10.50420168    2.11490050E-0011    3.22533787E-0041      8.67000000
  0.13166667     -2.69896998     10.50420168    4.53795770E-0011    6.92063139E-0041      8.69000000
  0.13196970     -2.75696194     10.50420168    4.89899308E-0011    7.47122991E-0041      8.71000000
  0.13227273     -2.65757732     10.50420168    7.59853344E-0011    1.15881752E-0040      8.73000000
  0.13257576     -2.63827215     10.50420168    9.80106530E-0011    1.49471557E-0040      8.75000000
  0.13287879     -2.48148606     10.50420168    1.73499294E-0010    2.64595824E-0040      8.77000000
  0.13318182     -2.40340293     10.50420168    2.56223633E-0010    3.90754924E-0040      8.79000000
  0.13348485     -2.30103001     10.50420168    4.00157021E-0010    6.10261140E-0040      8.81000000
  0.13378788     -2.37675073     10.50420168    4.14713390E-0010    6.32460392E-0040      8.83000000
  0.13409091     -2.21467017     10.50420168    7.43133683E-0010    1.13331913E-0039      8.85000000
  0.13439394     -2.18708663     10.50420168    9.76987083E-0010    1.48995824E-0039      8.87000000
  0.13469697     -2.08884238     10.50420168    1.51137213E-0009    2.30492439E-0039      8.89000000
  0.13500000     -2.03621216     10.50420168    2.10494119E-0009    3.21014937E-0039      8.91000000
  0.13530303     -1.97469415     10.50420168    2.99223927E-0009    4.56332703E-0039      8.93000000
  0.13560606     -1.87127770     10.50420168    4.68436903E-0009    7.14391660E-0039      8.95000000
  0.13590909     -1.85232367     10.50420168    6.03730997E-0009    9.20722484E-0039      8.97000000
  0.13621212     -1.75202674     10.50420168    9.38379983E-0009    1.43108032E-0038      8.99000000
  0.13651515     -1.73992859     10.50420168    1.19046112E-0008    1.81551772E-0038      9.01000000
  0.13681818     -1.65757732     10.50420168    1.77543520E-0008    2.70763489E-0038      9.03000000
  0.13712121     -1.60730303     10.50420168    2.45933366E-0008    3.75061709E-0038      9.05000000
  0.13742424     -1.58419228     10.50420168    3.20012204E-0008    4.88035952E-0038      9.07000000
  0.13772727     -1.55129367     10.50420168    4.25895929E-0008    6.49514369E-0038      9.09000000
  0.13803030     -1.48017199     10.50420168    6.18961317E-0008    9.43949549E-0038      9.11000000
  0.13833333     -1.41116826     10.50420168    8.95170104E-0008    1.36518291E-0037      9.13000000
  0.13863636     -1.35951858     10.50420168    1.24392326E-0007    1.89705038E-0037      9.15000000
  0.13893939     -1.31650267     10.50420168    1.69452441E-0007    2.58424155E-0037      9.17000000
  0.13924242     -1.28735028     10.50420168    2.23582886E-0007    3.40976016E-0037      9.19000000
  0.13954545     -1.23395914     10.50420168    3.11937826E-0007    4.75722088E-0037      9.21000000
  0.13984848     -1.18210422     10.50420168    4.33671907E-0007    6.61373158E-0037      9.23000000
  0.14015152     -1.14327109     10.50420168    5.85103582E-0007    8.92314667E-0037      9.25000000
  0.14045455     -1.11294561     10.50420168    7.74099117E-0007    1.18054310E-0036      9.27000000
  0.14075758     -1.05453140     10.50420168    1.09256963E-0006    1.66622788E-0036      9.29000000
  0.14106061     -1.01999663     10.50420168    1.45956093E-0006    2.22590951E-0036      9.31000000
  0.14136364     -0.98568952     10.50420168    1.94880180E-0006    2.97202834E-0036      9.33000000
  0.14166667     -0.93498079     10.50420168    2.70218292E-0006    4.12097537E-0036      9.35000000
  0.14196970     -0.90152933     10.50420168    3.60084590E-0006    5.49148511E-0036      9.37000000
  0.14227273     -0.86169729     10.50420168    4.86939397E-0006    7.42608966E-0036      9.39000000
  0.14257576     -0.84863015     10.50420168    6.19127923E-0006    9.44203631E-0036      9.41000000
  0.14287879     -0.80079353     10.50420168    8.52816014E-0006    1.30059063E-0035      9.43000000
  0.14318182     -0.76258195     10.50420168    1.14896093E-0005    1.75222768E-0035      9.45000000
  0.14348485     -0.73376831     10.50420168    1.51480677E-0005    2.31016241E-0035      9.47000000
  0.14378788     -0.70049269     10.50420168    2.01776786E-0005    3.07720533E-0035      9.49000000
  0.14409091     -0.67376657     10.50420168    2.64749808E-0005    4.03757804E-0035      9.51000000
  0.14439394     -0.64359167     10.50420168    3.50145776E-0005    5.33991282E-0035      9.53000000
  0.14469697     -0.60353912     10.50420168    4.73739697E-0005    7.22478708E-0035      9.55000000
  0.14500000     -0.58310997     10.50420168    6.12642709E-0005    9.34313328E-0035      9.57000000
  0.14530303     -0.56272520     10.50420168    7.92191844E-0005    1.20813549E-0034      9.59000000
  0.14560606     -0.54060753     10.50420168    1.02845756E-0004    1.56845352E-0034      9.61000000
  0.14590909     -0.51941822     10.50420168    1.33233679E-0004    2.03188580E-0034      9.63000000
  0.14621212     -0.48858461     10.50420168    1.76476131E-0004    2.69135663E-0034      9.65000000
  0.14651515     -0.45779720     10.50420168    2.33728524E-0004    3.56448664E-0034      9.67000000
  0.14681818     -0.44648107     10.50420168    2.95982601E-0004    4.51389505E-0034      9.69000000
  0.14712121     -0.41907501     10.50420168    3.88965050E-0004    5.93192778E-0034      9.71000000
  0.14742424     -0.41352523     10.50420168    4.86069863E-0004    7.41282880E-0034      9.73000000
  0.14772727     -0.38017649     10.50420168    6.47568582E-0004    9.87577177E-0034      9.75000000
  0.14803030     -0.36221017     10.50420168    8.32703586E-0004    1.26991809E-0033      9.77000000
  0.14833333     -0.34901291     10.50420168    1.05907331E-0003    1.61514419E-0033      9.79000000
  0.14863636     -0.32638016     10.50420168    1.37656625E-0003    2.09933812E-0033      9.81000000
  0.14893939     -0.31434782     10.50420168    1.74609469E-0003    2.66288902E-0033      9.83000000
  0.14924242     -0.30294511     10.50420168    2.21161146E-0003    3.37282732E-0033      9.85000000
  0.14954545     -0.27814817     10.50420168    2.88897721E-0003    4.40584679E-0033      9.87000000
  0.14984848     -0.26740522     10.50420168    3.65363701E-0003    5.57199442E-0033      9.89000000
  0.15015152     -0.25134692     10.50420168    4.67758875E-0003    7.13357630E-0033      9.91000000
  0.15045455     -0.24764419     10.50420168    5.82053761E-0003    8.87663526E-0033      9.93000000
  0.15075758     -0.22830232     10.50420168    7.50832932E-0003    1.14506091E-0032      9.95000000
  0.15106061     -0.20989084     10.50420168    9.66480565E-0003    1.47393523E-0032      9.97000000
  0.15136364     -0.20128030     10.50420168    1.21630363E-0002    1.85492895E-0032      9.99000000
  0.15166667     -0.19212688     10.50420168    1.53261743E-0002    2.33732462E-0032     10.01000000
  0.15196970     -0.19064234     10.50420168    1.89739014E-0002    2.89362278E-0032     10.03000000
  0.15227273     -0.18002855     10.50420168    2.39888131E-0002    3.65842399E-0032     10.05000000
  0.15257576     -0.17470374     10.50420168    2.99620766E-0002    4.56937904E-0032     10.07000000
  0.15287879     -0.16963592     10.50420168    3.74005564E-0002    5.70378751E-0032     10.09000000
  0.15318182     -0.14978276     10.50420168    4.83024945E-0002    7.36639215E-0032     10.11000000
  0.15348485     -0.14578507     10.50420168    6.01458386E-0002    9.17256630E-0032     10.13000000
  0.15378788     -0.14059148     10.50420168    7.50995818E-0002    1.14530932E-0031     10.15000000
  0.15409091     -0.13578565     10.50420168    9.36875062E-0002    1.42878524E-0031     10.17000000
  0.15439394     -0.14858875     10.50420168    1.12232057E-0001    1.71159968E-0031     10.19000000
  0.15469697     -0.13006461     10.50420168    1.44503843E-0001    2.20376191E-0031     10.21000000
  0.15500000     -0.13572631     10.50420168    1.75977048E-0001    2.68374535E-0031     10.23000000
  0.15530303     -0.13548892     10.50420168    2.17235978E-0001    3.31296638E-0031     10.25000000
  0.15560606     -0.12638880     10.50420168    2.73697110E-0001    4.17402924E-0031     10.27000000
  0.15590909     -0.12816448     10.50420168    3.36304647E-0001    5.12882810E-0031     10.29000000
  0.15621212     -0.12144949     10.50420168    4.21391915E-0001    6.42645505E-0031     10.31000000
  0.15651515     -0.12182302     10.50420168    5.19458677E-0001    7.92202630E-0031     10.33000000
  0.15681818     -0.12386879     10.50420168    6.37886732E-0001    9.72811831E-0031     10.35000000
  0.15712121     -0.13531098     10.50420168    7.66548646E-0001    1.16902822E-0030     10.37000000
  0.15742424     -0.13041630     10.50420168    9.56473043E-0001    1.45867322E-0030     10.39000000
  0.15772727     -0.13356497     10.50420168    1.17155424E+0000    1.78668370E-0030     10.41000000
  0.15803030     -0.13279778     10.50420168    1.44799787E+0000    2.20827522E-0030     10.43000000
  0.15833333     -0.13742144     10.50420168    1.76759435E+0000    2.69567716E-0030     10.45000000
  0.15863636     -0.14134253     10.50420168    2.16122433E+0000    3.29598422E-0030     10.47000000
  0.15893939     -0.14505663     10.50420168    2.64377251E+0000    4.03189633E-0030     10.49000000
  0.15924242     -0.15369381     10.50420168    3.19760813E+0000    4.87652566E-0030     10.51000000
  0.15954545     -0.16373921     10.50420168    3.85494489E+0000    5.87899985E-0030     10.53000000
  0.15984848     -0.17172690     10.50420168    4.66948331E+0000    7.12121507E-0030     10.55000000
  0.16015152     -0.17379558     10.50420168    5.73374638E+0000    8.74427392E-0030     10.57000000
  0.16045455     -0.18299688     10.50420168    6.92588890E+0000    1.05623559E-0029     10.59000000
  0.16075758     -0.19185658     10.50420168    8.37248067E+0000    1.27684867E-0029     10.61000000
  0.16106061     -0.19801352     10.50420168    1.01844024E+0001    1.55317655E-0029     10.63000000
  0.16136364     -0.21091309     10.50420168    1.21975982E+0001    1.86019982E-0029     10.65000000
  0.16166667     -0.22468090     10.50420168    1.45795744E+0001    2.22346410E-0029     10.67000000
  0.16196970     -0.22228327     10.50420168    1.80875943E+0001    2.75845614E-0029     10.69000000
  0.16227273     -0.24249010     10.50420168    2.13016043E+0001    3.24861009E-0029     10.71000000
  0.16257576     -0.24446816     10.50420168    2.61620995E+0001    3.98986194E-0029     10.73000000
  0.16287879     -0.26608087     10.50420168    3.07113017E+0001    4.68363993E-0029     10.75000000
  0.16318182     -0.28341244     10.50420168    3.64086844E+0001    5.55252166E-0029     10.77000000
  0.16348485     -0.29933952     10.50420168    4.33028264E+0001    6.60391567E-0029     10.79000000
  0.16378788     -0.30081292     10.50420168    5.32452881E+0001    8.12019496E-0029     10.81000000
  0.16409091     -0.31349779     10.50420168    6.38020524E+0001    9.73015871E-0029     10.83000000
  0.16439394     -0.33194040     10.50420168    7.54449844E+0001    1.15057689E-0028     10.85000000
  0.16469697     -0.34673924     10.50420168    8.99642310E+0001    1.37200327E-0028     10.87000000
  0.16500000     -0.36835333     10.50420168    1.05607343E+0002    1.61056920E-0028     10.89000000
  0.16530303     -0.38043714     10.50420168    1.26721015E+0002    1.93256414E-0028     10.91000000
  0.16560606     -0.40549696     10.50420168    1.47579881E+0002    2.25067315E-0028     10.93000000
  0.16590909     -0.41212075     10.50420168    1.79325358E+0002    2.73480889E-0028     10.95000000
  0.16621212     -0.43842163     10.50420168    2.08247195E+0002    3.17588256E-0028     10.97000000
  0.16651515     -0.44977166     10.50420168    2.50303815E+0002    3.81726881E-0028     10.99000000
  0.16681818     -0.47430747     10.50420168    2.91856918E+0002    4.45097615E-0028     11.01000000
  0.16712121     -0.48293611     10.50420168    3.53004050E+0002    5.38350304E-0028     11.03000000
  0.16742424     -0.50730942     10.50420168    4.11760531E+0002    6.27957121E-0028     11.05000000
  0.16772727     -0.51413665     10.50420168    5.00098809E+0002    7.62677782E-0028     11.07000000
  0.16803030     -0.55556481     10.50420168    5.60874891E+0002    8.55364601E-0028     11.09000000
  0.16833333     -0.56871666     10.50420168    6.71355396E+0002    1.02385336E-0027     11.11000000
  0.16863636     -0.59167524     10.50420168    7.85655670E+0002    1.19816747E-0027     11.13000000
  0.16893939     -0.61421504     10.50420168    9.20302887E+0002    1.40351177E-0027     11.15000000
  0.16924242     -0.63367046     10.50420168    1.08570965E+0003    1.65576604E-0027     11.17000000
  0.16954545     -0.65708409     10.50420168    1.26922437E+0003    1.93563594E-0027     11.19000000
  0.16984848     -0.68444947     10.50420168    1.47031830E+0003    2.24231508E-0027     11.21000000
  0.17015152     -0.69973068     10.50420168    1.75133203E+0003    2.67087625E-0027     11.23000000
  0.17045455     -0.71862571     10.50420168    2.06876802E+0003    3.15498333E-0027     11.25000000
  0.17075758     -0.76308505     10.50420168    2.30404409E+0003    3.51379209E-0027     11.27000000
  0.17106061     -0.78847899     10.50420168    2.68123691E+0003    4.08903158E-0027     11.29000000
  0.17136364     -0.81687258     10.50420168    3.09870283E+0003    4.72568972E-0027     11.31000000
  0.17166667     -0.81530858     10.50420168    3.83691583E+0003    5.85150456E-0027     11.33000000
  0.17196970     -0.85309714     10.50420168    4.33942362E+0003    6.61785615E-0027     11.35000000
  0.17227273     -0.87533279     10.50420168    5.08668371E+0003    7.75746830E-0027     11.37000000
  0.17257576     -0.91506642     10.50420168    5.72716166E+0003    8.73423186E-0027     11.39000000
  0.17287879     -0.94615357     10.50420168    6.57795091E+0003    1.00317316E-0026     11.41000000
  0.17318182     -0.97305838     10.50420168    7.62823656E+0003    1.16334741E-0026     11.43000000
  0.17348485     -1.00855241     10.50420168    8.67298229E+0003    1.32267680E-0026     11.45000000
  0.17378788     -1.02250504     10.50420168    1.03622524E+0004    1.58029964E-0026     11.47000000
  0.17409091     -1.06651271     10.50420168    1.15527354E+0004    1.76185475E-0026     11.49000000
  0.17439394     -1.08964245     10.50420168    1.35142961E+0004    2.06100338E-0026     11.51000000
  0.17469697     -1.11520462     10.50420168    1.57206171E+0004    2.39747929E-0026     11.53000000
  0.17500000     -1.15583360     10.50420168    1.76635889E+0004    2.69379302E-0026     11.55000000
  0.17530303     -1.18276526     10.50420168    2.04826256E+0004    3.12371139E-0026     11.57000000
  0.17560606     -1.20377268     10.50420168    2.40777857E+0004    3.67199279E-0026     11.59000000
  0.17590909     -1.22584814     10.50420168    2.82344560E+0004    4.30590753E-0026     11.61000000
  0.17621212     -1.27818937     10.50420168    3.08799457E+0004    4.70935904E-0026     11.63000000
  0.17651515     -1.30936099     10.50420168    3.54603683E+0004    5.40789832E-0026     11.65000000
  0.17681818     -1.33677036     10.50420168    4.10744933E+0004    6.26408279E-0026     11.67000000
  0.17712121     -1.40782326     10.50420168    4.30286431E+0004    6.56210124E-0026     11.69000000
  0.17742424     -1.42021642     10.50420168    5.15944309E+0004    7.86843029E-0026     11.71000000
  0.17772727     -1.43415217     10.50420168    6.16460720E+0004    9.40136001E-0026     11.73000000
  0.17803030     -1.45967054     10.50420168    7.17175388E+0004    1.09373133E-0025     11.75000000
  0.17833333     -1.50654195     10.50420168    7.94314164E+0004    1.21137214E-0025     11.77000000
  0.17863636     -1.53910217     10.50420168    9.09223020E+0004    1.38661437E-0025     11.79000000
  0.17893939     -1.62708798     10.50420168    9.16057946E+0004    1.39703801E-0025     11.81000000
  0.17924242     -1.61708285     10.50420168    1.15655533E+0005    1.76380955E-0025     11.83000000
  0.17954545     -1.65364703     10.50420168    1.31171826E+0005    2.00044143E-0025     11.85000000
  0.17984848     -1.70443288     10.50420168    1.43976979E+0005    2.19572694E-0025     11.87000000
  0.18015152     -1.70114693     10.50420168    1.78985291E+0005    2.72962268E-0025     11.89000000
  0.18045455     -1.82535881     10.50420168    1.65899010E+0005    2.53004980E-0025     11.91000000
  0.18075758     -1.80410036     10.50420168    2.14951550E+0005    3.27812762E-0025     11.93000000
  0.18106061     -1.86486735     10.50420168    2.30574851E+0005    3.51639142E-0025     11.95000000
  0.18136364     -1.86012092     10.50420168    2.87605178E+0005    4.38613480E-0025     11.97000000
  0.18166667     -1.89619628     10.50420168    3.26557507E+0005    4.98017893E-0025     11.99000000
  0.18196970     -1.97881071     10.50420168    3.33106867E+0005    5.08006022E-0025     12.01000000
  0.18227273     -2.05061000     10.50420168    3.48355462E+0005    5.31260956E-0025     12.03000000
  0.18257576     -2.06550153     10.50420168    4.15307172E+0005    6.33365942E-0025     12.05000000
  0.18287879     -2.03857889     10.50420168    5.45168067E+0005    8.31410843E-0025     12.07000000
  0.18318182     -2.16430943     10.50420168    5.03544910E+0005    7.67933273E-0025     12.09000000
  0.18348485     -2.19382004     10.50420168    5.80451500E+0005    8.85219990E-0025     12.11000000
  0.18378788     -2.25570703     10.50420168    6.21036729E+0005    9.47114663E-0025     12.13000000
  0.18409091     -2.26360349     10.50420168    7.52417962E+0005    1.14747816E-0024     12.15000000
  0.18439394     -2.22548302     10.50420168    1.01348648E+0006    1.54562180E-0024     12.17000000
  0.18469697     -2.46218091     10.50420168    7.25034063E+0005    1.10571623E-0024     12.19000000
  0.18500000     -2.39793999     10.50420168    1.03714068E+0006    1.58169574E-0024     12.21000000
  0.18530303     -2.50168945     10.50420168    1.00768907E+0006    1.53678044E-0024     12.23000000
  0.18560606     -2.51570017     10.50420168    1.20379951E+0006    1.83585948E-0024     12.25000000
  0.18590909     -2.56066731     10.50420168    1.33913808E+0006    2.04225813E-0024     12.27000000
  0.18621212     -2.56066731     10.50420168    1.65220410E+0006    2.51970078E-0024     12.29000000
  0.18651515     -2.61083391     10.50420168    1.81608190E+0006    2.76962330E-0024     12.31000000
  0.18681818     -2.53760201     10.50420168    2.65219633E+0006    4.04474311E-0024     12.33000000
  0.18712121     -2.61083391     10.50420168    2.76447141E+0006    4.21596870E-0024     12.35000000
  0.18742424     -2.69896998     10.50420168    2.78428935E+0006    4.24619213E-0024     12.37000000
  0.18772727     -2.74472750     10.50420168    3.09168461E+0006    4.71498656E-0024     12.39000000
  0.18803030     -2.88605665     10.50420168    2.75489072E+0006    4.20135763E-0024     12.41000000
  0.18833333     -2.97881072     10.50420168    2.74529262E+0006    4.18672001E-0024     12.43000000
  0.18863636     -2.83863200     10.50420168    4.67741272E+0006    7.13330785E-0024     12.45000000
  0.18893939     -3.09691002     10.50420168    3.18394831E+0006    4.85569370E-0024     12.47000000
  0.18924242     -3.07058107     10.50420168    4.17381601E+0006    6.36529558E-0024     12.49000000
  0.18954545     -3.25963731     10.50420168    3.33207979E+0006    5.08160224E-0024     12.51000000
  0.18984848     -3.25963731     10.50420168    4.11105918E+0006    6.26958802E-0024     12.53000000
  0.19015152     -3.04575750     10.50420168    8.29988128E+0006    1.26577687E-0023     12.55000000
  0.19045455     -3.18708664     10.50420168    7.39573043E+0006    1.12788897E-0023     12.57000000
  0.19075758     -3.07058107     10.50420168    1.19323225E+0007    1.81974384E-0023     12.59000000
  0.19106061     -3.34678749     10.50420168    7.79393706E+0006    1.18861763E-0023     12.61000000
  0.19136364     -3.30102998     10.50420168    1.06844642E+0007    1.62943869E-0023     12.63000000
  0.19166667     -3.52287872     10.50420168    7.90937809E+0006    1.20622302E-0023     12.65000000
  0.19196970     -3.69897002     10.50420168    6.50563034E+0006    9.92143879E-0024     12.67000000
  0.19227273     -3.34678749     10.50420168    1.80596879E+0007    2.75420026E-0023     12.69000000
  0.19257576     -3.60205997     10.50420168    1.23787303E+0007    1.88782344E-0023     12.71000000
  0.19287879     -3.60205997     10.50420168    1.52726513E+0007    2.32916208E-0023     12.73000000
  0.19318182     -3.82390872     10.50420168    1.13058709E+0007    1.72420658E-0023     12.75000000
  0.19348485     -3.30102998     10.50420168    4.64965902E+0007    7.09098196E-0023     12.77000000
  0.19378788     -3.52287872     10.50420168    3.44199862E+0007    5.24923441E-0023     12.79000000
  0.19409091     -4.30103001     10.50420168    7.07779121E+0006    1.07940151E-0023     12.81000000
  0.19439394     -3.82390872     10.50420168    2.61973504E+0007    3.99523790E-0023     12.83000000
  0.19469697     -4.30103001     10.50420168    1.07739367E+0007    1.64308373E-0023     12.85000000
  0.19500000     -4.30103001     10.50420168    1.32926863E+0007    2.02720669E-0023     12.87000000
  0.19530303     -4.30103001     10.50420168    1.64002736E+0007    2.50113059E-0023     12.89000000
  0.19560606     -4.00000001     10.50420168    4.04687160E+0007    6.17169848E-0023     12.91000000
  0.19590909     -4.30103001     10.50420168    2.49647813E+0007    3.80726443E-0023     12.93000000
  0.19621212     -4.30103001     10.50420168    3.08010912E+0007    4.69733331E-0023     12.95000000
  0.19651515     -4.30103001     10.50420168    3.80018237E+0007    5.79548404E-0023     12.97000000
  0.19681818     -4.30103001     10.50420168    4.68859560E+0007    7.15036235E-0023     12.99000000
  0.19772727     -4.30103001     10.50420168    8.80557631E+0007    1.34289810E-0022     13.05000000
  0.19833333     -4.30103001     10.50420168    1.34040012E+0008    2.04418282E-0022     13.09000000
  0.19863636     -4.30103001     10.50420168    1.65376119E+0008    2.52207542E-0022     13.11000000
  0.19893939     -4.00000001     10.50420168    4.08076069E+0008    6.22338118E-0022     13.13000000
