  0.12984848     -4.28100975      9.00090009    6.61817144E-0014    1.00930701E-0043      8.57000000
  0.13015152     -4.28100975      9.00090009    7.92353239E-0014    1.20838163E-0043      8.59000000
  0.13075758     -3.97997976      9.00090009    2.27148819E-0013    3.46414257E-0043      8.63000000
  0.13136364     -3.67894976      9.00090009    6.51181612E-0013    9.93087244E-0043      8.67000000
  0.13166667     -4.28100975      9.00090009    1.94904992E-0013    2.97240674E-0043      8.69000000
  0.13196970     -3.80388850      9.00090009    7.00043523E-0013    1.06760430E-0042      8.71000000
  0.13227273     -3.97997976      9.00090009    5.58746232E-0013    8.52118280E-0043      8.73000000
  0.13257576     -3.97997976      9.00090009    6.68952733E-0013    1.02018917E-0042      8.75000000
  0.13287879     -3.80388850      9.00090009    1.20134437E-0012    1.83211525E-0042      8.77000000
  0.13318182     -3.80388850      9.00090009    1.43829623E-0012    2.19347968E-0042      8.79000000
  0.13348485     -3.50285850      9.00090009    3.44396843E-0012    5.25223847E-0042      8.81000000
  0.13378788     -3.80388850      9.00090009    2.06162651E-0012    3.14409214E-0042      8.83000000
  0.13409091     -3.43591171      9.00090009    5.75927214E-0012    8.78320209E-0042      8.85000000
  0.13439394     -3.05056082      9.00090009    1.67455463E-0011    2.55378655E-0041      8.87000000
  0.13469697     -3.28100975      9.00090009    1.17931877E-0011    1.79852503E-0041      8.89000000
  0.13500000     -3.20182851      9.00090009    1.69431159E-0011    2.58391698E-0041      8.91000000
  0.13530303     -3.13488172      9.00090009    2.36657840E-0011    3.60916029E-0041      8.93000000
  0.13560606     -3.02573725      9.00090009    3.64289111E-0011    5.55560634E-0041      8.95000000
  0.13590909     -3.10491848      9.00090009    3.63450930E-0011    5.54282363E-0041      8.97000000
  0.13621212     -2.91928191      9.00090009    6.67210974E-0011    1.01753289E-0040      8.99000000
  0.13651515     -3.00225614      9.00090009    6.59887304E-0011    1.00636390E-0040      9.01000000
  0.13681818     -2.83385172      9.00090009    1.16427351E-0010    1.77558019E-0040      9.03000000
  0.13712121     -2.65776043      9.00090009    2.09087049E-0010    3.18869080E-0040      9.05000000
  0.13742424     -2.61825191      9.00090009    2.74167818E-0010    4.18120779E-0040      9.07000000
  0.13772727     -2.48861806      9.00090009    4.42416337E-0010    6.74708887E-0040      9.09000000
  0.13803030     -2.42975139      9.00090009    6.06566818E-0010    9.25047266E-0040      9.11000000
  0.13833333     -2.43591171      9.00090009    7.15977138E-0010    1.09190393E-0039      9.13000000
  0.13863636     -2.30788187      9.00090009    1.15109141E-0009    1.75547677E-0039      9.15000000
  0.13893939     -2.30788187      9.00090009    1.37813143E-0009    2.10172511E-0039      9.17000000
  0.13924242     -2.18758806      9.00090009    2.17653310E-0009    3.31933091E-0039      9.19000000
  0.13954545     -2.17379978      9.00090009    2.68988911E-0009    4.10222665E-0039      9.21000000
  0.13984848     -2.11074802      9.00090009    3.72363383E-0009    5.67874336E-0039      9.23000000
  0.14015152     -2.02333118      9.00090009    5.45211027E-0009    8.31476359E-0039      9.25000000
  0.14045455     -1.99997639      9.00090009    6.88811272E-0009    1.05047451E-0038      9.27000000
  0.14075758     -1.90809775      9.00090009    1.01896605E-0008    1.55397844E-0038      9.29000000
  0.14106061     -1.86270844      9.00090009    1.35434665E-0008    2.06545204E-0038      9.31000000
  0.14136364     -1.83852998      9.00090009    1.71430908E-0008    2.61441423E-0038      9.33000000
  0.14166667     -1.75081006      9.00090009    2.51182787E-0008    3.83067361E-0038      9.35000000
  0.14196970     -1.71752866      9.00090009    3.24677429E-0008    4.95150672E-0038      9.37000000
  0.14227273     -1.69781098      9.00090009    4.06771580E-0008    6.20348702E-0038      9.39000000
  0.14257576     -1.65466936      9.00090009    5.37864713E-0008    8.20272833E-0038      9.41000000
  0.14287879     -1.60523140      9.00090009    7.21592199E-0008    1.10046720E-0037      9.43000000
  0.14318182     -1.53050135      9.00090009    1.02613077E-0007    1.56490503E-0037      9.45000000
  0.14348485     -1.51163241      9.00090009    1.28307626E-0007    1.95676083E-0037      9.47000000
  0.14378788     -1.46876505      9.00090009    1.69551120E-0007    2.58574645E-0037      9.49000000
  0.14409091     -1.42187146      9.00090009    2.26138796E-0007    3.44873917E-0037      9.51000000
  0.14439394     -1.37198890      9.00090009    3.03695572E-0007    4.63152203E-0037      9.53000000
  0.14469697     -1.30880691      9.00090009    4.20534148E-0007    6.41337364E-0037      9.55000000
  0.14500000     -1.27326195      9.00090009    5.46420593E-0007    8.33321013E-0037      9.57000000
  0.14530303     -1.25816912      9.00090009    6.77330622E-0007    1.03296590E-0036      9.59000000
  0.14560606     -1.18409971      9.00090009    9.61725096E-0007    1.46668288E-0036      9.61000000
  0.14590909     -1.16840474      9.00090009    1.19378671E-0006    1.82058942E-0036      9.63000000
  0.14621212     -1.13426172      9.00090009    1.54614630E-0006    2.35795689E-0036      9.65000000
  0.14651515     -1.11251226      9.00090009    1.94617045E-0006    2.96801539E-0036      9.67000000
  0.14681818     -1.06908865      9.00090009    2.57504789E-0006    3.92708756E-0036      9.69000000
  0.14712121     -1.01454285      9.00090009    3.49552110E-0006    5.33085909E-0036      9.71000000
  0.14742424     -0.99748239      9.00090009    4.35264470E-0006    6.63801903E-0036      9.73000000
  0.14772727     -0.93957522      9.00090009    5.95444391E-0006    9.08084961E-0036      9.75000000
  0.14803030     -0.93485244      9.00090009    7.20683898E-0006    1.09908200E-0035      9.77000000
  0.14833333     -0.88936903      9.00090009    9.58096057E-0006    1.46114840E-0035      9.79000000
  0.14863636     -0.86737475      9.00090009    1.20665789E-0005    1.84021867E-0035      9.81000000
  0.14893939     -0.84183500      9.00090009    1.53216216E-0005    2.33663032E-0035      9.83000000
  0.14924242     -0.79799333      9.00090009    2.02921108E-0005    3.09465685E-0035      9.85000000
  0.14954545     -0.75570572      9.00090009    2.67790805E-0005    4.08395488E-0035      9.87000000
  0.14984848     -0.73632170      9.00090009    3.35243605E-0005    5.11264663E-0035      9.89000000
  0.15015152     -0.72736940      9.00090009    4.09726099E-0005    6.24854502E-0035      9.91000000
  0.15045455     -0.68816707      9.00090009    5.36879452E-0005    8.18770256E-0035      9.93000000
  0.15075758     -0.67205603      9.00090009    6.67065761E-0005    1.01731143E-0034      9.95000000
  0.15106061     -0.64723841      9.00090009    8.45604131E-0005    1.28959212E-0034      9.97000000
  0.15136364     -0.61159988      9.00090009    1.09897154E-0004    1.67599115E-0034      9.99000000
  0.15166667     -0.59670309      9.00090009    1.36164554E-0004    2.07658323E-0034     10.01000000
  0.15196970     -0.57952810      9.00090009    1.69597669E-0004    2.58645635E-0034     10.03000000
  0.15227273     -0.54934039      9.00090009    2.17664905E-0004    3.31950775E-0034     10.05000000
  0.15257576     -0.52796317      9.00090009    2.73745165E-0004    4.17476210E-0034     10.07000000
  0.15287879     -0.50678482      9.00090009    3.44116607E-0004    5.24796473E-0034     10.09000000
  0.15318182     -0.48833794      9.00090009    4.29866242E-0004    6.55569312E-0034     10.11000000
  0.15348485     -0.46384115      9.00090009    5.44516381E-0004    8.30416986E-0034     10.13000000
  0.15378788     -0.45642837      9.00090009    6.63138981E-0004    1.01132288E-0033     10.15000000
  0.15409091     -0.43091516      9.00090009    8.41973822E-0004    1.28405570E-0033     10.17000000
  0.15439394     -0.42175133      9.00090009    1.02954005E-0003    1.57010437E-0033     10.19000000
  0.15469697     -0.39717804      9.00090009    1.30435967E-0003    1.98921918E-0033     10.21000000
  0.15500000     -0.37494419      9.00090009    1.64366018E-0003    2.50667083E-0033     10.23000000
  0.15530303     -0.37231030      9.00090009    1.97982477E-0003    3.01934005E-0033     10.25000000
  0.15560606     -0.34269018      9.00090009    2.53762645E-0003    3.87001784E-0033     10.27000000
  0.15590909     -0.33006102      9.00090009    3.12779068E-0003    4.77005027E-0033     10.29000000
  0.15621212     -0.32493741      9.00090009    3.78915278E-0003    5.77866330E-0033     10.31000000
  0.15651515     -0.30654411      9.00090009    4.73277916E-0003    7.21774467E-0033     10.33000000
  0.15681818     -0.29946295      9.00090009    5.75941309E-0003    8.78341705E-0033     10.35000000
  0.15712121     -0.28340493      9.00090009    7.15512238E-0003    1.09119493E-0032     10.37000000
  0.15742424     -0.27368877      9.00090009    8.76020058E-0003    1.33597806E-0032     10.39000000
  0.15772727     -0.26276706      9.00090009    1.07551530E-0002    1.64021911E-0032     10.41000000
  0.15803030     -0.24734478      9.00090009    1.33419618E-0002    2.03472148E-0032     10.43000000
  0.15833333     -0.23490495      9.00090009    1.64376734E-0002    2.50683426E-0032     10.45000000
  0.15863636     -0.23815869      9.00090009    1.95329319E-0002    2.97887795E-0032     10.47000000
  0.15893939     -0.22311554      9.00090009    2.42098116E-0002    3.69212746E-0032     10.49000000
  0.15924242     -0.22053855      9.00090009    2.91574287E-0002    4.44666588E-0032     10.51000000
  0.15954545     -0.20762138      9.00090009    3.59622804E-0002    5.48444263E-0032     10.53000000
  0.15984848     -0.19450753      9.00090009    4.43753606E-0002    6.76748294E-0032     10.55000000
  0.16015152     -0.19711313      9.00090009    5.28101154E-0002    8.05382877E-0032     10.57000000
  0.16045455     -0.19255468      9.00090009    6.38934577E-0002    9.74409852E-0032     10.59000000
  0.16075758     -0.18236600      9.00090009    7.83115646E-0002    1.19429379E-0031     10.61000000
  0.16106061     -0.17806177      9.00090009    9.46914895E-0002    1.44409652E-0031     10.63000000
  0.16136364     -0.17329113      9.00090009    1.14620530E-0001    1.74802520E-0031     10.65000000
  0.16166667     -0.17621544      9.00090009    1.36307243E-0001    2.07875932E-0031     10.67000000
  0.16196970     -0.16786892      9.00090009    1.66358993E-0001    2.53706478E-0031     10.69000000
  0.16227273     -0.16473416      9.00090009    2.00614287E-0001    3.05947658E-0031     10.71000000
  0.16257576     -0.16686601      9.00090009    2.39007121E-0001    3.64498811E-0031     10.73000000
  0.16287879     -0.15666857      9.00090009    2.92947028E-0001    4.46760092E-0031     10.75000000
  0.16318182     -0.16357270      9.00090009    3.45196034E-0001    5.26442657E-0031     10.77000000
  0.16348485     -0.16853879      9.00090009    4.08583228E-0001    6.23111563E-0031     10.79000000
  0.16378788     -0.16563223      9.00090009    4.92456549E-0001    7.51022923E-0031     10.81000000
  0.16409091     -0.16466771      9.00090009    5.90899011E-0001    9.01153010E-0031     10.83000000
  0.16439394     -0.15997544      9.00090009    7.15132234E-0001    1.09061541E-0030     10.85000000
  0.16469697     -0.16466771      9.00090009    8.46983427E-0001    1.29169562E-0030     10.87000000
  0.16500000     -0.17129623      9.00090009    9.98681986E-0001    1.52304414E-0030     10.89000000
  0.16530303     -0.16843825      9.00090009    1.20355523E+0000    1.83548694E-0030     10.91000000
  0.16560606     -0.17475084      9.00090009    1.42015011E+0000    2.16580587E-0030     10.93000000
  0.16590909     -0.17984717      9.00090009    1.68042350E+0000    2.56273690E-0030     10.95000000
  0.16621212     -0.18375244      9.00090009    1.99385839E+0000    3.04074208E-0030     10.97000000
  0.16651515     -0.18618934      9.00090009    2.37376775E+0000    3.62012445E-0030     10.99000000
  0.16681818     -0.19209441      9.00090009    2.80358668E+0000    4.27562160E-0030     11.01000000
  0.16712121     -0.18927247      9.00090009    3.37844422E+0000    5.15231051E-0030     11.03000000
  0.16742424     -0.20633954      9.00090009    3.88893341E+0000    5.93083418E-0030     11.05000000
  0.16772727     -0.20564529      9.00090009    4.66343124E+0000    7.11198533E-0030     11.07000000
  0.16803030     -0.21550470      9.00090009    5.45791788E+0000    8.32362052E-0030     11.09000000
  0.16833333     -0.22023636      9.00090009    6.46362512E+0000    9.85737855E-0030     11.11000000
  0.16863636     -0.23252907      9.00090009    7.52253589E+0000    1.14722749E-0029     11.13000000
  0.16893939     -0.24068436      9.00090009    8.83872887E+0000    1.34795405E-0029     11.15000000
  0.16924242     -0.24533990      9.00090009    1.04692385E+0001    1.59661560E-0029     11.17000000
  0.16954545     -0.25468081      9.00090009    1.22674701E+0001    1.87085567E-0029     11.19000000
  0.16984848     -0.26973543      9.00090009    1.41866945E+0001    2.16354779E-0029     11.21000000
  0.17015152     -0.27780779      9.00090009    1.66720759E+0001    2.54258192E-0029     11.23000000
  0.17045455     -0.29414845      9.00090009    1.92233839E+0001    2.93167021E-0029     11.25000000
  0.17075758     -0.30452219      9.00090009    2.24717515E+0001    3.42706388E-0029     11.27000000
  0.17106061     -0.31332139      9.00090009    2.63644402E+0001    4.02072000E-0029     11.29000000
  0.17136364     -0.32378569      9.00090009    3.08130778E+0001    4.69916133E-0029     11.31000000
  0.17166667     -0.33984629      9.00090009    3.55512852E+0001    5.42176363E-0029     11.33000000
  0.17196970     -0.34853599      9.00090009    4.17202047E+0001    6.36255728E-0029     11.35000000
  0.17227273     -0.36072984      9.00090009    4.85661197E+0001    7.40659641E-0029     11.37000000
  0.17257576     -0.38086118      9.00090009    5.55114908E+0001    8.46580314E-0029     11.39000000
  0.17287879     -0.38796964      9.00090009    6.53815558E+0001    9.97104155E-0029     11.41000000
  0.17318182     -0.40856208      9.00090009    7.46523759E+0001    1.13848918E-0028     11.43000000
  0.17348485     -0.41301224      9.00090009    8.84655736E+0001    1.34914793E-0028     11.45000000
  0.17378788     -0.43609787      9.00090009    1.00431394E+0002    1.53163318E-0028     11.47000000
  0.17409091     -0.46669554      9.00090009    1.12060523E+0002    1.70898370E-0028     11.49000000
  0.17439394     -0.47666582      9.00090009    1.31118265E+0002    1.99962458E-0028     11.51000000
  0.17469697     -0.47232623      9.00090009    1.58556341E+0002    2.41807012E-0028     11.53000000
  0.17500000     -0.50285848      9.00090009    1.76942511E+0002    2.69846917E-0028     11.55000000
  0.17530303     -0.52202219      9.00090009    2.02697925E+0002    3.09125319E-0028     11.57000000
  0.17560606     -0.54238773      9.00090009    2.31560554E+0002    3.53142393E-0028     11.59000000
  0.17590909     -0.56142986      9.00090009    2.65340338E+0002    4.04658394E-0028     11.61000000
  0.17621212     -0.56392203      9.00090009    3.15858036E+0002    4.81700621E-0028     11.63000000
  0.17651515     -0.60049294      9.00090009    3.47617673E+0002    5.30135787E-0028     11.65000000
  0.17681818     -0.61271704      9.00090009    4.04630460E+0002    6.17083377E-0028     11.67000000
  0.17712121     -0.63206457      9.00090009    4.63331547E+0002    7.06605715E-0028     11.69000000
  0.17742424     -0.65590317      9.00090009    5.25090417E+0002    8.00791339E-0028     11.71000000
  0.17772727     -0.67312600      9.00090009    6.04215814E+0002    9.21461856E-0028     11.73000000
  0.17803030     -0.70651547      9.00090009    6.69859074E+0002    1.02157139E-0027     11.75000000
  0.17833333     -0.71210433      9.00090009    7.91726911E+0002    1.20742644E-0027     11.77000000
  0.17863636     -0.75479973      9.00090009    8.59133848E+0002    1.31022567E-0027     11.79000000
  0.17893939     -0.77180721      9.00090009    9.89086270E+0002    1.50841016E-0027     11.81000000
  0.17924242     -0.79685232      9.00090009    1.11781489E+0003    1.70472827E-0027     11.83000000
  0.17954545     -0.80562914      9.00090009    1.31151692E+0003    2.00013437E-0027     11.85000000
  0.17984848     -0.83029886      9.00090009    1.48349129E+0003    2.26240460E-0027     11.87000000
  0.18015152     -0.85743621      9.00090009    1.66850871E+0003    2.54456620E-0027     11.89000000
  0.18045455     -0.86821333      9.00090009    1.94864256E+0003    2.97178549E-0027     11.91000000
  0.18075758     -0.92250383      9.00090009    2.05883955E+0003    3.13984187E-0027     11.93000000
  0.18106061     -0.94056562      9.00090009    2.36451211E+0003    3.60600909E-0027     11.95000000
  0.18136364     -0.95879044      9.00090009    2.71454813E+0003    4.13983299E-0027     11.97000000
  0.18166667     -0.98875368      9.00090009    3.03329835E+0003    4.62594434E-0027     11.99000000
  0.18196970     -1.00685190      9.00090009    3.48335497E+0003    5.31230508E-0027     12.01000000
  0.18227273     -1.04346601      9.00090009    3.83322626E+0003    5.84587776E-0027     12.03000000
  0.18257576     -1.06537216      9.00090009    4.36354164E+0003    6.65463744E-0027     12.05000000
  0.18287879     -1.12994647      9.00090009    4.50241618E+0003    6.86642865E-0027     12.07000000
  0.18318182     -1.13674696      9.00090009    5.30671752E+0003    8.09303178E-0027     12.09000000
  0.18348485     -1.12506670      9.00090009    6.52660093E+0003    9.95342008E-0027     12.11000000
  0.18378788     -1.19858342      9.00090009    6.59707113E+0003    1.00608910E-0026     12.13000000
  0.18409091     -1.21580362      9.00090009    7.59122373E+0003    1.15770275E-0026     12.15000000
  0.18439394     -1.24919748      9.00090009    8.41586498E+0003    1.28346501E-0026     12.17000000
  0.18469697     -1.27113412      9.00090009    9.57950215E+0003    1.46092599E-0026     12.19000000
  0.18500000     -1.31346175      9.00090009    1.04038991E+0004    1.58665099E-0026     12.21000000
  0.18530303     -1.35159083      9.00090009    1.14090078E+0004    1.73993552E-0026     12.23000000
  0.18560606     -1.38503500      9.00090009    1.26469130E+0004    1.92872276E-0026     12.25000000
  0.18590909     -1.42187146      9.00090009    1.39100567E+0004    2.12135902E-0026     12.27000000
  0.18621212     -1.41887837      9.00090009    1.67688319E+0004    2.55733774E-0026     12.29000000
  0.18651515     -1.48512970      9.00090009    1.72358341E+0004    2.62855809E-0026     12.31000000
  0.18681818     -1.50141326      9.00090009    1.98760270E+0004    3.03120181E-0026     12.33000000
  0.18712121     -1.52134188      9.00090009    2.27290757E+0004    3.46630721E-0026     12.35000000
  0.18742424     -1.55591521      9.00090009    2.51298142E+0004    3.83243283E-0026     12.37000000
  0.18772727     -1.58816283      9.00090009    2.79333149E+0004    4.25998188E-0026     12.39000000
  0.18803030     -1.63167490      9.00090009    3.02545874E+0004    4.61398852E-0026     12.41000000
  0.18833333     -1.62683321      9.00090009    3.66280460E+0004    5.58597549E-0026     12.43000000
  0.18863636     -1.71516192      9.00090009    3.57821027E+0004    5.45696456E-0026     12.45000000
  0.18893939     -1.72955973      9.00090009    4.14427801E+0004    6.32024853E-0026     12.47000000
  0.18924242     -1.77180722      9.00090009    4.50175865E+0004    6.86542588E-0026     12.49000000
  0.18954545     -1.80244325      9.00090009    5.02258164E+0004    7.65970916E-0026     12.51000000
  0.18984848     -1.85940580      9.00090009    5.27406256E+0004    8.04323119E-0026     12.53000000
  0.19015152     -1.85612812      9.00090009    6.36214830E+0004    9.70262090E-0026     12.55000000
  0.19045455     -1.91365380      9.00090009    6.67204439E+0004    1.01752292E-0025     12.57000000
  0.19075758     -1.97565839      9.00090009    6.92524544E+0004    1.05613745E-0025     12.59000000
  0.19106061     -1.97997973      9.00090009    8.20908310E+0004    1.25192966E-0025     12.61000000
  0.19136364     -2.02573725      9.00090009    8.84540968E+0004    1.34897291E-0025     12.63000000
  0.19166667     -2.08511007      9.00090009    9.23689411E+0004    1.40867640E-0025     12.65000000
  0.19196970     -2.16373844      9.00090009    9.22738018E+0004    1.40722548E-0025     12.67000000
  0.19227273     -2.09916615      9.00090009    1.28183323E+0005    1.95486514E-0025     12.69000000
  0.19257576     -2.19464989      9.00090009    1.23176713E+0005    1.87851162E-0025     12.71000000
  0.19287879     -2.23568675      9.00090009    1.34175303E+0005    2.04624607E-0025     12.73000000
  0.19318182     -2.28978366      9.00090009    1.41826208E+0005    2.16292653E-0025     12.75000000
  0.19348485     -2.28537454      9.00090009    1.71532510E+0005    2.61596373E-0025     12.77000000
  0.19378788     -2.28537454      9.00090009    2.05365396E+0005    3.13193357E-0025     12.79000000
  0.19409091     -2.45493495      9.00090009    1.66397839E+0005    2.53765721E-0025     12.81000000
  0.19439394     -2.42975139      9.00090009    2.11111585E+0005    3.21956607E-0025     12.83000000
  0.19469697     -2.43591171      9.00090009    2.49191126E+0005    3.80029970E-0025     12.85000000
  0.19500000     -2.51758173      9.00090009    2.47197099E+0005    3.76988970E-0025     12.87000000
  0.19530303     -2.62779724      9.00090009    2.29619456E+0005    3.50182113E-0025     12.89000000
  0.19560606     -2.65776043      9.00090009    2.56582082E+0005    3.91301578E-0025     12.91000000
  0.19590909     -2.65776043      9.00090009    3.07190054E+0005    4.68481477E-0025     12.93000000
  0.19621212     -2.81861173      9.00090009    2.53943249E+0005    3.87277216E-0025     12.95000000
  0.19651515     -2.88306972      9.00090009    2.62095468E+0005    3.99709791E-0025     12.97000000
  0.19681818     -2.80388848      9.00090009    3.76549062E+0005    5.74257724E-0025     12.99000000
  0.19712121     -2.97997976      9.00090009    3.00546116E+0005    4.58349112E-0025     13.01000000
  0.19742424     -2.93858705      9.00090009    3.95808076E+0005    6.03628764E-0025     13.03000000
  0.19772727     -3.02573725      9.00090009    3.87717389E+0005    5.91290027E-0025     13.05000000
  0.19803030     -3.00225614      9.00090009    4.89978713E+0005    7.47244087E-0025     13.07000000
  0.19833333     -2.93858705      9.00090009    6.79246057E+0005    1.03588704E-0024     13.09000000
  0.19863636     -3.10491848      9.00090009    5.54468047E+0005    8.45593816E-0025     13.11000000
  0.19893939     -3.05056082      9.00090009    7.52341483E+0005    1.14736153E-0024     13.13000000
  0.19924242     -3.32676724      9.00090009    4.76858367E+0005    7.27234849E-0025     13.15000000
  0.19954545     -3.28100975      9.00090009    6.34348216E+0005    9.67415402E-0025     13.17000000
  0.19984848     -3.16706638      9.00090009    9.87306323E+0005    1.50569564E-0024     13.19000000
  0.20015152     -3.28100975      9.00090009    9.09262693E+0005    1.38667488E-0024     13.21000000
  0.20045455     -3.43591171      9.00090009    7.62023276E+0005    1.16212679E-0024     13.23000000
  0.20075758     -3.32676724      9.00090009    1.17298790E+0006    1.78887011E-0024     13.25000000
  0.20106061     -3.20182851      9.00090009    1.87246235E+0006    2.85560654E-0024     13.27000000
  0.20136364     -3.43591171      9.00090009    1.30770779E+0006    1.99432524E-0024     13.29000000
  0.20166667     -3.37791977      9.00090009    1.78930132E+0006    2.72878148E-0024     13.31000000
  0.20196970     -3.32676724      9.00090009    2.40999882E+0006    3.67537880E-0024     13.33000000
  0.20227273     -3.32676724      9.00090009    2.88534438E+0006    4.40030653E-0024     13.35000000
  0.20257576     -3.67894976      9.00090009    1.53530959E+0006    2.34143032E-0024     13.37000000
  0.20287879     -3.80388850      9.00090009    1.37859929E+0006    2.10243862E-0024     13.39000000
  0.20318182     -3.58203975      9.00090009    2.75085453E+0006    4.19520222E-0024     13.41000000
  0.20378788     -3.67894976      9.00090009    3.15441814E+0006    4.81065859E-0024     13.45000000
  0.20409091     -3.97997976      9.00090009    1.88829608E+0006    2.87975384E-0024     13.47000000
  0.20439394     -3.80388850      9.00090009    3.39111232E+0006    5.17163004E-0024     13.49000000
  0.20469697     -3.97997976      9.00090009    2.70664776E+0006    4.12778449E-0024     13.51000000
  0.20500000     -4.28100975      9.00090009    1.62025201E+0006    2.47097212E-0024     13.53000000
  0.20651515     -4.28100975      9.00090009    3.98553561E+0006    6.07815777E-0024     13.63000000
  0.20681818     -3.97997976      9.00090009    9.54327666E+0006    1.45540140E-0023     13.65000000
  0.20742424     -4.28100975      9.00090009    6.83957582E+0006    1.04307237E-0023     13.69000000
  0.21621212     -4.28100975      9.00090009    1.26553187E+0009    1.93000468E-0021     14.27000000
