  0.10681818     -3.54406805     37.03703704    1.25356864E-0014    1.91176010E-0044      7.05000000
  0.10712121     -3.30102998     37.03703704    4.60135573E-0014    7.01731681E-0044      7.07000000
  0.10742424     -3.09177038     37.03703704    1.56258994E-0013    2.38303432E-0043      7.09000000
  0.10772727     -2.83791947     37.03703704    5.88024672E-0013    8.96769488E-0043      7.11000000
  0.10803030     -2.47096094     37.03703704    2.87113551E-0012    4.37863722E-0042      7.13000000
  0.10833333     -2.22184875     37.03703704    1.06872386E-0011    1.62986179E-0041      7.15000000
  0.10863636     -2.01046545     37.03703704    3.64710624E-0011    5.56203464E-0041      7.17000000
  0.10893939     -1.78188980     37.03703704    1.29486257E-0010    1.97473558E-0040      7.19000000
  0.10924242     -1.54770231     37.03703704    4.65704874E-0010    7.10225168E-0040      7.21000000
  0.10954545     -1.35047972     37.03703704    1.53827151E-0009    2.34594740E-0039      7.23000000
  0.10984848     -1.20978188     37.03703704    4.46098179E-0009    6.80323895E-0039      7.25000000
  0.11015152     -1.02140652     37.03703704    1.44379466E-0008    2.20186509E-0038      7.27000000
  0.11045455     -0.87958279     37.03703704    4.19786797E-0008    6.40197612E-0038      7.29000000
  0.11075758     -0.73523838     37.03703704    1.22764499E-0007    1.87222513E-0037      7.31000000
  0.11106061     -0.61045424     37.03703704    3.43207334E-0007    5.23409781E-0037      7.33000000
  0.11136364     -0.49343053     37.03703704    9.42496802E-0007    1.43735869E-0036      7.35000000
  0.11166667     -0.38502749     37.03703704    2.53736263E-0006    3.86961550E-0036      7.37000000
  0.11196970     -0.28553053     37.03703704    6.69235717E-0006    1.02062073E-0035      7.39000000
  0.11227273     -0.18874425     37.03703704    1.75414306E-0005    2.67516322E-0035      7.41000000
  0.11257576     -0.10015347     37.03703704    4.51185787E-0005    6.88082774E-0035      7.43000000
  0.11287879     -0.02446973     37.03703704    1.12651963E-0004    1.71800347E-0034      7.45000000
  0.11318182      0.04913490     37.03703704    2.79925855E-0004    4.26902097E-0034      7.47000000
  0.11348485      0.10724228     37.03703704    6.71196991E-0004    1.02361178E-0033      7.49000000
  0.11378788      0.16269239     37.03703704    1.59955705E-0003    2.43941117E-0033      7.51000000
  0.11409091      0.21484384     37.03703704    3.78312596E-0003    5.76947209E-0033      7.53000000
  0.11439394      0.25014689     37.03703704    8.60703282E-0003    1.31261914E-0032      7.55000000
  0.11469697      0.28117410     37.03703704    1.93901106E-0002    2.95709694E-0032      7.57000000
  0.11500000      0.30789824     37.03703704    4.32517859E-0002    6.59613172E-0032      7.59000000
  0.11530303      0.32753894     37.03703704    9.49170789E-0002    1.44753689E-0031      7.61000000
  0.11560606      0.34109993     37.03703704    2.05402142E-0001    3.13249396E-0031      7.63000000
  0.11590909      0.34643679     37.03703704    4.36155589E-0001    6.65160906E-0031      7.65000000
  0.11621212      0.34862007     37.03703704    9.19442014E-0001    1.40219889E-0030      7.67000000
  0.11651515      0.34737183     37.03703704    1.92298421E+0000    2.93265512E-0030      7.69000000
  0.11681818      0.33419037     37.03703704    3.91285608E+0000    5.96731755E-0030      7.71000000
  0.11712121      0.32183999     37.03703704    7.97706463E+0000    1.21654558E-0029      7.73000000
  0.11742424      0.30434691     37.03703704    1.60712494E+0001    2.45095262E-0029      7.75000000
  0.11772727      0.27967237     37.03703704    3.18474539E+0001    4.85690929E-0029      7.77000000
  0.11803030      0.25167299     37.03703704    6.26289247E+0001    9.55125038E-0029      7.79000000
  0.11833333      0.21703250     37.03703704    1.21292539E+0002    1.84977695E-0028      7.81000000
  0.11863636      0.18202042     37.03703704    2.34704612E+0002    3.57937251E-0028      7.83000000
  0.11893939      0.13998397     37.03703704    4.46873688E+0002    6.81506589E-0028      7.85000000
  0.11924242      0.09844596     37.03703704    8.51817169E+0002    1.29906734E-0027      7.87000000
  0.11954545      0.04451174     37.03703704    1.57801741E+0003    2.40656205E-0027      7.89000000
  0.11984848     -0.00543149     37.03703704    2.95031358E+0003    4.49938808E-0027      7.91000000
  0.12015152     -0.06173051     37.03703704    5.43586634E+0003    8.28999071E-0027      7.93000000
  0.12045455     -0.12473197     37.03703704    9.86204373E+0003    1.50401511E-0026      7.95000000
  0.12075758     -0.18353774     37.03703704    1.80659489E+0004    2.75515510E-0026      7.97000000
  0.12106061     -0.25669558     37.03703704    3.20186156E+0004    4.88301238E-0026      7.99000000
  0.12136364     -0.32334994     37.03703704    5.76033586E+0004    8.78482432E-0026      8.01000000
  0.12166667     -0.40500270     37.03703704    1.00113964E+0005    1.52679220E-0025      8.03000000
  0.12196970     -0.47470833     37.03703704    1.78849878E+0005    2.72755755E-0025      8.05000000
  0.12227273     -0.54960427     37.03703704    3.15712901E+0005    4.81479281E-0025      8.07000000
  0.12257576     -0.63620900     37.03703704    5.42484347E+0005    8.27318024E-0025      8.09000000
  0.12287879     -0.72777151     37.03703704    9.21561496E+0005    1.40543122E-0024      8.11000000
  0.12318182     -0.81564662     37.03703704    1.57887890E+0006    2.40787588E-0024      8.13000000
  0.12348485     -0.91525355     37.03703704    2.63294332E+0006    4.01538123E-0024      8.15000000
  0.12378788     -1.00656378     37.03703704    4.47539014E+0006    6.82521247E-0024      8.17000000
  0.12409091     -1.10067466     37.03703704    7.55822178E+0006    1.15266978E-0023      8.19000000
  0.12439394     -1.21162957     37.03703704    1.22790378E+0007    1.87261980E-0023      8.21000000
  0.12469697     -1.30518597     37.03703704    2.07638344E+0007    3.16659726E-0023      8.23000000
  0.12500000     -1.41400243     37.03703704    3.38992986E+0007    5.16982673E-0023      8.25000000
  0.12530303     -1.51739861     37.03703704    5.60394872E+0007    8.54632545E-0023      8.27000000
  0.12560606     -1.62805299     37.03703704    9.11044069E+0007    1.38939157E-0022      8.29000000
  0.12590909     -1.75051046     37.03703704    1.44139007E+0008    2.19819797E-0022      8.31000000
  0.12621212     -1.85535167     37.03703704    2.37487050E+0008    3.62180620E-0022      8.33000000
  0.12651515     -1.96619343     37.03703704    3.85920450E+0008    5.88549598E-0022      8.35000000
  0.12681818     -2.10737544     37.03703704    5.84810822E+0008    8.91868192E-0022      8.37000000
  0.12712121     -2.24667233     37.03703704    8.90057618E+0008    1.35738610E-0021      8.39000000
  0.12742424     -2.33321467     37.03703704    1.52959129E+0009    2.33270960E-0021      8.41000000
  0.12772727     -2.42185217     37.03703704    2.61599868E+0009    3.98953974E-0021      8.43000000
  0.12803030     -2.63202323     37.03703704    3.38194137E+0009    5.15764384E-0021      8.45000000
  0.12833333     -2.86737445     37.03703704    4.12585985E+0009    6.29215984E-0021      8.47000000
  0.12863636     -2.89085552     37.03703704    8.19847395E+0009    1.25031170E-0020      8.49000000
  0.12893939     -2.97003679     37.03703704    1.43301706E+0010    2.18542866E-0020      8.51000000
  0.12924242     -3.34449569     37.03703704    1.26908899E+0010    1.93542947E-0020      8.53000000
  0.12954545     -3.26152144     37.03703704    3.22229984E+0010    4.91418186E-0020      8.55000000
  0.12984848     -3.36797679     37.03703704    5.28944629E+0010    8.06669221E-0020      8.57000000
  0.13015152     -3.58185661     37.03703704    6.78000490E+0010    1.03398749E-0019      8.59000000
  0.13045455     -3.62324930     37.03703704    1.29281666E+0011    1.97161545E-0019      8.61000000
  0.13075758     -3.66900679     37.03703704    2.44050142E+0011    3.72189691E-0019      8.63000000
  0.13106061     -3.92427929     37.03703704    2.84384666E+0011    4.33702025E-0019      8.65000000
  0.13136364     -4.02118930     37.03703704    4.77194884E+0011    7.27748055E-0019      8.67000000
  0.13227273     -4.32221930     37.03703704    2.20173290E+0012    3.35776197E-0018      8.73000000
  0.13257576     -4.62324930     37.03703704    2.30905487E+0012    3.52143379E-0018      8.75000000
  0.13287879     -4.62324930     37.03703704    4.84321634E+0012    7.38616735E-0018      8.77000000
