  0.11500000     -4.13349101     17.00680272    1.26033248E-0015    1.92207533E-0045      7.59000000
  0.11560606     -4.13349101     17.00680272    2.48841925E-0015    3.79497419E-0045      7.63000000
  0.11621212     -4.13349101     17.00680272    4.91317208E-0015    7.49285365E-0045      7.67000000
  0.11651515     -3.83246102     17.00680272    1.38073770E-0014    2.10569981E-0044      7.69000000
  0.11681818     -4.13349101     17.00680272    9.70064024E-0015    1.47940020E-0044      7.71000000
  0.11712121     -4.13349101     17.00680272    1.36307455E-0014    2.07876255E-0044      7.73000000
  0.11742424     -3.28839297     17.00680272    1.34071621E-0013    2.04466487E-0043      7.75000000
  0.11772727     -3.43452101     17.00680272    1.34563736E-0013    2.05216989E-0043      7.77000000
  0.11803030     -3.65636976     17.00680272    1.13448432E-0013    1.73015007E-0043      7.79000000
  0.11833333     -3.43452101     17.00680272    2.65684648E-0013    4.05183485E-0043      7.81000000
  0.11863636     -2.98736298     17.00680272    1.04530663E-0012    1.59414925E-0042      7.83000000
  0.11893939     -2.98736298     17.00680272    1.46880085E-0012    2.24000088E-0042      7.85000000
  0.11924242     -2.65636973     17.00680272    4.42257665E-0012    6.74466903E-0042      7.87000000
  0.11954545     -2.81127170     17.00680272    4.35003362E-0012    6.63403698E-0042      7.89000000
  0.11984848     -2.49003833     17.00680272    1.28069346E-0011    1.95312692E-0041      7.91000000
  0.12015152     -2.45224977     17.00680272    1.96314764E-0011    2.99390653E-0041      7.93000000
  0.12045455     -2.32731104     17.00680272    3.67799310E-0011    5.60913878E-0041      7.95000000
  0.12075758     -2.28223264     17.00680272    5.73335088E-0011    8.74367076E-0041      7.97000000
  0.12106061     -2.18410099     17.00680272    1.00985583E-0010    1.54008487E-0040      7.99000000
  0.12136364     -2.12065377     17.00680272    1.64219911E-0010    2.50444263E-0040      8.01000000
  0.12166667     -1.99361193     17.00680272    3.09162538E-0010    4.71489623E-0040      8.03000000
  0.12196970     -1.85473739     17.00680272    5.98109380E-0010    9.12149214E-0040      8.05000000
  0.12227273     -1.81962377     17.00680272    9.11199438E-0010    1.38962852E-0039      8.07000000
  0.12257576     -1.68478469     17.00680272    1.74651267E-0009    2.66352646E-0039      8.09000000
  0.12287879     -1.61104678     17.00680272    2.90823075E-0009    4.43520947E-0039      8.11000000
  0.12318182     -1.51859378     17.00680272    5.05593024E-0009    7.71056758E-0039      8.13000000
  0.12348485     -1.45134592     17.00680272    8.29407862E-0009    1.26489193E-0038      8.15000000
  0.12378788     -1.35970454     17.00680272    1.43922512E-0008    2.19489630E-0038      8.17000000
  0.12409091     -1.26838704     17.00680272    2.49554521E-0008    3.80584167E-0038      8.19000000
  0.12439394     -1.24756467     17.00680272    3.67880717E-0008    5.61038028E-0038      8.21000000
  0.12469697     -1.12149790     17.00680272    6.91023801E-0008    1.05384874E-0037      8.23000000
  0.12500000     -1.09926376     17.00680272    1.02198933E-0007    1.55858910E-0037      8.25000000
  0.12530303     -0.99047622     17.00680272    1.84481624E-0007    2.81344472E-0037      8.27000000
  0.12560606     -0.93018608     17.00680272    2.97825902E-0007    4.54200639E-0037      8.29000000
  0.12590909     -0.89219363     17.00680272    4.56745344E-0007    6.96561400E-0037      8.31000000
  0.12621212     -0.82364800     17.00680272    7.51517272E-0007    1.14610456E-0036      8.33000000
  0.12651515     -0.76875247     17.00680272    1.19826732E-0006    1.82742259E-0036      8.35000000
  0.12681818     -0.73226285     17.00680272    1.83131284E-0006    2.79285131E-0036      8.37000000
  0.12712121     -0.68742006     17.00680272    2.85314958E-0006    4.35120771E-0036      8.39000000
  0.12742424     -0.61366301     17.00680272    4.75117257E-0006    7.24579562E-0036      8.41000000
  0.12772727     -0.58118792     17.00680272    7.19440871E-0006    1.09718631E-0035      8.43000000
  0.12803030     -0.52786278     17.00680272    1.14298216E-0005    1.74310973E-0035      8.45000000
  0.12833333     -0.48105126     17.00680272    1.78883461E-0005    2.72806971E-0035      8.47000000
  0.12863636     -0.43469475     17.00680272    2.79670016E-0005    4.26511928E-0035      8.49000000
  0.12893939     -0.40521840     17.00680272    4.20573075E-0005    6.41396729E-0035      8.51000000
  0.12924242     -0.36036307     17.00680272    6.55263553E-0005    9.99312425E-0035      8.53000000
  0.12954545     -0.31970994     17.00680272    1.01108661E-0004    1.54196186E-0034      8.55000000
  0.12984848     -0.29634468     17.00680272    1.49924574E-0004    2.28643099E-0034      8.57000000
  0.13015152     -0.26297005     17.00680272    2.27492282E-0004    3.46938058E-0034      8.59000000
  0.13045455     -0.23984020     17.00680272    3.37144224E-0004    5.14163211E-0034      8.61000000
  0.13075758     -0.20766342     17.00680272    5.10166242E-0004    7.78031163E-0034      8.63000000
  0.13106061     -0.17708244     17.00680272    7.69151542E-0004    1.17299778E-0033      8.65000000
  0.13136364     -0.14766050     17.00680272    1.15651977E-0003    1.76375531E-0033      8.67000000
  0.13166667     -0.13123853     17.00680272    1.68769608E-0003    2.57382797E-0033      8.69000000
  0.13196970     -0.10912849     17.00680272    2.49530421E-0003    3.80547413E-0033      8.71000000
  0.13227273     -0.08664480     17.00680272    3.69255015E-0003    5.63133906E-0033      8.73000000
  0.13257576     -0.06779927     17.00680272    5.41865049E-0003    8.26373562E-0033      8.75000000
  0.13287879     -0.05380339     17.00680272    7.86332512E-0003    1.19919969E-0032      8.77000000
  0.13318182     -0.03926452     17.00680272    1.14252131E-0002    1.74240691E-0032      8.79000000
  0.13348485     -0.02404745     17.00680272    1.66264909E-0002    2.53562995E-0032      8.81000000
  0.13378788     -0.01380632     17.00680272    2.39199867E-0002    3.64792759E-0032      8.83000000
  0.13409091      0.00281728     17.00680272    3.49223730E-0002    5.32585111E-0032      8.85000000
  0.13439394      0.01058478     17.00680272    4.99563224E-0002    7.61860986E-0032      8.87000000
  0.13469697      0.01689695     17.00680272    7.12232591E-0002    1.08619330E-0031      8.89000000
  0.13500000      0.02766729     17.00680272    1.02591503E-0001    1.56457602E-0031      8.91000000
  0.13530303      0.02703753     17.00680272    1.43946410E-0001    2.19526076E-0031      8.93000000
  0.13560606      0.02423769     17.00680272    2.00964900E-0001    3.06482361E-0031      8.95000000
  0.13590909      0.03462327     17.00680272    2.89217793E-0001    4.41072806E-0031      8.97000000
  0.13621212      0.03609526     17.00680272    4.07770883E-0001    6.21872693E-0031      8.99000000
  0.13651515      0.03181269     17.00680272    5.67352344E-0001    8.65243068E-0031      9.01000000
  0.13681818      0.03553648     17.00680272    8.04073690E-0001    1.22625595E-0030      9.03000000
  0.13712121      0.02667729     17.00680272    1.10702104E+0000    1.68826707E-0030      9.05000000
  0.13742424      0.02793691     17.00680272    1.56003629E+0000    2.37913987E-0030      9.07000000
  0.13772727      0.02314898     17.00680272    2.16803348E+0000    3.30636854E-0030      9.09000000
  0.13803030      0.02014094     17.00680272    3.02536067E+0000    4.61383896E-0030      9.11000000
  0.13833333      0.00667124     17.00680272    4.12122825E+0000    6.28509639E-0030      9.13000000
  0.13863636      0.00484329     17.00680272    5.76657475E+0000    8.79433897E-0030      9.15000000
  0.13893939     -0.01084924     17.00680272    7.81528121E+0000    1.19187273E-0029      9.17000000
  0.13924242     -0.01901346     17.00680272    1.07770427E+0001    1.64355741E-0029      9.19000000
  0.13954545     -0.03415573     17.00680272    1.46243491E+0001    2.23029248E-0029      9.21000000
  0.13984848     -0.05261210     17.00680272    1.96942471E+0001    3.00347940E-0029      9.23000000
  0.14015152     -0.06061641     17.00680272    2.71677882E+0001    4.14323492E-0029      9.25000000
  0.14045455     -0.07132283     17.00680272    3.72449232E+0001    5.68005261E-0029      9.27000000
  0.14075758     -0.09209832     17.00680272    4.98896898E+0001    7.60844803E-0029      9.29000000
  0.14106061     -0.11081523     17.00680272    6.71449108E+0001    1.02399627E-0028      9.31000000
  0.14136364     -0.12599928     17.00680272    9.11062686E+0001    1.38941996E-0028      9.33000000
  0.14166667     -0.15330578     17.00680272    1.20215641E+0002    1.83335366E-0028      9.35000000
  0.14196970     -0.17502267     17.00680272    1.60680546E+0002    2.45046539E-0028      9.37000000
  0.14227273     -0.18979868     17.00680272    2.18226003E+0002    3.32806480E-0028      9.39000000
  0.14257576     -0.20884998     17.00680272    2.93477231E+0002    4.47568681E-0028      9.41000000
  0.14287879     -0.23873203     17.00680272    3.84956423E+0002    5.87079404E-0028      9.43000000
  0.14318182     -0.27147896     17.00680272    5.01630404E+0002    7.65013547E-0028      9.45000000
  0.14348485     -0.28573331     17.00680272    6.82101052E+0002    1.04024107E-0027      9.47000000
  0.14378788     -0.31473740     17.00680272    8.96527949E+0002    1.36725370E-0027      9.49000000
  0.14409091     -0.33956100     17.00680272    1.18976024E+0003    1.81444883E-0027      9.51000000
  0.14439394     -0.36983845     17.00680272    1.55919780E+0003    2.37786113E-0027      9.53000000
  0.14469697     -0.40546206     17.00680272    2.01835152E+0003    3.07809544E-0027      9.55000000
  0.14500000     -0.42320437     17.00680272    2.72253652E+0003    4.15201572E-0027      9.57000000
  0.14530303     -0.44846624     17.00680272    3.60936711E+0003    5.50448043E-0027      9.59000000
  0.14560606     -0.48493584     17.00680272    4.66316379E+0003    7.11157747E-0027      9.61000000
  0.14590909     -0.53153959     17.00680272    5.88567299E+0003    8.97597024E-0027      9.63000000
  0.14621212     -0.55359312     17.00680272    7.86071054E+0003    1.19880095E-0026      9.65000000
  0.14651515     -0.59680634     17.00680272    9.99925850E+0003    1.52494110E-0026      9.67000000
  0.14681818     -0.62766297     17.00680272    1.30867072E+0004    1.99579376E-0026      9.69000000
  0.14712121     -0.65985809     17.00680272    1.70747548E+0004    2.60399262E-0026      9.71000000
  0.14742424     -0.68633297     17.00680272    2.25734950E+0004    3.44258030E-0026      9.73000000
  0.14772727     -0.73607246     17.00680272    2.82864551E+0004    4.31383768E-0026      9.75000000
  0.14803030     -0.77460479     17.00680272    3.63718511E+0004    5.54690438E-0026      9.77000000
  0.14833333     -0.80920856     17.00680272    4.71933541E+0004    7.19724222E-0026      9.79000000
  0.14863636     -0.86141720     17.00680272    5.88019080E+0004    8.96760960E-0026      9.81000000
  0.14893939     -0.89444191     17.00680272    7.65748087E+0004    1.16780733E-0025      9.83000000
  0.14924242     -0.94287920     17.00680272    9.62427097E+0004    1.46775347E-0025      9.85000000
  0.14954545     -0.99708755     17.00680272    1.19365469E+0005    1.82038808E-0025      9.87000000
  0.14984848     -1.01357558     17.00680272    1.61476706E+0005    2.46260727E-0025      9.89000000
  0.15015152     -1.06308369     17.00680272    2.02451496E+0005    3.08749502E-0025      9.91000000
  0.15045455     -1.09886257     17.00680272    2.61975889E+0005    3.99527426E-0025      9.93000000
  0.15075758     -1.15439812     17.00680272    3.23925382E+0005    4.94003761E-0025      9.95000000
  0.15106061     -1.21180454     17.00680272    3.98802407E+0005    6.08195280E-0025      9.97000000
  0.15136364     -1.24643664     17.00680272    5.17421993E+0005    7.89096577E-0025      9.99000000
  0.15166667     -1.28777299     17.00680272    6.61040015E+0005    1.00812184E-0024     10.01000000
  0.15196970     -1.35101836     17.00680272    8.02974186E+0005    1.22457914E-0024     10.03000000
  0.15227273     -1.34039939     17.00680272    1.15621810E+0006    1.76329526E-0024     10.05000000
  0.15257576     -1.47357480     17.00680272    1.19559358E+0006    1.82334499E-0024     10.07000000
  0.15287879     -1.45862987     17.00680272    1.73879232E+0006    2.65175251E-0024     10.09000000
  0.15318182     -1.51544291     17.00680272    2.14365002E+0006    3.26918244E-0024     10.11000000
  0.15348485     -1.61235292     17.00680272    2.40970058E+0006    3.67492395E-0024     10.13000000
  0.15378788     -1.61761718     17.00680272    3.34516882E+0006    5.10156372E-0024     10.15000000
  0.15409091     -1.69101125     17.00680272    3.96956735E+0006    6.05380530E-0024     10.17000000
  0.15439394     -1.71685049     17.00680272    5.25561018E+0006    8.01509030E-0024     10.19000000
  0.15469697     -1.80715516     17.00680272    5.99843137E+0006    9.14793287E-0024     10.21000000
  0.15500000     -1.92130340     17.00680272    6.48050213E+0006    9.88311691E-0024     10.23000000
  0.15530303     -1.93209388     17.00680272    8.88254463E+0006    1.35463619E-0023     10.25000000
  0.15560606     -2.03312044     17.00680272    9.89076872E+0006    1.50839583E-0023     10.27000000
  0.15590909     -2.04713119     17.00680272    1.34566982E+0007    2.05221939E-0023     10.29000000
  0.15621212     -2.09209835     17.00680272    1.70486723E+0007    2.60001491E-0023     10.31000000
  0.15651515     -2.11645767     17.00680272    2.26490739E+0007    3.45410649E-0023     10.33000000
  0.15681818     -2.12489083     17.00680272    3.12130709E+0007    4.76016245E-0023     10.35000000
  0.15712121     -2.19397174     17.00680272    3.74088885E+0007    5.70505820E-0023     10.37000000
  0.15742424     -2.24139640     17.00680272    4.71269523E+0007    7.18711560E-0023     10.39000000
  0.15772727     -2.32057764     17.00680272    5.51832568E+0007    8.41574567E-0023     10.41000000
  0.15803030     -2.35533974     17.00680272    7.15755082E+0007    1.09156528E-0022     10.43000000
  0.15833333     -2.53143102     17.00680272    6.70490100E+0007    1.02253373E-0022     10.45000000
  0.15863636     -2.41748767     17.00680272    1.22477111E+0008    1.86784231E-0022     10.47000000
  0.15893939     -2.81127170     17.00680272    6.95008494E+0007    1.05992561E-0022     10.49000000
  0.15924242     -2.73555099     17.00680272    1.16259924E+0008    1.77302684E-0022     10.51000000
  0.15954545     -2.65636973     17.00680272    1.96033594E+0008    2.98961853E-0022     10.53000000
  0.15984848     -2.68633298     17.00680272    2.57090759E+0008    3.92077339E-0022     10.55000000
  0.16015152     -2.77176316     17.00680272    2.96739594E+0008    4.52543960E-0022     10.57000000
  0.16045455     -2.92937103     17.00680272    2.90059331E+0008    4.42356198E-0022     10.59000000
  0.16075758     -3.01954766     17.00680272    3.31153556E+0008    5.05027117E-0022     10.61000000
  0.16106061     -3.23040102     17.00680272    2.86348735E+0008    4.36697337E-0022     10.63000000
  0.16136364     -3.28839297     17.00680272    3.52064741E+0008    5.36917808E-0022     10.65000000
  0.16166667     -3.35533976     17.00680272    4.24028410E+0008    6.46666302E-0022     10.67000000
  0.16196970     -3.17924850     17.00680272    8.93728127E+0008    1.36298382E-0021     10.69000000
  0.16227273     -3.28839297     17.00680272    9.76742687E+0008    1.48958552E-0021     10.71000000
  0.16257576     -3.53143102     17.00680272    7.84262286E+0008    1.19604248E-0021     10.73000000
  0.16287879     -4.13349101     17.00680272    2.75499333E+0008    4.20151411E-0022     10.75000000
  0.16318182     -3.43452101     17.00680272    1.93557394E+0009    2.95185515E-0021     10.77000000
  0.16348485     -3.83246102     17.00680272    1.08789998E+0009    1.65910642E-0021     10.79000000
  0.16409091     -4.13349101     17.00680272    1.07398298E+0009    1.63788223E-0021     10.83000000
  0.16439394     -4.13349101     17.00680272    1.50909510E+0009    2.30145180E-0021     10.85000000
  0.16469697     -3.83246102     17.00680272    4.24097601E+0009    6.46771822E-0021     10.87000000
  0.16500000     -4.13349101     17.00680272    2.97957987E+0009    4.54402076E-0021     10.89000000
  0.16530303     -3.83246102     17.00680272    8.37344629E+0009    1.27699593E-0020     10.91000000
  0.16560606     -3.83246102     17.00680272    1.17658539E+0010    1.79435647E-0020     10.93000000
  0.16621212     -4.13349101     17.00680272    1.16153387E+0010    1.77140209E-0020     10.97000000
  0.16681818     -4.13349101     17.00680272    2.29334980E+0010    3.49748271E-0020     11.01000000
