  0.13439394     -4.24329902      6.99790063    2.34789246E-0013    3.58066322E-0043      8.87000000
  0.13560606     -4.24329902      6.99790063    4.10970048E-0013    6.26751592E-0043      8.95000000
  0.13742424     -4.24329902      6.99790063    9.51717656E-0013    1.45142100E-0042      9.07000000
  0.13863636     -4.24329902      6.99790063    1.66586612E-0012    2.54053611E-0042      9.15000000
  0.13893939     -4.24329902      6.99790063    1.91612170E-0012    2.92218942E-0042      9.17000000
  0.13924242     -4.24329902      6.99790063    2.20397204E-0012    3.36117679E-0042      9.19000000
  0.13954545     -3.64123903      6.99790063    1.01402594E-0011    1.54644451E-0041      9.21000000
  0.13984848     -4.24329902      6.99790063    2.91589625E-0012    4.44689978E-0042      9.23000000
  0.14015152     -3.64123903      6.99790063    1.34157529E-0011    2.04597501E-0041      9.25000000
  0.14045455     -3.54432905      6.99790063    1.92889252E-0011    2.94166561E-0041      9.27000000
  0.14075758     -3.64123903      6.99790063    1.77492921E-0011    2.70686322E-0041      9.29000000
  0.14106061     -3.94226903      6.99790063    1.02078442E-0011    1.55675155E-0041      9.31000000
  0.14136364     -3.39820098      6.99790063    4.10946299E-0011    6.26715374E-0041      9.33000000
  0.14166667     -3.24329905      6.99790063    6.75258399E-0011    1.02980565E-0040      9.35000000
  0.14196970     -3.46514776      6.99790063    4.66019698E-0011    7.10705292E-0041      9.37000000
  0.14227273     -3.54432905      6.99790063    4.46689747E-0011    6.81226069E-0041      9.39000000
  0.14257576     -3.16411777      6.99790063    1.23310556E-0010    1.88055279E-0040      9.41000000
  0.14287879     -3.28905654      6.99790063    1.06376200E-0010    1.62229470E-0040      9.43000000
  0.14318182     -3.28905654      6.99790063    1.22356619E-0010    1.86600474E-0040      9.45000000
  0.14348485     -3.39820098      6.99790063    1.09462666E-0010    1.66936497E-0040      9.47000000
  0.14378788     -2.98802655      6.99790063    3.23760191E-0010    4.93751835E-0040      9.49000000
  0.14409091     -2.92107974      6.99790063    4.34463454E-0010    6.62580310E-0040      9.51000000
  0.14439394     -2.84535903      6.99790063    5.94917787E-0010    9.07281862E-0040      9.53000000
  0.14469697     -2.92107974      6.99790063    5.74803278E-0010    8.76606145E-0040      9.55000000
  0.14500000     -2.86308777      6.99790063    7.55603901E-0010    1.15233689E-0039      9.57000000
  0.14530303     -2.82832567      6.99790063    9.41541110E-0010    1.43590121E-0039      9.59000000
  0.14560606     -2.66351543      6.99790063    1.58282360E-0009    2.41389176E-0039      9.61000000
  0.14590909     -2.55310294      6.99790063    2.34762106E-0009    3.58024933E-0039      9.63000000
  0.14621212     -2.58054120      6.99790063    2.53496947E-0009    3.86596581E-0039      9.65000000
  0.14651515     -2.52729567      6.99790063    3.29610663E-0009    5.02674122E-0039      9.67000000
  0.14681818     -2.52729567      6.99790063    3.79126591E-0009    5.78188595E-0039      9.69000000
  0.14712121     -2.39204067      6.99790063    5.95418385E-0009    9.08045301E-0039      9.71000000
  0.14742424     -2.43038567      6.99790063    6.26989446E-0009    9.56192879E-0039      9.73000000
  0.14772727     -2.25652730      6.99790063    1.07622133E-0008    1.64129584E-0038      9.75000000
  0.14803030     -2.30377977      6.99790063    1.11027898E-0008    1.69323560E-0038      9.77000000
  0.14833333     -2.20587253      6.99790063    1.60000875E-0008    2.44010004E-0038      9.79000000
  0.14863636     -2.19408100      6.99790063    1.89102329E-0008    2.88391299E-0038      9.81000000
  0.14893939     -2.12272511      6.99790063    2.56351440E-0008    3.90949836E-0038      9.83000000
  0.14924242     -2.05017444      6.99790063    3.48473228E-0008    5.31440555E-0038      9.85000000
  0.14954545     -2.07303730      6.99790063    3.80267800E-0008    5.79929001E-0038      9.87000000
  0.14984848     -1.95999779      6.99790063    5.67429695E-0008    8.65361031E-0038      9.89000000
  0.15015152     -1.92315276      6.99790063    7.10460732E-0008    1.08349111E-0037      9.91000000
  0.15045455     -1.85590920      6.99790063    9.54040095E-0008    1.45496284E-0037      9.93000000
  0.15075758     -1.83675885      6.99790063    1.14683245E-0007    1.74898164E-0037      9.95000000
  0.15106061     -1.79769484      6.99790063    1.44326798E-0007    2.20106187E-0037      9.97000000
  0.15136364     -1.77200730      6.99790063    1.76123580E-0007    2.68598002E-0037      9.99000000
  0.15166667     -1.73544317      6.99790063    2.20376169E-0007    3.36085599E-0037     10.01000000
  0.15196970     -1.64780280      6.99790063    3.10161578E-0007    4.73013213E-0037     10.03000000
  0.15227273     -1.63157573      6.99790063    3.70337810E-0007    5.64785228E-0037     10.05000000
  0.15257576     -1.54694265      6.99790063    5.17623676E-0007    7.89404154E-0037     10.07000000
  0.15287879     -1.57398215      6.99790063    5.59445292E-0007    8.53184386E-0037     10.09000000
  0.15318182     -1.49900607      6.99790063    7.64745088E-0007    1.16627770E-0036     10.11000000
  0.15348485     -1.46226210      6.99790063    9.57290299E-0007    1.45991958E-0036     10.13000000
  0.15378788     -1.44811445      6.99790063    1.13755996E-0006    1.73484058E-0036     10.15000000
  0.15409091     -1.38416072      6.99790063    1.51604126E-0006    2.31204508E-0036     10.17000000
  0.15439394     -1.34347854      6.99790063    1.91503269E-0006    2.92052863E-0036     10.19000000
  0.15469697     -1.33001514      6.99790063    2.27207462E-0006    3.46503691E-0036     10.21000000
  0.15500000     -1.31644232      6.99790063    2.69636323E-0006    4.11210004E-0036     10.23000000
  0.15530303     -1.24070104      6.99790063    3.69234840E-0006    5.63103139E-0036     10.25000000
  0.15560606     -1.20786929      6.99790063    4.58054773E-0006    6.98558350E-0036     10.27000000
  0.15590909     -1.21513461      6.99790063    5.18125649E-0006    7.90169690E-0036     10.29000000
  0.15621212     -1.17771932      6.99790063    6.49581077E-0006    9.90646341E-0036     10.31000000
  0.15651515     -1.12371324      6.99790063    8.46101456E-0006    1.29035057E-0035     10.33000000
  0.15681818     -1.09009414      6.99790063    1.05153695E-0005    1.60365082E-0035     10.35000000
  0.15712121     -1.05465175      6.99790063    1.31235073E-0005    2.00140598E-0035     10.37000000
  0.15742424     -1.04135598      6.99790063    1.55642674E-0005    2.37363511E-0035     10.39000000
  0.15772727     -1.02292939      6.99790063    1.86783395E-0005    2.84854798E-0035     10.41000000
  0.15803030     -0.97942634      6.99790063    2.37478503E-0005    3.62167585E-0035     10.43000000
  0.15833333     -0.94685325      6.99790063    2.94428869E-0005    4.49019980E-0035     10.45000000
  0.15863636     -0.91737308      6.99790063    3.62446200E-0005    5.52750095E-0035     10.47000000
  0.15893939     -0.89714172      6.99790063    4.36775127E-0005    6.66105736E-0035     10.49000000
  0.15924242     -0.86326877      6.99790063    5.43142567E-0005    8.28321846E-0035     10.51000000
  0.15954545     -0.85573127      6.99790063    6.35673842E-0005    9.69437054E-0035     10.53000000
  0.15984848     -0.81630006      6.99790063    8.00660756E-0005    1.22105104E-0034     10.55000000
  0.16015152     -0.81581293      6.99790063    9.21973982E-0005    1.40606028E-0034     10.57000000
  0.16045455     -0.77806493      6.99790063    1.15677703E-0004    1.76414765E-0034     10.59000000
  0.16075758     -0.74678452      6.99790063    1.42992433E-0004    2.18071208E-0034     10.61000000
  0.16106061     -0.73061465      6.99790063    1.70712735E-0004    2.60346171E-0034     10.63000000
  0.16136364     -0.70372115      6.99790063    2.08901912E-0004    3.18586735E-0034     10.65000000
  0.16166667     -0.68591214      6.99790063    2.50342400E-0004    3.81785725E-0034     10.67000000
  0.16196970     -0.65614953      6.99790063    3.08375608E-0004    4.70289511E-0034     10.69000000
  0.16227273     -0.63253245      6.99790063    3.74524379E-0004    5.71169973E-0034     10.71000000
  0.16257576     -0.62871816      6.99790063    4.34587639E-0004    6.62769698E-0034     10.73000000
  0.16287879     -0.59964900      6.99790063    5.34477623E-0004    8.15107337E-0034     10.75000000
  0.16318182     -0.57724929      6.99790063    6.47309864E-0004    9.87182619E-0034     10.77000000
  0.16348485     -0.56232929      6.99790063    7.70575538E-0004    1.17516945E-0033     10.79000000
  0.16378788     -0.54816775      6.99790063    9.15713784E-0004    1.39651314E-0033     10.81000000
  0.16409091     -0.52181818      6.99790063    1.11916035E-0003    1.70678017E-0033     10.83000000
  0.16439394     -0.50065246      6.99790063    1.35157775E-0003    2.06122930E-0033     10.85000000
  0.16469697     -0.49495593      6.99790063    1.57514503E-0003    2.40218152E-0033     10.87000000
  0.16500000     -0.48971596      6.99790063    1.83376429E-0003    2.79658990E-0033     10.89000000
  0.16530303     -0.47229984      6.99790063    2.19554642E-0003    3.34832726E-0033     10.91000000
  0.16560606     -0.45882438      6.99790063    2.60496010E-0003    3.97270531E-0033     10.93000000
  0.16590909     -0.42845235      6.99790063    3.21333573E-0003    4.90051111E-0033     10.95000000
  0.16621212     -0.41897790      6.99790063    3.77757892E-0003    5.76101255E-0033     10.97000000
  0.16651515     -0.39994165      6.99790063    4.53975893E-0003    6.92337836E-0033     10.99000000
  0.16681818     -0.38572534      6.99790063    5.39550486E-0003    8.22843728E-0033     11.01000000
  0.16712121     -0.38098871      6.99790063    6.27410394E-0003    9.56834848E-0033     11.03000000
  0.16742424     -0.36060378      6.99790063    7.56344476E-0003    1.15346631E-0032     11.05000000
  0.16772727     -0.35293392      6.99790063    8.85467213E-0003    1.35038548E-0032     11.07000000
  0.16803030     -0.33793497      6.99790063    1.05427628E-0002    1.60782845E-0032     11.09000000
  0.16833333     -0.33594143      6.99790063    1.21823470E-0002    1.85787393E-0032     11.11000000
  0.16863636     -0.31336948      6.99790063    1.47599845E-0002    2.25097762E-0032     11.13000000
  0.16893939     -0.31649373      6.99790063    1.68556165E-0002    2.57057286E-0032     11.15000000
  0.16924242     -0.29684679      6.99790063    2.02849797E-0002    3.09356933E-0032     11.17000000
  0.16954545     -0.29508173      6.99790063    2.34273211E-0002    3.57279341E-0032     11.19000000
  0.16984848     -0.27805029      6.99790063    2.80244477E-0002    4.27388013E-0032     11.21000000
  0.17015152     -0.27225526      6.99790063    3.26674390E-0002    4.98196147E-0032     11.23000000
  0.17045455     -0.26837303      6.99790063    3.79123157E-0002    5.78183358E-0032     11.25000000
  0.17075758     -0.25465089      6.99790063    4.50075573E-0002    6.86389637E-0032     11.27000000
  0.17106061     -0.24543231      6.99790063    5.28794601E-0002    8.06440421E-0032     11.29000000
  0.17136364     -0.24403796      6.99790063    6.10188972E-0002    9.30571246E-0032     11.31000000
  0.17166667     -0.24770770      6.99790063    6.95949315E-0002    1.06136042E-0031     11.33000000
  0.17196970     -0.22655811      6.99790063    8.40446732E-0002    1.28172681E-0031     11.35000000
  0.17227273     -0.23063051      6.99790063    9.57680810E-0002    1.46051513E-0031     11.37000000
  0.17257576     -0.23041964      6.99790063    1.10208387E-0001    1.68073763E-0031     11.39000000
  0.17287879     -0.21664324      6.99790063    1.30850096E-0001    1.99553486E-0031     11.41000000
  0.17318182     -0.21959397      6.99790063    1.49487989E-0001    2.27977283E-0031     11.43000000
  0.17348485     -0.21428068      6.99790063    1.74061445E-0001    2.65453135E-0031     11.45000000
  0.17378788     -0.21035811      6.99790063    2.02026411E-0001    3.08101224E-0031     11.47000000
  0.17409091     -0.21330688      6.99790063    2.30803492E-0001    3.51987832E-0031     11.49000000
  0.17439394     -0.21513461      6.99790063    2.64361150E-0001    4.03165079E-0031     11.51000000
  0.17469697     -0.20143282      6.99790063    3.13821301E-0001    4.78594489E-0031     11.53000000
  0.17500000     -0.20321120      6.99790063    3.59490180E-0001    5.48242003E-0031     11.55000000
  0.17530303     -0.20107802      6.99790063    4.15530780E-0001    6.33706956E-0031     11.57000000
  0.17560606     -0.20249899      6.99790063    4.76392840E-0001    7.26524896E-0031     11.59000000
  0.17590909     -0.20778925      6.99790063    5.41324835E-0001    8.25549706E-0031     11.61000000
  0.17621212     -0.19864171      6.99790063    6.35899501E-0001    9.69781197E-0031     11.63000000
  0.17651515     -0.20261759      6.99790063    7.24762304E-0001    1.10530179E-0030     11.65000000
  0.17681818     -0.20979486      6.99790063    8.19976341E-0001    1.25050835E-0030     11.67000000
  0.17712121     -0.20859037      6.99790063    9.45777128E-0001    1.44236137E-0030     11.69000000
  0.17742424     -0.21233521      6.99790063    1.07851692E+0000    1.64479675E-0030     11.71000000
  0.17772727     -0.21342847      6.99790063    1.23741874E+0000    1.88713064E-0030     11.73000000
  0.17803030     -0.22264775      6.99790063    1.39341476E+0000    2.12503302E-0030     11.75000000
  0.17833333     -0.22017008      6.99790063    1.61191102E+0000    2.45825165E-0030     11.77000000
  0.17863636     -0.22961934      6.99790063    1.81415669E+0000    2.76668726E-0030     11.79000000
  0.17893939     -0.22643274      6.99790063    2.10205654E+0000    3.20575012E-0030     11.81000000
  0.17924242     -0.22714354      6.99790063    2.41388506E+0000    3.68130551E-0030     11.83000000
  0.17954545     -0.24486530      6.99790063    2.66549465E+0000    4.06502378E-0030     11.85000000
  0.17984848     -0.23923571      6.99790063    3.10592093E+0000    4.73669772E-0030     11.87000000
  0.18015152     -0.24643728      6.99790063    3.51375780E+0000    5.35867105E-0030     11.89000000
  0.18045455     -0.25742368      6.99790063    3.94065503E+0000    6.00971245E-0030     11.91000000
  0.18075758     -0.26202418      6.99790063    4.48488082E+0000    6.83968627E-0030     11.93000000
  0.18106061     -0.27193041      6.99790063    5.04228830E+0000    7.68976289E-0030     11.95000000
  0.18136364     -0.27444264      6.99790063    5.76631593E+0000    8.79394425E-0030     11.97000000
  0.18166667     -0.28273314      6.99790063    6.50715166E+0000    9.92375889E-0030     11.99000000
  0.18196970     -0.29881634      6.99790063    7.21258125E+0000    1.09995772E-0029     12.01000000
  0.18227273     -0.30533003      6.99790063    8.17259572E+0000    1.24636513E-0029     12.03000000
  0.18257576     -0.30976112      6.99790063    9.30490451E+0000    1.41904836E-0029     12.05000000
  0.18287879     -0.32495409      6.99790063    1.03347968E+0001    1.57611251E-0029     12.07000000
  0.18318182     -0.33070504      6.99790063    1.17309718E+0001    1.78903677E-0029     12.09000000
  0.18348485     -0.34069789      6.99790063    1.31863358E+0001    2.01098766E-0029     12.11000000
  0.18378788     -0.35159436      6.99790063    1.47914466E+0001    2.25577576E-0029     12.13000000
  0.18409091     -0.36713896      6.99790063    1.64153085E+0001    2.50342349E-0029     12.15000000
  0.18439394     -0.38212320      6.99790063    1.82409646E+0001    2.78184594E-0029     12.17000000
  0.18469697     -0.39051417      6.99790063    2.05797372E+0001    3.13852143E-0029     12.19000000
  0.18500000     -0.39696194      6.99790063    2.33224971E+0001    3.55680719E-0029     12.21000000
  0.18530303     -0.41425268      6.99790063    2.57790730E+0001    3.93144832E-0029     12.23000000
  0.18560606     -0.42573365      6.99790063    2.88781469E+0001    4.40407388E-0029     12.25000000
  0.18590909     -0.43192513      6.99790063    3.27461941E+0001    4.99397203E-0029     12.27000000
  0.18621212     -0.46254981      6.99790063    3.51009723E+0001    5.35308848E-0029     12.29000000
  0.18651515     -0.46703381      6.99790063    3.99593239E+0001    6.09401343E-0029     12.31000000
  0.18681818     -0.47377399      6.99790063    4.52544139E+0001    6.90154334E-0029     12.33000000
  0.18712121     -0.49830234      6.99790063    4.91943909E+0001    7.50241117E-0029     12.35000000
  0.18742424     -0.50738090      6.99790063    5.54140671E+0001    8.45094550E-0029     12.37000000
  0.18772727     -0.52637794      6.99790063    6.10106950E+0001    9.30446158E-0029     12.39000000
  0.18803030     -0.55755727      6.99790063    6.53145049E+0001    9.96081591E-0029     12.41000000
  0.18833333     -0.56305418      6.99790063    7.41815196E+0001    1.13130837E-0028     12.43000000
  0.18863636     -0.57528607      6.99790063    8.29558138E+0001    1.26512111E-0028     12.45000000
  0.18893939     -0.60942678      6.99790063    8.82041683E+0001    1.34516136E-0028     12.47000000
  0.18924242     -0.60661058      6.99790063    1.02114707E+0002    1.55730461E-0028     12.49000000
  0.18954545     -0.62829642      6.99790063    1.11734028E+0002    1.70400448E-0028     12.51000000
  0.18984848     -0.66443071      6.99790063    1.18258987E+0002    1.80351363E-0028     12.53000000
  0.19015152     -0.67159020      6.99790063    1.33800476E+0002    2.04052976E-0028     12.55000000
  0.19045455     -0.68495052      6.99790063    1.49238314E+0002    2.27596516E-0028     12.57000000
  0.19075758     -0.71721835      6.99790063    1.59365935E+0002    2.43041686E-0028     12.59000000
  0.19106061     -0.71631395      6.99790063    1.83688887E+0002    2.80135506E-0028     12.61000000
  0.19136364     -0.74169212      6.99790063    1.99291009E+0002    3.03929587E-0028     12.63000000
  0.19166667     -0.75743571      6.99790063    2.21068626E+0002    3.37141633E-0028     12.65000000
  0.19196970     -0.78000344      6.99790063    2.41402839E+0002    3.68152410E-0028     12.67000000
  0.19227273     -0.81113177      6.99790063    2.58462197E+0002    3.94168855E-0028     12.69000000
  0.19257576     -0.84103767      6.99790063    2.77507121E+0002    4.23213397E-0028     12.71000000
  0.19287879     -0.85413293      6.99790063    3.09714726E+0002    4.72331740E-0028     12.73000000
  0.19318182     -0.88062810      6.99790063    3.35158074E+0002    5.11134224E-0028     12.75000000
  0.19348485     -0.90305328      6.99790063    3.66106545E+0002    5.58332319E-0028     12.77000000
  0.19378788     -0.89635956      6.99790063    4.27645796E+0002    6.52183012E-0028     12.79000000
  0.19409091     -0.94971551      6.99790063    4.35022033E+0002    6.63432172E-0028     12.81000000
  0.19439394     -0.97518931      6.99790063    4.71867912E+0002    7.19624134E-0028     12.83000000
  0.19469697     -1.00500197      6.99790063    5.06746527E+0002    7.72815912E-0028     12.85000000
  0.19500000     -1.02292939      6.99790063    5.59301972E+0002    8.52965814E-0028     12.87000000
  0.19530303     -1.05268724      6.99790063    6.00719168E+0002    9.16129282E-0028     12.89000000
  0.19560606     -1.06547407      6.99790063    6.70915236E+0002    1.02318209E-0027     12.91000000
  0.19590909     -1.10153580      6.99790063    7.10213485E+0002    1.08311405E-0027     12.93000000
  0.19621212     -1.12305422      6.99790063    7.77416030E+0002    1.18560157E-0027     12.95000000
  0.19651515     -1.12206760      6.99790063    8.96237484E+0002    1.36681073E-0027     12.97000000
  0.19681818     -1.17511317      6.99790063    9.12348000E+0002    1.39138014E-0027     12.99000000
  0.19712121     -1.18792069      6.99790063    1.01891040E+0003    1.55389358E-0027     13.01000000
  0.19742424     -1.22087067      6.99790063    1.08634810E+0003    1.65673971E-0027     13.03000000
  0.19772727     -1.26924811      6.99790063    1.11782690E+0003    1.70474660E-0027     13.05000000
  0.19803030     -1.27155943      6.99790063    1.27892840E+0003    1.95043511E-0027     13.07000000
  0.19833333     -1.29733834      6.99790063    1.38627797E+0003    2.11414902E-0027     13.09000000
  0.19863636     -1.31695659      6.99790063    1.52410561E+0003    2.32434365E-0027     13.11000000
  0.19893939     -1.38657013      6.99790063    1.49342875E+0003    2.27755977E-0027     13.13000000
  0.19924242     -1.41722423      6.99790063    1.60071274E+0003    2.44117367E-0027     13.15000000
  0.19954545     -1.41722423      6.99790063    1.84118062E+0003    2.80790021E-0027     13.17000000
  0.19984848     -1.47540141      6.99790063    1.85226110E+0003    2.82479855E-0027     13.19000000
  0.20015152     -1.45583854      6.99790063    2.22868181E+0003    3.39886053E-0027     13.21000000
  0.20045455     -1.50929974      6.99790063    2.26657378E+0003    3.45664783E-0027     13.23000000
  0.20075758     -1.53829108      6.99790063    2.43871764E+0003    3.71917655E-0027     13.25000000
  0.20106061     -1.52562852      6.99790063    2.88806568E+0003    4.40445666E-0027     13.27000000
  0.20136364     -1.62108502      6.99790063    2.66645073E+0003    4.06648185E-0027     13.29000000
  0.20166667     -1.64670192      6.99790063    2.89134327E+0003    4.40945516E-0027     13.31000000
  0.20196970     -1.65558808      6.99790063    3.25834068E+0003    4.96914610E-0027     13.33000000
  0.20227273     -1.69552434      6.99790063    3.41856008E+0003    5.21348937E-0027     13.35000000
  0.20257576     -1.73008143      6.99790063    3.63135849E+0003    5.53801847E-0027     13.37000000
  0.20287879     -1.76617779      6.99790063    3.84375549E+0003    5.86193541E-0027     13.39000000
  0.20318182     -1.80713637      6.99790063    4.02327912E+0003    6.13571867E-0027     13.41000000
  0.20348485     -1.81841739      6.99790063    4.50901976E+0003    6.87649946E-0027     13.43000000
  0.20378788     -1.84362530      6.99790063    4.89392402E+0003    7.46349932E-0027     13.45000000
  0.20409091     -1.94226904      6.99790063    4.48535144E+0003    6.84040399E-0027     13.47000000
  0.20439394     -1.86308778      6.99790063    6.19099891E+0003    9.44160880E-0027     13.49000000
  0.20469697     -1.91086058      6.99790063    6.37926905E+0003    9.72873097E-0027     13.51000000
  0.20500000     -1.98084795      6.99790063    6.24549037E+0003    9.52471124E-0027     13.53000000
  0.20530303     -2.02319096      6.99790063    6.51638188E+0003    9.93783547E-0027     13.55000000
  0.20560606     -2.11944739      6.99790063    6.00527764E+0003    9.15837381E-0027     13.57000000
  0.20590909     -2.12272511      6.99790063    6.85548782E+0003    1.04549904E-0026     13.59000000
  0.20621212     -2.16775207      6.99790063    7.10876883E+0003    1.08412577E-0026     13.61000000
  0.20651515     -2.13608905      6.99790063    8.79509230E+0003    1.34129923E-0026     13.63000000
  0.20681818     -2.21799316      6.99790063    8.37759357E+0003    1.27762841E-0026     13.65000000
  0.20712121     -2.21799316      6.99790063    9.63612177E+0003    1.46956079E-0026     13.67000000
  0.20742424     -2.25652730      6.99790063    1.01426428E+0004    1.54680798E-0026     13.69000000
  0.20772727     -2.30880059      6.99790063    1.03433408E+0004    1.57741552E-0026     13.71000000
  0.20803030     -2.45796919      6.99790063    8.43869370E+0003    1.28694652E-0026     13.73000000
  0.20833333     -2.44395850      6.99790063    1.00246430E+0004    1.52881238E-0026     13.75000000
  0.20863636     -2.47987104      6.99790063    1.06154733E+0004    1.61891719E-0026     13.77000000
  0.20893939     -2.43038567      6.99790063    1.36838316E+0004    2.08685847E-0026     13.79000000
  0.20924242     -2.54432903      6.99790063    1.21073016E+0004    1.84642909E-0026     13.81000000
  0.20954545     -2.49511099      6.99790063    1.55972628E+0004    2.37866709E-0026     13.83000000
  0.20984848     -2.66351543      6.99790063    1.21738219E+0004    1.85657380E-0026     13.85000000
  0.21015152     -2.65223443      6.99790063    1.43711305E+0004    2.19167527E-0026     13.87000000
  0.21045455     -2.92107974      6.99790063    8.90079141E+0003    1.35741892E-0026     13.89000000
  0.21075758     -2.71182011      6.99790063    1.65756758E+0004    2.52788037E-0026     13.91000000
  0.21106061     -2.64123906      6.99790063    2.24303104E+0004    3.42074388E-0026     13.93000000
  0.21136364     -2.88157120      6.99790063    1.48349518E+0004    2.26241054E-0026     13.95000000
  0.21166667     -2.76617777      6.99790063    2.22567917E+0004    3.39428134E-0026     13.97000000
  0.21196970     -2.81193527      6.99790063    2.30402958E+0004    3.51376996E-0026     13.99000000
  0.21227273     -2.84535903      6.99790063    2.45384592E+0004    3.74224799E-0026     14.01000000
  0.21257576     -2.98802655      6.99790063    2.03218275E+0004    3.09918881E-0026     14.03000000
  0.21287879     -3.09717098      6.99790063    1.81803113E+0004    2.77259599E-0026     14.05000000
  0.21318182     -2.96454543      6.99790063    2.83798349E+0004    4.32807861E-0026     14.07000000
  0.21348485     -3.06720776      6.99790063    2.57709555E+0004    3.93021037E-0026     14.09000000
  0.21378788     -2.94226906      6.99790063    3.95232111E+0004    6.02750385E-0026     14.11000000
  0.21409091     -2.98802655      6.99790063    4.09145448E+0004    6.23968978E-0026     14.13000000
  0.21439394     -3.12935567      6.99790063    3.39884686E+0004    5.18342563E-0026     14.15000000
  0.21469697     -3.12935567      6.99790063    3.90944034E+0004    5.96210836E-0026     14.17000000
  0.21500000     -3.20190637      6.99790063    3.80493184E+0004    5.80272723E-0026     14.19000000
  0.21530303     -3.39820098      6.99790063    2.78506452E+0004    4.24737430E-0026     14.21000000
  0.21560606     -3.76617776      6.99790063    1.37290812E+0004    2.09375927E-0026     14.23000000
  0.21590909     -3.34020904      6.99790063    4.21107706E+0004    6.42212070E-0026     14.25000000
  0.21621212     -3.28905654      6.99790063    5.44914891E+0004    8.31024735E-0026     14.27000000
  0.21651515     -3.54432905      6.99790063    3.48208336E+0004    5.31036580E-0026     14.29000000
  0.21681818     -3.64123903      6.99790063    3.20414507E+0004    4.88649485E-0026     14.31000000
  0.21712121     -3.76617776      6.99790063    2.76411709E+0004    4.21542834E-0026     14.33000000
  0.21742424     -3.64123903      6.99790063    4.23914387E+0004    6.46492410E-0026     14.35000000
  0.21772727     -3.39820098      6.99790063    8.53295000E+0004    1.30132111E-0025     14.37000000
  0.21803030     -3.94226903      6.99790063    2.80423332E+0004    4.27660776E-0026     14.39000000
  0.21833333     -3.54432905      6.99790063    8.06375118E+0004    1.22976575E-0025     14.41000000
  0.21863636     -3.76617776      6.99790063    5.56507983E+0004    8.48704829E-0026     14.43000000
  0.21893939     -4.24329902      6.99790063    2.13369887E+0004    3.25400639E-0026     14.45000000
  0.21954545     -4.24329902      6.99790063    2.82292352E+0004    4.30511133E-0026     14.49000000
  0.21984848     -3.54432905      6.99790063    1.62349921E+0005    2.47592427E-0025     14.51000000
  0.22045455     -4.24329902      6.99790063    4.29583993E+0004    6.55138866E-0026     14.55000000
  0.22075758     -3.76617776      6.99790063    1.48235542E+0005    2.26067234E-0025     14.57000000
  0.22136364     -4.24329902      6.99790063    6.53727971E+0004    9.96970580E-0026     14.61000000
  0.22166667     -4.24329902      6.99790063    7.51934585E+0004    1.14674099E-0025     14.63000000
  0.22318182     -4.24329902      6.99790063    1.51389245E+0005    2.30876802E-0025     14.73000000
  0.22500000     -3.94226903      6.99790063    7.01169432E+0005    1.06932138E-0024     14.85000000
  0.22560606     -4.24329902      6.99790063    4.63830138E+0005    7.07366093E-0025     14.89000000
