  0.13621212     -3.89598467      6.49772580    1.06074818E-0012    1.61769845E-0042      8.99000000
  0.13924242     -3.89598467      6.49772580    3.89042983E-0012    5.93311631E-0042      9.19000000
  0.14136364     -3.89598467      6.49772580    9.66200574E-0012    1.47350823E-0041      9.33000000
  0.14166667     -3.89598467      6.49772580    1.10028659E-0011    1.67799667E-0041      9.35000000
  0.14348485     -3.59495467      6.49772580    4.79917947E-0011    7.31900874E-0041      9.47000000
  0.14378788     -3.19701465      6.49772580    1.36629833E-0010    2.08367899E-0040      9.49000000
  0.14409091     -3.89598467      6.49772580    3.11181703E-0011    4.74568959E-0041      9.51000000
  0.14439394     -3.89598467      6.49772580    3.54366438E-0011    5.40428019E-0041      9.53000000
  0.14469697     -3.19701465      6.49772580    2.01772106E-0010    3.07713394E-0040      9.55000000
  0.14500000     -3.11783343      6.49772580    2.75728003E-0010    4.20500145E-0040      9.57000000
  0.14530303     -3.29392468      6.49772580    2.09328404E-0010    3.19237158E-0040      9.59000000
  0.14560606     -3.11783343      6.49772580    3.57567414E-0010    5.45309681E-0040      9.61000000
  0.14590909     -2.99289468      6.49772580    5.42919219E-0010    8.27981228E-0040      9.63000000
  0.14621212     -3.11783343      6.49772580    4.63697753E-0010    7.07164200E-0040      9.65000000
  0.14651515     -2.89598466      6.49772580    8.80080294E-0010    1.34217014E-0039      9.67000000
  0.14681818     -2.89598466      6.49772580    1.00221483E-0009    1.52843193E-0039      9.69000000
  0.14712121     -2.94174218      6.49772580    1.02716884E-0009    1.56648815E-0039      9.71000000
  0.14742424     -2.64071218      6.49772580    2.33943166E-0009    3.56776005E-0039      9.73000000
  0.14772727     -2.74985664      6.49772580    2.07207004E-0009    3.16001910E-0039      9.75000000
  0.14803030     -2.61723107      6.49772580    3.20234804E-0009    4.88375429E-0039      9.77000000
  0.14833333     -2.69186469      6.49772580    3.07095494E-0009    4.68337269E-0039      9.79000000
  0.14863636     -2.66553573      6.49772580    3.71570243E-0009    5.66664755E-0039      9.81000000
  0.14893939     -2.46462092      6.49772580    6.72038676E-0009    1.02489540E-0038      9.83000000
  0.14924242     -2.57376539      6.49772580    5.95234818E-0009    9.07765352E-0039      9.85000000
  0.14954545     -2.46462092      6.49772580    8.71507896E-0009    1.32909677E-0038      9.87000000
  0.14984848     -2.43358667      6.49772580    1.06596785E-0008    1.62565874E-0038      9.89000000
  0.15015152     -2.41886343      6.49772580    1.25575777E-0008    1.91509865E-0038      9.91000000
  0.15045455     -2.17998132      6.49772580    2.47871453E-0008    3.78017398E-0038      9.93000000
  0.15075758     -2.25253200      6.49772580    2.38844017E-0008    3.64250068E-0038      9.95000000
  0.15106061     -2.25253200      6.49772580    2.71989974E-0008    4.14799449E-0038      9.97000000
  0.15136364     -2.43358667      6.49772580    2.04144063E-0008    3.11330757E-0038      9.99000000
  0.15166667     -2.04472631      6.49772580    5.69161670E-0008    8.68002387E-0038     10.01000000
  0.15196970     -2.10359296      6.49772580    5.65988385E-0008    8.63162956E-0038     10.03000000
  0.15227273     -2.03865219      6.49772580    7.48491410E-0008    1.14148996E-0037     10.05000000
  0.15257576     -1.92285682      6.49772580    1.11280923E-0007    1.69709437E-0037     10.07000000
  0.15287879     -1.92750174      6.49772580    1.25375977E-0007    1.91205159E-0037     10.09000000
  0.15318182     -1.87479539      6.49772580    1.61197837E-0007    2.45835437E-0037     10.11000000
  0.15348485     -1.83528684      6.49772580    2.01051025E-0007    3.06613707E-0037     10.13000000
  0.15378788     -1.89166329      6.49772580    2.01079763E-0007    3.06657535E-0037     10.15000000
  0.15409091     -1.82410267      6.49772580    2.67526936E-0007    4.07993074E-0037     10.17000000
  0.15439394     -1.69458754      6.49772580    4.10507573E-0007    6.26046292E-0037     10.19000000
  0.15469697     -1.66553575      6.49772580    4.99817539E-0007    7.62248830E-0037     10.21000000
  0.15500000     -1.60818294      6.49772580    6.49535404E-0007    9.90576687E-0037     10.23000000
  0.15530303     -1.59063329      6.49772580    7.70177818E-0007    1.17456291E-0036     10.25000000
  0.15560606     -1.57792133      6.49772580    9.03111766E-0007    1.37729438E-0036     10.27000000
  0.15590909     -1.58001432      6.49772580    1.02349809E-0006    1.56089004E-0036     10.29000000
  0.15621212     -1.51396764      6.49772580    1.35697626E-0006    2.06946233E-0036     10.31000000
  0.15651515     -1.49631097      6.49772580    1.60941280E-0006    2.45444172E-0036     10.33000000
  0.15681818     -1.40322430      6.49772580    2.27087196E-0006    3.46320279E-0036     10.35000000
  0.15712121     -1.43508684      6.49772580    2.40308226E-0006    3.66483066E-0036     10.37000000
  0.15742424     -1.34575631      6.49772580    3.36153544E-0006    5.12652369E-0036     10.39000000
  0.15772727     -1.35440544      6.49772580    3.75255523E-0006    5.72285007E-0036     10.41000000
  0.15803030     -1.31392133      6.49772580    4.69083045E-0006    7.15377062E-0036     10.43000000
  0.15833333     -1.28639028      6.49772580    5.69140268E-0006    8.67969749E-0036     10.45000000
  0.15863636     -1.21203755      6.49772580    7.69149167E-0006    1.17299416E-0035     10.47000000
  0.15893939     -1.20313774      6.49772580    8.94023456E-0006    1.36343421E-0035     10.49000000
  0.15924242     -1.17582539      6.49772580    1.08417601E-0005    1.65342716E-0035     10.51000000
  0.15954545     -1.13405684      6.49772580    1.35927355E-0005    2.07296582E-0035     10.53000000
  0.15984848     -1.11494774      6.49772580    1.61753803E-0005    2.46683314E-0035     10.55000000
  0.16015152     -1.07251043      6.49772580    2.03109548E-0005    3.09753067E-0035     10.57000000
  0.16045455     -1.04472632      6.49772580    2.46577237E-0005    3.76043647E-0035     10.59000000
  0.16075758     -1.02092341      6.49772580    2.96615890E-0005    4.52355305E-0035     10.61000000
  0.16106061     -0.97170540      6.49772580    3.78312731E-0005    5.76947414E-0035     10.63000000
  0.16136364     -0.97481861      6.49772580    4.27736462E-0005    6.52321282E-0035     10.65000000
  0.16166667     -0.93219685      6.49772580    5.37324403E-0005    8.19448831E-0035     10.67000000
  0.16196970     -0.91010932      6.49772580    6.43817272E-0005    9.81856226E-0035     10.69000000
  0.16227273     -0.90210774      6.49772580    7.46797284E-0005    1.13890632E-0034     10.71000000
  0.16257576     -0.85736453      6.49772580    9.42723791E-0005    1.43770486E-0034     10.73000000
  0.16287879     -0.83907985      6.49772580    1.11971549E-0004    1.70762679E-0034     10.75000000
  0.16318182     -0.81716550      6.49772580    1.34109813E-0004    2.04524732E-0034     10.77000000
  0.16348485     -0.79389415      6.49772580    1.61127787E-0004    2.45728607E-0034     10.79000000
  0.16378788     -0.77245968      6.49772580    1.92771772E-0004    2.93987398E-0034     10.81000000
  0.16409091     -0.74156069      6.49772580    2.35711603E-0004    3.59472967E-0034     10.83000000
  0.16439394     -0.74584251      6.49772580    2.65789407E-0004    4.05343248E-0034     10.85000000
  0.16469697     -0.69760256      6.49772580    3.38233132E-0004    5.15823853E-0034     10.87000000
  0.16500000     -0.67145162      6.49772580    4.09077516E-0004    6.23865378E-0034     10.89000000
  0.16530303     -0.64580874      6.49772580    4.94182120E-0004    7.53654511E-0034     10.91000000
  0.16560606     -0.63093089      6.49772580    5.82375915E-0004    8.88154827E-0034     10.93000000
  0.16590909     -0.60997756      6.49772580    6.95977605E-0004    1.06140356E-0033     10.95000000
  0.16621212     -0.61952287      6.49772580    7.75333377E-0004    1.18242541E-0033     10.97000000
  0.16651515     -0.57980458      6.49772580    9.67487355E-0004    1.47547064E-0033     10.99000000
  0.16681818     -0.56496252      6.49772580    1.14005522E-0003    1.73864598E-0033     11.01000000
  0.16712121     -0.55752816      6.49772580    1.32068359E-0003    2.01411403E-0033     11.03000000
  0.16742424     -0.54418836      6.49772580    1.55087612E-0003    2.36517012E-0033     11.05000000
  0.16772727     -0.50452027      6.49772580    1.93501230E-0003    2.95099861E-0033     11.07000000
  0.16803030     -0.48995574      6.49772580    2.27869808E-0003    3.47513805E-0033     11.09000000
  0.16833333     -0.48419667      6.49772580    2.62956790E-0003    4.01023354E-0033     11.11000000
  0.16863636     -0.45934505      6.49772580    3.17084147E-0003    4.83570506E-0033     11.13000000
  0.16893939     -0.46141577      6.49772580    3.59370435E-0003    5.48059386E-0033     11.15000000
  0.16924242     -0.44068291      6.49772580    4.29253393E-0003    6.54634684E-0033     11.17000000
  0.16954545     -0.42118586      6.49772580    5.11268820E-0003    7.79712655E-0033     11.19000000
  0.16984848     -0.41741818      6.49772580    5.87293945E-0003    8.95655090E-0033     11.21000000
  0.17015152     -0.39506243      6.49772580    7.04125059E-0003    1.07382887E-0032     11.23000000
  0.17045455     -0.37997843      6.49772580    8.30180113E-0003    1.26606966E-0032     11.25000000
  0.17075758     -0.38170264      6.49772580    9.41643803E-0003    1.43605782E-0032     11.27000000
  0.17106061     -0.35328369      6.49772580    1.14483824E-0002    1.74594035E-0032     11.29000000
  0.17136364     -0.33823693      6.49772580    1.34967568E-0002    2.05832854E-0032     11.31000000
  0.17166667     -0.33595843      6.49772580    1.54506391E-0002    2.35630619E-0032     11.33000000
  0.17196970     -0.32602586      6.49772580    1.80018668E-0002    2.74538223E-0032     11.35000000
  0.17227273     -0.31289931      6.49772580    2.11291792E-0002    3.22231431E-0032     11.37000000
  0.17257576     -0.30414127      6.49772580    2.45515658E-0002    3.74424682E-0032     11.39000000
  0.17287879     -0.29381613      6.49772580    2.86314184E-0002    4.36644645E-0032     11.41000000
  0.17318182     -0.28607025      6.49772580    3.31915298E-0002    5.06188815E-0032     11.43000000
  0.17348485     -0.28161484      6.49772580    3.81874988E-0002    5.82380050E-0032     11.45000000
  0.17378788     -0.27814591      6.49772580    4.38357733E-0002    6.68519296E-0032     11.47000000
  0.17409091     -0.26820931      6.49772580    5.10744624E-0002    7.78913228E-0032     11.49000000
  0.17439394     -0.24781990      6.49772580    6.09581445E-0002    9.29644736E-0032     11.51000000
  0.17469697     -0.24219350      6.49772580    7.03228832E-0002    1.07246207E-0031     11.53000000
  0.17500000     -0.24103846      6.49772580    8.02953212E-0002    1.22454716E-0031     11.55000000
  0.17530303     -0.24103846      6.49772580    9.14384317E-0002    1.39448563E-0031     11.57000000
  0.17560606     -0.23787783      6.49772580    1.04888512E-0001    1.59960665E-0031     11.59000000
  0.17590909     -0.21819528      6.49772580    1.24982441E-0001    1.90604995E-0031     11.61000000
  0.17621212     -0.23049749      6.49772580    1.38351963E-0001    2.10994240E-0031     11.63000000
  0.17651515     -0.21810408      6.49772580    1.62112783E-0001    2.47230779E-0031     11.65000000
  0.17681818     -0.21293764      6.49772580    1.86819510E-0001    2.84909876E-0031     11.67000000
  0.17712121     -0.22388681      6.49772580    2.07449119E-0001    3.16371147E-0031     11.69000000
  0.17742424     -0.21737524      6.49772580    2.39806907E-0001    3.65718527E-0031     11.71000000
  0.17772727     -0.20881259      6.49772580    2.78524159E-0001    4.24764435E-0031     11.73000000
  0.17803030     -0.21501496      6.49772580    3.12679228E-0001    4.76852766E-0031     11.75000000
  0.17833333     -0.20340211      6.49772580    3.65721432E-0001    5.57745001E-0031     11.77000000
  0.17863636     -0.21113931      6.49772580    4.09120962E-0001    6.23931636E-0031     11.79000000
  0.17893939     -0.21230739      6.49772580    4.64645981E-0001    7.08610298E-0031     11.81000000
  0.17924242     -0.20747585      6.49772580    5.35047397E-0001    8.15976273E-0031     11.83000000
  0.17954545     -0.20854489      6.49772580    6.07801474E-0001    9.26930183E-0031     11.85000000
  0.17984848     -0.22020631      6.49772580    6.73812168E-0001    1.02760007E-0030     11.87000000
  0.18015152     -0.21682944      6.49772580    7.73311118E-0001    1.17934136E-0030     11.89000000
  0.18045455     -0.21919963      6.49772580    8.75835588E-0001    1.33569673E-0030     11.91000000
  0.18075758     -0.20961656      6.49772580    1.01963373E+0000    1.55499668E-0030     11.93000000
  0.18106061     -0.21846896      6.49772580    1.13770672E+0000    1.73506439E-0030     11.95000000
  0.18136364     -0.21828650      6.49772580    1.29613819E+0000    1.97668097E-0030     11.97000000
  0.18166667     -0.23578348      6.49772580    1.41772781E+0000    2.16211173E-0030     11.99000000
  0.18196970     -0.24219350      6.49772580    1.59082119E+0000    2.42608852E-0030     12.01000000
  0.18227273     -0.23740094      6.49772580    1.83169205E+0000    2.79342962E-0030     12.03000000
  0.18257576     -0.23483480      6.49772580    2.09824949E+0000    3.19994416E-0030     12.05000000
  0.18287879     -0.23673419      6.49772580    2.37900997E+0000    3.62811911E-0030     12.07000000
  0.18318182     -0.25649816      6.49772580    2.58863501E+0000    3.94780867E-0030     12.09000000
  0.18348485     -0.25939649      6.49772580    2.92826938E+0000    4.46576948E-0030     12.11000000
  0.18378788     -0.26322377      6.49772580    3.30538670E+0000    5.04089382E-0030     12.13000000
  0.18409091     -0.26545511      6.49772580    3.74480715E+0000    5.71103383E-0030     12.15000000
  0.18439394     -0.27026078      6.49772580    4.21757025E+0000    6.43202317E-0030     12.17000000
  0.18469697     -0.28713787      6.49772580    4.61980626E+0000    7.04545487E-0030     12.19000000
  0.18500000     -0.28532451      6.49772580    5.28293965E+0000    8.05676923E-0030     12.21000000
  0.18530303     -0.29610163      6.49772580    5.86863448E+0000    8.94998559E-0030     12.23000000
  0.18560606     -0.30303111      6.49772580    6.57727668E+0000    1.00307033E-0029     12.25000000
  0.18590909     -0.31803355      6.49772580    7.23572746E+0000    1.10348765E-0029     12.27000000
  0.18621212     -0.31860777      6.49772580    8.22898945E+0000    1.25496548E-0029     12.29000000
  0.18651515     -0.33072732      6.49772580    9.11308634E+0000    1.38979505E-0029     12.31000000
  0.18681818     -0.34283013      6.49772580    1.00925568E+0001    1.53916960E-0029     12.33000000
  0.18712121     -0.35080132      6.49772580    1.12841421E+0001    1.72089282E-0029     12.35000000
  0.18742424     -0.35628143      6.49772580    1.26889873E+0001    1.93513932E-0029     12.37000000
  0.18772727     -0.37878878      6.49772580    1.37201274E+0001    2.09239377E-0029     12.39000000
  0.18803030     -0.38330029      6.49772580    1.54626939E+0001    2.35814461E-0029     12.41000000
  0.18833333     -0.40658876      6.49772580    1.66891885E+0001    2.54519169E-0029     12.43000000
  0.18863636     -0.41727393      6.49772580    1.85433662E+0001    2.82796382E-0029     12.45000000
  0.18893939     -0.43780025      6.49772580    2.01419162E+0001    3.07175137E-0029     12.47000000
  0.18924242     -0.43283852      6.49772580    2.32006977E+0001    3.53823212E-0029     12.49000000
  0.18954545     -0.44975828      6.49772580    2.54108865E+0001    3.87529789E-0029     12.51000000
  0.18984848     -0.46253486      6.49772580    2.80984111E+0001    4.28515995E-0029     12.53000000
  0.19015152     -0.48318824      6.49772580    3.05117359E+0001    4.65320505E-0029     12.55000000
  0.19045455     -0.49475649      6.49772580    3.38327419E+0001    5.15967647E-0029     12.57000000
  0.19075758     -0.50346359      6.49772580    3.77631859E+0001    5.75909048E-0029     12.59000000
  0.19106061     -0.52196992      6.49772580    4.12098302E+0001    6.28472241E-0029     12.61000000
  0.19136364     -0.54360919      6.49772580    4.46478015E+0001    6.80903166E-0029     12.63000000
  0.19166667     -0.53331373      6.49772580    5.20635848E+0001    7.93997880E-0029     12.65000000
  0.19196970     -0.57252632      6.49772580    5.41701463E+0001    8.26124084E-0029     12.67000000
  0.19227273     -0.59953889      6.49772580    5.79676873E+0001    8.84038642E-0029     12.69000000
  0.19257576     -0.61586177      6.49772580    6.35772323E+0001    9.69587244E-0029     12.71000000
  0.19287879     -0.60019772      6.49772580    7.50592469E+0001    1.14469419E-0028     12.73000000
  0.19318182     -0.64801142      6.49772580    7.65647774E+0001    1.16765434E-0028     12.75000000
  0.19348485     -0.66732772      6.49772580    8.33971591E+0001    1.27185187E-0028     12.77000000
  0.19378788     -0.68167078      6.49772580    9.18854446E+0001    1.40130282E-0028     12.79000000
  0.19409091     -0.71442689      6.49772580    9.70351640E+0001    1.47983883E-0028     12.81000000
  0.19439394     -0.70621372      6.49772580    1.12611007E+0002    1.71737888E-0028     12.83000000
  0.19469697     -0.74645766      6.49772580    1.16889482E+0002    1.78262794E-0028     12.85000000
  0.19500000     -0.74614997      6.49772580    1.33205344E+0002    2.03145367E-0028     12.87000000
  0.19530303     -0.76468688      6.49772580    1.45352755E+0002    2.21670828E-0028     12.89000000
  0.19560606     -0.80361500      6.49772580    1.51333015E+0002    2.30791048E-0028     12.91000000
  0.19590909     -0.82116826      6.49772580    1.65507986E+0002    2.52408647E-0028     12.93000000
  0.19621212     -0.83077855      6.49772580    1.84351718E+0002    2.81146360E-0028     12.95000000
  0.19651515     -0.85183706      6.49772580    1.99998715E+0002    3.05008878E-0028     12.97000000
  0.19681818     -0.88909097      6.49772580    2.09031544E+0002    3.18784431E-0028     12.99000000
  0.19712121     -0.91235839      6.49772580    2.25622772E+0002    3.44086953E-0028     13.01000000
  0.19742424     -0.92331909      6.49772580    2.50530592E+0002    3.82072729E-0028     13.03000000
  0.19772727     -0.94610698      6.49772580    2.70714430E+0002    4.12854175E-0028     13.05000000
  0.19803030     -0.95997389      6.49772580    2.98595338E+0002    4.55374070E-0028     13.07000000
  0.19833333     -1.00724372      6.49772580    3.04966212E+0002    4.65089999E-0028     13.09000000
  0.19863636     -1.01976683      6.49772580    3.37417139E+0002    5.14579420E-0028     13.11000000
  0.19893939     -1.02266408      6.49772580    3.81687925E+0002    5.82094769E-0028     13.13000000
  0.19924242     -1.08912663      6.49772580    3.72979019E+0002    5.68813214E-0028     13.15000000
  0.19954545     -1.07447113      6.49772580    4.39317422E+0002    6.69982873E-0028     13.17000000
  0.19984848     -1.12073843      6.49772580    4.49727718E+0002    6.85859140E-0028     13.19000000
  0.20015152     -1.16439590      6.49772580    4.63159652E+0002    7.06343566E-0028     13.21000000
  0.20045455     -1.15562200      6.49772580    5.38199323E+0002    8.20783130E-0028     13.23000000
  0.20075758     -1.19614697      6.49772580    5.58285965E+0002    8.51416348E-0028     13.25000000
  0.20106061     -1.21929106      6.49772580    6.02769328E+0002    9.19255887E-0028     13.27000000
  0.20136364     -1.24664982      6.49772580    6.44511858E+0002    9.82915507E-0028     13.29000000
  0.20166667     -1.30827371      6.49772580    6.36862315E+0002    9.71249540E-0028     13.31000000
  0.20196970     -1.33488329      6.49772580    6.82141548E+0002    1.04030282E-0027     13.33000000
  0.20227273     -1.34820996      6.49772580    7.53331897E+0002    1.14887196E-0027     13.35000000
  0.20257576     -1.33607805      6.49772580    8.82179170E+0002    1.34537104E-0027     13.37000000
  0.20287879     -1.36706798      6.49772580    9.35417307E+0002    1.42656208E-0027     13.39000000
  0.20318182     -1.41311109      6.49772580    9.58077897E+0002    1.46112071E-0027     13.41000000
  0.20348485     -1.48774470      6.49772580    9.18767734E+0002    1.40117058E-0027     13.43000000
  0.20378788     -1.47934419      6.49772580    1.06670610E+0003    1.62678460E-0027     13.45000000
  0.20409091     -1.47273881      6.49772580    1.23335668E+0003    1.88093576E-0027     13.47000000
  0.20439394     -1.53614920      6.49772580    1.21371530E+0003    1.85098160E-0027     13.49000000
  0.20469697     -1.54573666      6.49772580    1.35197262E+0003    2.06183151E-0027     13.51000000
  0.20500000     -1.57170223      6.49772580    1.45024327E+0003    2.21169957E-0027     13.53000000
  0.20530303     -1.61042737      6.49772580    1.51061656E+0003    2.30377211E-0027     13.55000000
  0.20560606     -1.68915882      6.49772580    1.43503114E+0003    2.18850025E-0027     13.57000000
  0.20590909     -1.74985663      6.49772580    1.42102604E+0003    2.16714171E-0027     13.59000000
  0.20621212     -1.75926413      6.49772580    1.58355472E+0003    2.41500675E-0027     13.61000000
  0.20651515     -1.68915882      6.49772580    2.11922424E+0003    3.23193181E-0027     13.63000000
  0.20681818     -1.70565299      6.49772580    2.32338545E+0003    3.54328870E-0027     13.65000000
  0.20712121     -1.86660089      6.49772580    1.82646730E+0003    2.78546160E-0027     13.67000000
  0.20742424     -1.80607955      6.49772580    2.39095702E+0003    3.64633901E-0027     13.69000000
  0.20772727     -1.87479539      6.49772580    2.32431219E+0003    3.54470204E-0027     13.71000000
  0.20803030     -1.95646543      6.49772580    2.19312276E+0003    3.34463105E-0027     13.73000000
  0.20833333     -1.85459198      6.49772580    3.15772950E+0003    4.81570859E-0027     13.75000000
  0.20863636     -2.05088663      6.49772580    2.28833079E+0003    3.48982845E-0027     13.77000000
  0.20893939     -2.05088663      6.49772580    2.60589752E+0003    3.97413493E-0027     13.79000000
  0.20924242     -2.05088663      6.49772580    2.96753508E+0003    4.52565180E-0027     13.81000000
  0.20954545     -1.96148621      6.49772580    4.15178458E+0003    6.33169646E-0027     13.83000000
  0.20984848     -2.09664414      6.49772580    3.46350178E+0003    5.28202788E-0027     13.85000000
  0.21015152     -2.15562198      6.49772580    3.44330984E+0003    5.25123408E-0027     13.87000000
  0.21045455     -2.22388682      6.49772580    3.35080992E+0003    5.11016670E-0027     13.89000000
  0.21075758     -2.20578858      6.49772580    3.97819946E+0003    6.06696975E-0027     13.91000000
  0.21106061     -2.26251621      6.49772580    3.97555222E+0003    6.06293255E-0027     13.93000000
  0.21136364     -2.29392467      6.49772580    4.21141005E+0003    6.42262852E-0027     13.95000000
  0.21166667     -2.35191663      6.49772580    4.19637315E+0003    6.39969644E-0027     13.97000000
  0.21196970     -2.43358667      6.49772580    3.95952041E+0003    6.03848317E-0027     13.99000000
  0.21227273     -2.48101132      6.49772580    4.04255993E+0003    6.16512295E-0027     14.01000000
  0.21257576     -2.40462296      6.49772580    5.48887519E+0003    8.37083209E-0027     14.03000000
  0.21287879     -2.59495466      6.49772580    4.03264674E+0003    6.15000479E-0027     14.05000000
  0.21318182     -2.44882664      6.49772580    6.42919690E+0003    9.80487365E-0027     14.07000000
  0.21348485     -2.59495466      6.49772580    5.22958513E+0003    7.97540070E-0027     14.09000000
  0.21378788     -2.59495466      6.49772580    5.95532910E+0003    9.08219958E-0027     14.11000000
  0.21409091     -2.61723107      6.49772580    6.44269969E+0003    9.82546614E-0027     14.13000000
  0.21439394     -2.78204131      6.49772580    5.01991283E+0003    7.65563907E-0027     14.15000000
  0.21469697     -2.66553573      6.49772580    7.47550066E+0003    1.14005436E-0026     14.17000000
  0.21500000     -2.71989343      6.49772580    7.51140398E+0003    1.14552981E-0026     14.19000000
  0.21530303     -2.69186469      6.49772580    9.12406540E+0003    1.39146941E-0026     14.21000000
  0.21560606     -2.78204131      6.49772580    8.44209611E+0003    1.28746540E-0026     14.23000000
  0.21590909     -2.94174218      6.49772580    6.65561141E+0003    1.01501681E-0026     14.25000000
  0.21621212     -2.81680344      6.49772580    1.01056726E+0004    1.54116983E-0026     14.27000000
  0.21651515     -3.19701465      6.49772580    4.79504335E+0003    7.31270093E-0027     14.29000000
  0.21681818     -3.05088664      6.49772580    7.64467603E+0003    1.16585452E-0026     14.31000000
  0.21712121     -3.11783343      6.49772580    7.46192390E+0003    1.13798383E-0026     14.33000000
  0.21742424     -3.19701465      6.49772580    7.08122062E+0003    1.07992451E-0026     14.35000000
  0.21772727     -3.11783343      6.49772580    9.67671329E+0003    1.47575121E-0026     14.37000000
  0.21803030     -3.59495467      6.49772580    3.67320498E+0003    5.60183664E-0027     14.39000000
  0.21833333     -3.29392468      6.49772580    8.36591966E+0003    1.27584808E-0026     14.41000000
  0.21863636     -3.11783343      6.49772580    1.42903696E+0004    2.17935880E-0026     14.43000000
  0.21893939     -3.29392468      6.49772580    1.08490259E+0004    1.65453524E-0026     14.45000000
  0.21924242     -2.94174218      6.49772580    2.77978866E+0004    4.23932833E-0026     14.47000000
  0.21954545     -3.41886343      6.49772580    1.05518608E+0004    1.60921595E-0026     14.49000000
  0.21984848     -3.89598467      6.49772580    4.00540416E+0003    6.10845838E-0027     14.51000000
  0.22015152     -3.29392468      6.49772580    1.82450419E+0004    2.78246775E-0026     14.53000000
  0.22045455     -3.89598467      6.49772580    5.19425663E+0003    7.92152281E-0027     14.55000000
  0.22075758     -3.89598467      6.49772580    5.91509783E+0003    9.02084471E-0027     14.57000000
  0.22106061     -3.29392468      6.49772580    2.69438996E+0004    4.10909069E-0026     14.59000000
  0.22136364     -3.19701465      6.49772580    3.83538534E+0004    5.84917047E-0026     14.61000000
  0.22196970     -3.89598467      6.49772580    9.94754811E+0003    1.51705499E-0026     14.65000000
  0.22227273     -3.29392468      6.49772580    4.53121395E+0004    6.91034681E-0026     14.67000000
  0.22287879     -3.59495467      6.49772580    2.93806657E+0004    4.48071072E-0026     14.71000000
  0.22318182     -3.29392468      6.49772580    6.69160283E+0004    1.02050569E-0025     14.73000000
  0.22378788     -3.29392468      6.49772580    8.67775160E+0004    1.32340414E-0025     14.77000000
  0.22409091     -3.89598467      6.49772580    2.47050509E+0004    3.76765413E-0026     14.79000000
  0.22439394     -3.59495467      6.49772580    5.62670670E+0004    8.58103260E-0026     14.81000000
  0.22621212     -3.89598467      6.49772580    6.13557765E+0004    9.35708838E-0026     14.93000000
  0.22833333     -3.59495467      6.49772580    3.04758029E+0005    4.64772508E-0025     15.07000000
  0.23106061     -3.89598467      6.49772580    4.90763125E+0005    7.48440358E-0025     15.25000000
