  0.16621212     -3.84994985      1.00000000    4.15216948E-0006    6.33228344E-0036     10.97000000
  0.16803030     -3.84994985      1.00000000    4.68155801E-0006    7.13962964E-0036     11.09000000
  0.16924242     -3.84994985      1.00000000    5.07147125E-0006    7.73426846E-0036     11.17000000
  0.16954545     -3.84994985      1.00000000    5.17392176E-0006    7.89051105E-0036     11.19000000
  0.16984848     -3.84994985      1.00000000    5.27844192E-0006    8.04990995E-0036     11.21000000
  0.17075758     -3.54891986      1.00000000    1.12096851E-0005    1.70953772E-0035     11.27000000
  0.17106061     -3.54891986      1.00000000    1.14361357E-0005    1.74407267E-0035     11.29000000
  0.17136364     -3.54891986      1.00000000    1.16671610E-0005    1.77930527E-0035     11.31000000
  0.17166667     -3.54891986      1.00000000    1.19028533E-0005    1.81524962E-0035     11.33000000
  0.17196970     -3.84994985      1.00000000    6.07165344E-0006    9.25960049E-0036     11.35000000
  0.17227273     -3.84994985      1.00000000    6.19430897E-0006    9.44665683E-0036     11.37000000
  0.17257576     -3.84994985      1.00000000    6.31944231E-0006    9.63749196E-0036     11.39000000
  0.17287879     -3.37282858      1.00000000    1.93413112E-0005    2.94965476E-0035     11.41000000
  0.17318182     -3.84994985      1.00000000    6.57734365E-0006    1.00308055E-0035     11.43000000
  0.17348485     -3.37282858      1.00000000    2.01306451E-0005    3.07003246E-0035     11.45000000
  0.17378788     -3.07179859      1.00000000    4.10746222E-0005    6.26410246E-0035     11.47000000
  0.17409091     -3.54891986      1.00000000    1.39681277E-0005    2.13021517E-0035     11.49000000
  0.17439394     -3.15097982      1.00000000    3.56257588E-0005    5.43312126E-0035     11.51000000
  0.17469697     -3.37282858      1.00000000    2.18072675E-0005    3.32572646E-0035     11.53000000
  0.17500000     -3.24788986      1.00000000    2.96637370E-0005    4.52388063E-0035     11.55000000
  0.17530303     -3.84994985      1.00000000    7.56574606E-0006    1.15381727E-0035     11.57000000
  0.17560606     -3.54891986      1.00000000    1.54371685E-0005    2.35425185E-0035     11.59000000
  0.17590909     -3.54891986      1.00000000    1.57490200E-0005    2.40181089E-0035     11.61000000
  0.17621212     -2.89570733      1.00000000    7.23022735E-0005    1.10264885E-0034     11.63000000
  0.17651515     -3.07179859      1.00000000    4.91752509E-0005    7.49949223E-0035     11.65000000
  0.17681818     -3.24788986      1.00000000    3.34457701E-0005    5.10066117E-0035     11.67000000
  0.17712121     -3.24788986      1.00000000    3.41214195E-0005    5.20370136E-0035     11.69000000
  0.17742424     -2.80855716      1.00000000    9.57294750E-0005    1.45992637E-0034     11.71000000
  0.17772727     -2.77076859      1.00000000    1.06541827E-0004    1.62482059E-0034     11.73000000
  0.17803030     -2.80855716      1.00000000    9.96362690E-0005    1.51950709E-0034     11.75000000
  0.17833333     -2.64582987      1.00000000    1.47853170E-0004    2.25484096E-0034     11.77000000
  0.17863636     -2.77076859      1.00000000    1.13130005E-0004    1.72529388E-0034     11.79000000
  0.17893939     -2.64582987      1.00000000    1.53887172E-0004    2.34686276E-0034     11.81000000
  0.17924242     -2.46973860      1.00000000    2.35493857E-0004    3.59140892E-0034     11.83000000
  0.17954545     -2.45200984      1.00000000    2.50261607E-0004    3.81662512E-0034     11.85000000
  0.17984848     -2.43497648      1.00000000    2.65529928E-0004    4.04947528E-0034     11.87000000
  0.18015152     -2.35858815      1.00000000    3.22988973E-0004    4.92575686E-0034     11.89000000
  0.18045455     -2.52773054      1.00000000    2.23219018E-0004    3.40421099E-0034     11.91000000
  0.18075758     -2.46973860      1.00000000    2.60260962E-0004    3.96912070E-0034     11.93000000
  0.18106061     -2.24788983      1.00000000    4.42530982E-0004    6.74883727E-0034     11.95000000
  0.18136364     -2.19673731      1.00000000    5.07904544E-0004    7.74581951E-0034     11.97000000
  0.18166667     -2.28174812      1.00000000    4.26046670E-0004    6.49744258E-0034     11.99000000
  0.18196970     -2.27016625      1.00000000    4.46400766E-0004    6.80785358E-0034     12.01000000
  0.18227273     -2.19673731      1.00000000    5.39311607E-0004    8.22479423E-0034     12.03000000
  0.18257576     -2.24788983      1.00000000    4.89072372E-0004    7.45861869E-0034     12.05000000
  0.18287879     -2.12567396      1.00000000    6.61111772E-0004    1.00823128E-0033     12.07000000
  0.18318182     -2.13394648      1.00000000    6.61741328E-0004    1.00919138E-0033     12.09000000
  0.18348485     -2.01744091      1.00000000    8.82835366E-0004    1.34637177E-0033     12.11000000
  0.18378788     -2.03703648      1.00000000    8.60934369E-0004    1.31297156E-0033     12.13000000
  0.18409091     -1.93613598      1.00000000    1.10804254E-0003    1.68982491E-0033     12.15000000
  0.18439394     -2.01110076      1.00000000    9.51212492E-0004    1.45065059E-0033     12.17000000
  0.18469697     -1.97488856      1.00000000    1.05481337E-0003    1.60864755E-0033     12.19000000
  0.18500000     -1.86767860      1.00000000    1.37743615E-0003    2.10066477E-0033     12.21000000
  0.18530303     -1.86317809      1.00000000    1.41990040E-0003    2.16542504E-0033     12.23000000
  0.18560606     -1.86317809      1.00000000    1.44858429E-0003    2.20916953E-0033     12.25000000
  0.18590909     -1.75303982      1.00000000    1.90444278E-0003    2.90437843E-0033     12.27000000
  0.18621212     -1.73267853      1.00000000    2.03617505E-0003    3.10527728E-0033     12.29000000
  0.18651515     -1.68263252      1.00000000    2.33102543E-0003    3.55494010E-0033     12.31000000
  0.18681818     -1.73936013      1.00000000    2.08691753E-0003    3.18266231E-0033     12.33000000
  0.18712121     -1.67676357      1.00000000    2.45916541E-0003    3.75036050E-0033     12.35000000
  0.18742424     -1.60691177      1.00000000    2.94662877E-0003    4.49376854E-0033     12.37000000
  0.18772727     -1.61442140      1.00000000    2.95462040E-0003    4.50595621E-0033     12.39000000
  0.18803030     -1.62723337      1.00000000    2.92668246E-0003    4.46334933E-0033     12.41000000
  0.18833333     -1.59952983      1.00000000    3.18247525E-0003    4.85344720E-0033     12.43000000
  0.18863636     -1.54675378      1.00000000    3.66629134E-0003    5.59129296E-0033     12.45000000
  0.18893939     -1.48259390      1.00000000    4.33583497E-0003    6.61238327E-0033     12.47000000
  0.18924242     -1.44682930      1.00000000    4.80311778E-0003    7.32501487E-0033     12.49000000
  0.18954545     -1.44001672      1.00000000    4.97761957E-0003    7.59113957E-0033     12.51000000
  0.18984848     -1.47703785      1.00000000    4.66322597E-0003    7.11167229E-0033     12.53000000
  0.19015152     -1.37282857      1.00000000    6.04758014E-0003    9.22288741E-0033     12.55000000
  0.19045455     -1.38308220      1.00000000    6.02578869E-0003    9.18965427E-0033     12.57000000
  0.19075758     -1.39510499      1.00000000    5.97966693E-0003    9.11931609E-0033     12.59000000
  0.19106061     -1.29972149      1.00000000    7.59882406E-0003    1.15886184E-0032     12.61000000
  0.19136364     -1.31847091      1.00000000    7.42476748E-0003    1.13231727E-0032     12.63000000
  0.19166667     -1.29244262      1.00000000    8.04261051E-0003    1.22654168E-0032     12.65000000
  0.19196970     -1.27940691      1.00000000    8.45509784E-0003    1.28944824E-0032     12.67000000
  0.19227273     -1.24572379      1.00000000    9.32153951E-0003    1.42158529E-0032     12.69000000
  0.19257576     -1.20452757      1.00000000    1.04561007E-0002    1.59461201E-0032     12.71000000
  0.19287879     -1.16780476      1.00000000    1.16085628E-0002    1.77036872E-0032     12.73000000
  0.19318182     -1.15272050      1.00000000    1.22616412E-0002    1.86996673E-0032     12.75000000
  0.19348485     -1.14838184      1.00000000    1.26349390E-0002    1.92689665E-0032     12.77000000
  0.19378788     -1.14323203      1.00000000    1.30439417E-0002    1.98927179E-0032     12.79000000
  0.19409091     -1.08502684      1.00000000    1.52159800E-0002    2.32051941E-0032     12.81000000
  0.19439394     -1.07397550      1.00000000    1.59234496E-0002    2.42841235E-0032     12.83000000
  0.19469697     -1.03837484      1.00000000    1.76328986E-0002    2.68911258E-0032     12.85000000
  0.19500000     -1.03636885      1.00000000    1.80723899E-0002    2.75613739E-0032     12.87000000
  0.19530303     -1.01489375      1.00000000    1.93720946E-0002    2.95434939E-0032     12.89000000
  0.19560606     -1.01680271      1.00000000    1.96767564E-0002    3.00081197E-0032     12.91000000
  0.19590909     -0.96799488      1.00000000    2.24619384E-0002    3.42556733E-0032     12.93000000
  0.19621212     -0.93879222      1.00000000    2.45095751E-0002    3.73784301E-0032     12.95000000
  0.19651515     -0.94577548      1.00000000    2.46058522E-0002    3.75252580E-0032     12.97000000
  0.19681818     -0.94200131      1.00000000    2.53220269E-0002    3.86174631E-0032     12.99000000
  0.19712121     -0.88947905      1.00000000    2.91545687E-0002    4.44622970E-0032     13.01000000
  0.19742424     -0.88947905      1.00000000    2.97435300E-0002    4.53604950E-0032     13.03000000
  0.19772727     -0.86228356      1.00000000    3.23053082E-0002    4.92673455E-0032     13.05000000
  0.19803030     -0.86452338      1.00000000    3.27883798E-0002    5.00040559E-0032     13.07000000
  0.19833333     -0.81733107      1.00000000    3.72904953E-0002    5.68700260E-0032     13.09000000
  0.19863636     -0.80034424      1.00000000    3.95613295E-0002    6.03331711E-0032     13.11000000
  0.19893939     -0.82793408      1.00000000    3.78762456E-0002    5.77633270E-0032     13.13000000
  0.19924242     -0.79841143      1.00000000    4.13595172E-0002    6.30755049E-0032     13.15000000
  0.19954545     -0.78549184      1.00000000    4.34691296E-0002    6.62927781E-0032     13.17000000
  0.19984848     -0.75758015      1.00000000    4.72910030E-0002    7.21213421E-0032     13.19000000
  0.20015152     -0.77040684      1.00000000    4.68422475E-0002    7.14369657E-0032     13.21000000
  0.20045455     -0.70944179      1.00000000    5.49906253E-0002    8.38636834E-0032     13.23000000
  0.20075758     -0.70382179      1.00000000    5.68322115E-0002    8.66722020E-0032     13.25000000
  0.20106061     -0.70351170      1.00000000    5.80217107E-0002    8.84862529E-0032     13.27000000
  0.20136364     -0.69919339      1.00000000    5.97853444E-0002    9.11758898E-0032     13.29000000
  0.20166667     -0.67385858      1.00000000    6.46569829E-0002    9.86054024E-0032     13.31000000
  0.20196970     -0.66130254      1.00000000    6.78980600E-0002    1.03548221E-0031     13.33000000
  0.20227273     -0.64474548      1.00000000    7.19615171E-0002    1.09745213E-0031     13.35000000
  0.20257576     -0.64882594      1.00000000    7.27286852E-0002    1.10915186E-0031     13.37000000
  0.20287879     -0.63590115      1.00000000    7.64392497E-0002    1.16573998E-0031     13.39000000
  0.20318182     -0.59977387      1.00000000    8.47480261E-0002    1.29245332E-0031     13.41000000
  0.20348485     -0.61695371      1.00000000    8.31066232E-0002    1.26742104E-0031     13.43000000
  0.20378788     -0.60865245      1.00000000    8.64216961E-0002    1.31797770E-0031     13.45000000
  0.20409091     -0.59612741      1.00000000    9.07473021E-0002    1.38394553E-0031     13.47000000
  0.20439394     -0.55218935      1.00000000    1.02437194E-0001    1.56222271E-0031     13.49000000
  0.20469697     -0.57486891      1.00000000    9.91891103E-0002    1.51268768E-0031     13.51000000
  0.20500000     -0.54632185      1.00000000    1.08067958E-0001    1.64809492E-0031     13.53000000
  0.20530303     -0.53063555      1.00000000    1.14306029E-0001    1.74322889E-0031     13.55000000
  0.20560606     -0.55350404      1.00000000    1.10633470E-0001    1.68722037E-0031     13.57000000
  0.20590909     -0.52959578      1.00000000    1.19256122E-0001    1.81872048E-0031     13.59000000
  0.20621212     -0.52711058      1.00000000    1.22363467E-0001    1.86610918E-0031     13.61000000
  0.20651515     -0.51229093      1.00000000    1.29168707E-0001    1.96989278E-0031     13.63000000
  0.20681818     -0.48539883      1.00000000    1.40195899E-0001    2.13806342E-0031     13.65000000
  0.20712121     -0.50125564      1.00000000    1.37900036E-0001    2.10305028E-0031     13.67000000
  0.20742424     -0.49354149      1.00000000    1.43207060E-0001    2.18398526E-0031     13.69000000
  0.20772727     -0.47173369      1.00000000    1.53623661E-0001    2.34284408E-0031     13.71000000
  0.20803030     -0.47685383      1.00000000    1.54890172E-0001    2.36215906E-0031     13.73000000
  0.20833333     -0.46273804      1.00000000    1.63239609E-0001    2.48949250E-0031     13.75000000
  0.20863636     -0.45760468      1.00000000    1.68517418E-0001    2.56998194E-0031     13.77000000
  0.20893939     -0.45062232      1.00000000    1.74708102E-0001    2.66439322E-0031     13.79000000
  0.20924242     -0.45655015      1.00000000    1.75821143E-0001    2.68136771E-0031     13.81000000
  0.20954545     -0.43849850      1.00000000    1.86985806E-0001    2.85163486E-0031     13.83000000
  0.20984848     -0.44648614      1.00000000    1.87286681E-0001    2.85622338E-0031     13.85000000
  0.21015152     -0.42768837      1.00000000    1.99521890E-0001    3.04281693E-0031     13.87000000
  0.21045455     -0.41093312      1.00000000    2.11559092E-0001    3.22639079E-0031     13.89000000
  0.21075758     -0.40418998      1.00000000    2.19210180E-0001    3.34307403E-0031     13.91000000
  0.21106061     -0.40872615      1.00000000    2.21314792E-0001    3.37517051E-0031     13.93000000
  0.21136364     -0.42490495      1.00000000    2.17529184E-0001    3.31743793E-0031     13.95000000
  0.21166667     -0.40794067      1.00000000    2.30763810E-0001    3.51927314E-0031     13.97000000
  0.21196970     -0.39923896      1.00000000    2.40190209E-0001    3.66303084E-0031     13.99000000
  0.21227273     -0.40047144      1.00000000    2.44347954E-0001    3.72643871E-0031     14.01000000
  0.21257576     -0.40031720      1.00000000    2.49372662E-0001    3.80306822E-0031     14.03000000
  0.21287879     -0.39267366      1.00000000    2.58927555E-0001    3.94878552E-0031     14.05000000
  0.21318182     -0.38995456      1.00000000    2.65817307E-0001    4.05385797E-0031     14.07000000
  0.21348485     -0.39434371      1.00000000    2.68460254E-0001    4.09416434E-0031     14.09000000
  0.21378788     -0.38501342      1.00000000    2.79831229E-0001    4.26757788E-0031     14.11000000
  0.21409091     -0.37442393      1.00000000    2.92530770E-0001    4.46125275E-0031     14.13000000
  0.21439394     -0.39176539      1.00000000    2.86758293E-0001    4.37321936E-0031     14.15000000
  0.21469697     -0.37369803      1.00000000    3.04978511E-0001    4.65108755E-0031     14.17000000
  0.21500000     -0.37733963      1.00000000    3.08541459E-0001    4.70542443E-0031     14.19000000
  0.21530303     -0.37427864      1.00000000    3.17000837E-0001    4.83443454E-0031     14.21000000
  0.21560606     -0.36922445      1.00000000    3.27190346E-0001    4.98983006E-0031     14.23000000
  0.21590909     -0.37836478      1.00000000    3.26848159E-0001    4.98461153E-0031     14.25000000
  0.21621212     -0.36224596      1.00000000    3.46059484E-0001    5.27759464E-0031     14.27000000
  0.21651515     -0.37398825      1.00000000    3.43632597E-0001    5.24058331E-0031     14.29000000
  0.21681818     -0.36750504      1.00000000    3.55847121E-0001    5.42686142E-0031     14.31000000
  0.21712121     -0.37311819      1.00000000    3.58373749E-0001    5.46539387E-0031     14.33000000
  0.21742424     -0.36579240      1.00000000    3.71832951E-0001    5.67065398E-0031     14.35000000
  0.21772727     -0.35426677      1.00000000    3.89546577E-0001    5.94079639E-0031     14.37000000
  0.21803030     -0.37023061      1.00000000    3.83072913E-0001    5.84206949E-0031     14.39000000
  0.21833333     -0.36650520      1.00000000    3.94178326E-0001    6.01143307E-0031     14.41000000
  0.21863636     -0.36238728      1.00000000    4.05972435E-0001    6.19129962E-0031     14.43000000
  0.21893939     -0.38263778      1.00000000    3.95304670E-0001    6.02861041E-0031     14.45000000
  0.21924242     -0.37282858      1.00000000    4.12502922E-0001    6.29089309E-0031     14.47000000
  0.21954545     -0.37210537      1.00000000    4.21537422E-0001    6.42867410E-0031     14.49000000
  0.21984848     -0.36850721      1.00000000    4.33630857E-0001    6.61310555E-0031     14.51000000
  0.22015152     -0.36994288      1.00000000    4.40930758E-0001    6.72443298E-0031     14.53000000
  0.22045455     -0.37196087      1.00000000    4.47752786E-0001    6.82847261E-0031     14.55000000
  0.22075758     -0.38516232      1.00000000    4.43121416E-0001    6.75784171E-0031     14.57000000
  0.22106061     -0.38101202      1.00000000    4.56413968E-0001    6.96056033E-0031     14.59000000
  0.22136364     -0.38337876      1.00000000    4.63103514E-0001    7.06257953E-0031     14.61000000
  0.22166667     -0.38800133      1.00000000    4.67456712E-0001    7.12896816E-0031     14.63000000
  0.22196970     -0.37675491      1.00000000    4.89410974E-0001    7.46378255E-0031     14.65000000
  0.22227273     -0.38204589      1.00000000    4.93251728E-0001    7.52235613E-0031     14.67000000
  0.22257576     -0.40341266      1.00000000    4.79057605E-0001    7.30588807E-0031     14.69000000
  0.22287879     -0.40248171      1.00000000    4.89783983E-0001    7.46947115E-0031     14.71000000
  0.22318182     -0.40481285      1.00000000    4.97003360E-0001    7.57957055E-0031     14.73000000
  0.22348485     -0.41093312      1.00000000    4.99948131E-0001    7.62447990E-0031     14.75000000
  0.22378788     -0.39893137      1.00000000    5.24339514E-0001    7.99646171E-0031     14.77000000
  0.22409091     -0.41030141      1.00000000    5.21108829E-0001    7.94719201E-0031     14.79000000
  0.22439394     -0.41394629      1.00000000    5.27192766E-0001    8.03997534E-0031     14.81000000
  0.22469697     -0.41522129      1.00000000    5.36266088E-0001    8.17834843E-0031     14.83000000
  0.22500000     -0.42278842      1.00000000    5.37649306E-0001    8.19944326E-0031     14.85000000
  0.22530303     -0.43900396      1.00000000    5.28408072E-0001    8.05850943E-0031     14.87000000
  0.22560606     -0.43849850      1.00000000    5.39710406E-0001    8.23087614E-0031     14.89000000
  0.22590909     -0.44631466      1.00000000    5.40792332E-0001    8.24737610E-0031     14.91000000
  0.22621212     -0.44889410      1.00000000    5.48449912E-0001    8.36415834E-0031     14.93000000
  0.22651515     -0.46007526      1.00000000    5.45307787E-0001    8.31623924E-0031     14.95000000
  0.22681818     -0.45235740      1.00000000    5.66298549E-0001    8.63635973E-0031     14.97000000
  0.22712121     -0.44477431      1.00000000    5.87914857E-0001    8.96602014E-0031     14.99000000
  0.22742424     -0.46309429      1.00000000    5.75016545E-0001    8.76931389E-0031     15.01000000
  0.22772727     -0.46577570      1.00000000    5.83021839E-0001    8.89139897E-0031     15.03000000
  0.22803030     -0.47832790      1.00000000    5.77854520E-0001    8.81259455E-0031     15.05000000
  0.22833333     -0.47777456      1.00000000    5.90279548E-0001    9.00208295E-0031     15.07000000
  0.22863636     -0.49411533      1.00000000    5.79966434E-0001    8.84480239E-0031     15.09000000
  0.22893939     -0.50772461      1.00000000    5.73428753E-0001    8.74509921E-0031     15.11000000
  0.22924242     -0.50477221      1.00000000    5.89003345E-0001    8.98262017E-0031     15.13000000
  0.22954545     -0.51029968      1.00000000    5.93302498E-0001    9.04818458E-0031     15.15000000
  0.22984848     -0.51269031      1.00000000    6.01965279E-0001    9.18029669E-0031     15.17000000
  0.23015152     -0.53734939      1.00000000    5.80227422E-0001    8.84878259E-0031     15.19000000
  0.23045455     -0.55022466      1.00000000    5.74657216E-0001    8.76383394E-0031     15.21000000
  0.23075758     -0.55372354      1.00000000    5.81561808E-0001    8.86913271E-0031     15.23000000
  0.23106061     -0.57188249      1.00000000    5.69013829E-0001    8.67776923E-0031     15.25000000
  0.23136364     -0.55526322      1.00000000    6.03153676E-0001    9.19842038E-0031     15.27000000
  0.23166667     -0.56371799      1.00000000    6.03474743E-0001    9.20331683E-0031     15.29000000
  0.23196970     -0.58584070      1.00000000    5.85089464E-0001    8.92293137E-0031     15.31000000
  0.23227273     -0.58678739      1.00000000    5.95609304E-0001    9.08336463E-0031     15.33000000
  0.23257576     -0.59491869      1.00000000    5.96370378E-0001    9.09497142E-0031     15.35000000
  0.23287879     -0.59275138      1.00000000    6.11461701E-0001    9.32512227E-0031     15.37000000
  0.23318182     -0.60641572      1.00000000    6.04492357E-0001    9.21883601E-0031     15.39000000
  0.23348485     -0.63563595      1.00000000    5.76575884E-0001    8.79309466E-0031     15.41000000
  0.23378788     -0.63141433      1.00000000    5.93969279E-0001    9.05835335E-0031     15.43000000
  0.23409091     -0.65405019      1.00000000    5.75193559E-0001    8.77201346E-0031     15.45000000
  0.23439394     -0.63537088      1.00000000    6.12603133E-0001    9.34252973E-0031     15.47000000
  0.23469697     -0.64992058      1.00000000    6.04387404E-0001    9.21723541E-0031     15.49000000
  0.23500000     -0.68589453      1.00000000    5.67580337E-0001    8.65590769E-0031     15.51000000
  0.23530303     -0.69158733      1.00000000    5.71505523E-0001    8.71576891E-0031     15.53000000
  0.23560606     -0.68322377      1.00000000    5.94387785E-0001    9.06473581E-0031     15.55000000
  0.23590909     -0.70787339      1.00000000    5.72936053E-0001    8.73758526E-0031     15.57000000
  0.23621212     -0.71101589      1.00000000    5.80295957E-0001    8.84982779E-0031     15.59000000
  0.23651515     -0.72707891      1.00000000    5.70522015E-0001    8.70076987E-0031     15.61000000
  0.23681818     -0.73201600      1.00000000    5.75468045E-0001    8.77619951E-0031     15.63000000
  0.23712121     -0.76608903      1.00000000    5.42792785E-0001    8.27788409E-0031     15.65000000
  0.23742424     -0.76537355      1.00000000    5.54670967E-0001    8.45903281E-0031     15.67000000
  0.23772727     -0.78102221      1.00000000    5.45849193E-0001    8.32449598E-0031     15.69000000
  0.23803030     -0.78065182      1.00000000    5.57351205E-0001    8.49990789E-0031     15.71000000
  0.23833333     -0.77367358      1.00000000    5.77820675E-0001    8.81207839E-0031     15.73000000
  0.23863636     -0.79533676      1.00000000    5.60810047E-0001    8.55265711E-0031     15.75000000
  0.23893939     -0.80345465      1.00000000    5.61543990E-0001    8.56385013E-0031     15.77000000
  0.23924242     -0.83459008      1.00000000    5.33254150E-0001    8.13241473E-0031     15.79000000
  0.23954545     -0.82178541      1.00000000    5.60305403E-0001    8.54496101E-0031     15.81000000
  0.23984848     -0.85739632      1.00000000    5.26622961E-0001    8.03128552E-0031     15.83000000
  0.24015152     -0.87960295      1.00000000    5.10480374E-0001    7.78510232E-0031     15.85000000
  0.24045455     -0.88427786      1.00000000    5.15216807E-0001    7.85733549E-0031     15.87000000
  0.24075758     -0.89234254      1.00000000    5.15954293E-0001    7.86858255E-0031     15.89000000
  0.24106061     -0.90893558      1.00000000    5.06645376E-0001    7.72661651E-0031     15.91000000
  0.24136364     -0.88758048      1.00000000    5.42931540E-0001    8.28000018E-0031     15.93000000
  0.24166667     -0.92104214      1.00000000    5.12825134E-0001    7.82086118E-0031     15.95000000
  0.24196970     -0.92002027      1.00000000    5.24417366E-0001    7.99764899E-0031     15.97000000
  0.24227273     -0.93666595      1.00000000    5.14893344E-0001    7.85240250E-0031     15.99000000
  0.24257576     -0.95897023      1.00000000    4.98998095E-0001    7.60999134E-0031     16.01000000
  0.24287879     -0.96289545      1.00000000    5.04498114E-0001    7.69386962E-0031     16.03000000
  0.24318182     -0.97488857      1.00000000    5.00670865E-0001    7.63550199E-0031     16.05000000
  0.24348485     -0.99808024      1.00000000    4.84224262E-0001    7.38468238E-0031     16.07000000
  0.24378788     -1.04173885      1.00000000    4.46759529E-0001    6.81332490E-0031     16.09000000
  0.24409091     -1.00609440      1.00000000    4.94770910E-0001    7.54552448E-0031     16.11000000
  0.24439394     -1.01616545      1.00000000    4.93195386E-0001    7.52149688E-0031     16.13000000
  0.24469697     -1.03837484      1.00000000    4.78074412E-0001    7.29089384E-0031     16.15000000
  0.24500000     -1.07252301      1.00000000    4.50851192E-0001    6.87572498E-0031     16.17000000
  0.24530303     -1.10253803      1.00000000    4.29243863E-0001    6.54620150E-0031     16.19000000
  0.24560606     -1.12322264      1.00000000    4.17547002E-0001    6.36781804E-0031     16.21000000
  0.24590909     -1.09103795      1.00000000    4.58749865E-0001    6.99618402E-0031     16.23000000
  0.24621212     -1.09103795      1.00000000    4.68017227E-0001    7.13751631E-0031     16.25000000
  0.24651515     -1.11755607      1.00000000    4.49189510E-0001    6.85038343E-0031     16.27000000
  0.24681818     -1.18813716      1.00000000    3.89524170E-0001    5.94045466E-0031     16.29000000
  0.24712121     -1.17234289      1.00000000    4.12111337E-0001    6.28492121E-0031     16.31000000
  0.24742424     -1.16153000      1.00000000    4.31035809E-0001    6.57352964E-0031     16.33000000
  0.24772727     -1.18624891      1.00000000    4.15413231E-0001    6.33527687E-0031     16.35000000
  0.24803030     -1.22463739      1.00000000    3.87951771E-0001    5.91647472E-0031     16.37000000
  0.24833333     -1.27131061      1.00000000    3.55459727E-0001    5.42095344E-0031     16.39000000
  0.24863636     -1.25445361      1.00000000    3.76993004E-0001    5.74934759E-0031     16.41000000
  0.24893939     -1.24680547      1.00000000    3.91441912E-0001    5.96970126E-0031     16.43000000
  0.24924242     -1.29849984      1.00000000    3.54534781E-0001    5.40684753E-0031     16.45000000
  0.24954545     -1.27940691      1.00000000    3.77952889E-0001    5.76398635E-0031     16.47000000
  0.24984848     -1.32231993      1.00000000    3.49309608E-0001    5.32716080E-0031     16.49000000
  0.25015152     -1.27245803      1.00000000    3.99722254E-0001    6.09598096E-0031     16.51000000
  0.25045455     -1.30712440      1.00000000    3.76511152E-0001    5.74199909E-0031     16.53000000
  0.25075758     -1.31339140      1.00000000    3.78614055E-0001    5.77406950E-0031     16.55000000
  0.25106061     -1.36565001      1.00000000    3.42471169E-0001    5.22287090E-0031     16.57000000
  0.25136364     -1.37865813      1.00000000    3.39079691E-0001    5.17114903E-0031     16.59000000
  0.25166667     -1.35999135      1.00000000    3.61122419E-0001    5.50731257E-0031     16.61000000
  0.25196970     -1.39816338      1.00000000    3.37418048E-0001    5.14580807E-0031     16.63000000
  0.25227273     -1.39816338      1.00000000    3.44234345E-0001    5.24976029E-0031     16.65000000
  0.25257576     -1.42019756      1.00000000    3.33815051E-0001    5.09086041E-0031     16.67000000
  0.25287879     -1.45027611      1.00000000    3.17770261E-0001    4.84616867E-0031     16.69000000
  0.25318182     -1.48633785      1.00000000    2.98357800E-0001    4.55011811E-0031     16.71000000
  0.25348485     -1.46793279      1.00000000    3.17561869E-0001    4.84299058E-0031     16.73000000
  0.25378788     -1.52566738      1.00000000    2.83647948E-0001    4.32578490E-0031     16.75000000
  0.25409091     -1.48822200      1.00000000    3.15435752E-0001    4.81056614E-0031     16.77000000
  0.25439394     -1.54891985      1.00000000    2.79833018E-0001    4.26760516E-0031     16.79000000
  0.25469697     -1.55328464      1.00000000    2.82631171E-0001    4.31027851E-0031     16.81000000
  0.25500000     -1.56664861      1.00000000    2.79603098E-0001    4.26409875E-0031     16.83000000
  0.25530303     -1.59952983      1.00000000    2.64451872E-0001    4.03303434E-0031     16.85000000
  0.25560606     -1.59952983      1.00000000    2.69794154E-0001    4.11450704E-0031     16.87000000
  0.25590909     -1.65961813      1.00000000    2.39679080E-0001    3.65523584E-0031     16.89000000
  0.25621212     -1.60197658      1.00000000    2.79227103E-0001    4.25836463E-0031     16.91000000
  0.25651515     -1.70073071      1.00000000    2.26928648E-0001    3.46078485E-0031     16.93000000
  0.25681818     -1.66525841      1.00000000    2.51216126E-0001    3.83118205E-0031     16.95000000
  0.25712121     -1.70382180      1.00000000    2.34514673E-0001    3.57647584E-0031     16.97000000
  0.25742424     -1.65405020      1.00000000    2.68304224E-0001    4.09178479E-0031     16.99000000
  0.25772727     -1.72609821      1.00000000    2.31881118E-0001    3.53631270E-0031     17.01000000
  0.25803030     -1.69158735      1.00000000    2.56130996E-0001    3.90613648E-0031     17.03000000
  0.25833333     -1.73936013      1.00000000    2.34085892E-0001    3.56993670E-0031     17.05000000
  0.25863636     -1.71007076      1.00000000    2.55476232E-0001    3.89615097E-0031     17.07000000
  0.25893939     -1.82876055      1.00000000    1.98310910E-0001    3.02434884E-0031     17.09000000
  0.25924242     -1.83291649      1.00000000    2.00390235E-0001    3.05605966E-0031     17.11000000
  0.25954545     -1.96345911      1.00000000    1.51363034E-0001    2.30836828E-0031     17.13000000
  0.25984848     -1.93087173      1.00000000    1.66453563E-0001    2.53850704E-0031     17.15000000
  0.26015152     -1.93087173      1.00000000    1.69816148E-0001    2.58978828E-0031     17.17000000
  0.26045455     -1.86767860      1.00000000    2.00381672E-0001    3.05592908E-0031     17.19000000
  0.26075758     -2.04376988      1.00000000    1.36286429E-0001    2.07844189E-0031     17.21000000
  0.26106061     -1.85872377      1.00000000    2.12904389E-0001    3.24690729E-0031     17.23000000
  0.26136364     -1.89090845      1.00000000    2.01690676E-0001    3.07589210E-0031     17.25000000
  0.26166667     -1.99869147      1.00000000    1.60542009E-0001    2.44835264E-0031     17.27000000
  0.26196970     -2.00485179      1.00000000    1.61478334E-0001    2.46263209E-0031     17.29000000
  0.26227273     -2.14237965      1.00000000    1.20025159E-0001    1.83044872E-0031     17.31000000
  0.26257576     -1.93087173      1.00000000    1.99281096E-0001    3.03914470E-0031     17.33000000
  0.26287879     -2.12567396      1.00000000    1.29822436E-0001    1.97986250E-0031     17.35000000
  0.26318182     -2.03703648      1.00000000    1.62432576E-0001    2.47718480E-0031     17.37000000
  0.26348485     -2.14237965      1.00000000    1.30021703E-0001    1.98290143E-0031     17.39000000
  0.26378788     -2.01110076      1.00000000    1.79465358E-0001    2.73694396E-0031     17.41000000
  0.26409091     -2.06461998      1.00000000    1.61862891E-0001    2.46849680E-0031     17.43000000
  0.26439394     -2.15975376      1.00000000    1.32647602E-0001    2.02294781E-0031     17.45000000
  0.26469697     -2.23716598      1.00000000    1.13233018E-0001    1.72686488E-0031     17.47000000
  0.26500000     -2.13394648      1.00000000    1.46513776E-0001    2.23441447E-0031     17.49000000
  0.26530303     -2.16870860      1.00000000    1.37975582E-0001    2.10420239E-0031     17.51000000
  0.26560606     -2.21648139      1.00000000    1.26100073E-0001    1.92309444E-0031     17.53000000
  0.26590909     -2.20649717      1.00000000    1.31639263E-0001    2.00757010E-0031     17.55000000
  0.26621212     -2.20649717      1.00000000    1.34298553E-0001    2.04812570E-0031     17.57000000
  0.26651515     -2.25888521      1.00000000    1.21442076E-0001    1.85205746E-0031     17.59000000
  0.26681818     -2.35858815      1.00000000    9.84809280E-0002    1.50188752E-0031     17.61000000
  0.26712121     -2.27016625      1.00000000    1.23157232E-0001    1.87821452E-0031     17.63000000
  0.26742424     -2.43497648      1.00000000    8.59677544E-0002    1.31105484E-0031     17.65000000
  0.26772727     -2.41858607      1.00000000    9.10776632E-0002    1.38898372E-0031     17.67000000
  0.26803030     -2.43497648      1.00000000    8.94761650E-0002    1.36456000E-0031     17.69000000
  0.26833333     -2.43497648      1.00000000    9.12837035E-0002    1.39212594E-0031     17.71000000
  0.26863636     -2.28174812      1.00000000    1.32527957E-0001    2.02112315E-0031     17.73000000
  0.26893939     -2.52773054      1.00000000    7.67380870E-0002    1.17029741E-0031     17.75000000
  0.26924242     -2.52773054      1.00000000    7.82882992E-0002    1.19393898E-0031     17.77000000
  0.26954545     -2.61950090      1.00000000    6.46565293E-0002    9.86047107E-0032     17.79000000
  0.26984848     -2.45200984      1.00000000    9.70039327E-0002    1.47936254E-0031     17.81000000
  0.27015152     -2.45200984      1.00000000    9.89635421E-0002    1.50924764E-0031     17.83000000
  0.27045455     -2.46973860      1.00000000    9.69242309E-0002    1.47814704E-0031     17.85000000
  0.27075758     -2.70382178      1.00000000    5.76813032E-0002    8.79671130E-0032     17.87000000
  0.27106061     -2.59467733      1.00000000    7.56598379E-0002    1.15385352E-0031     17.89000000
  0.27136364     -2.84994983      1.00000000    4.28823723E-0002    6.53979414E-0032     17.91000000
  0.27166667     -2.80855716      1.00000000    4.81235165E-0002    7.33909703E-0032     17.93000000
  0.27196970     -3.07179859      1.00000000    2.67794603E-0002    4.08401281E-0032     17.95000000
  0.27227273     -2.84994983      1.00000000    4.55340701E-0002    6.94419242E-0032     17.97000000
  0.27257576     -2.59467733      1.00000000    8.36170525E-0002    1.27520536E-0031     17.99000000
  0.27287879     -2.89570733      1.00000000    4.26531145E-0002    6.50483108E-0032     18.01000000
  0.27318182     -3.00485178      1.00000000    3.38448182E-0002    5.16151817E-0032     18.03000000
  0.27348485     -2.77076859      1.00000000    5.91917615E-0002    9.02706437E-0032     18.05000000
  0.27378788     -2.73600648      1.00000000    6.54198086E-0002    9.97687530E-0032     18.07000000
  0.27409091     -2.67385858      1.00000000    7.70092789E-0002    1.17443323E-0031     18.09000000
  0.27439394     -3.00485178      1.00000000    3.66636539E-0002    5.59140588E-0032     18.11000000
  0.27469697     -2.73600648      1.00000000    6.94651437E-0002    1.05938108E-0031     18.13000000
  0.27500000     -3.00485178      1.00000000    3.81599260E-0002    5.81959549E-0032     18.15000000
  0.27530303     -3.07179859      1.00000000    3.33692624E-0002    5.08899333E-0032     18.17000000
  0.27560606     -2.80855716      1.00000000    6.24128364E-0002    9.51829575E-0032     18.19000000
  0.27590909     -3.15097982      1.00000000    2.89425739E-0002    4.41389936E-0032     18.21000000
  0.27621212     -3.00485178      1.00000000    4.13381543E-0002    6.30429253E-0032     18.23000000
  0.27651515     -3.07179859      1.00000000    3.61484904E-0002    5.51284066E-0032     18.25000000
  0.27681818     -2.94685987      1.00000000    4.91716494E-0002    7.49894298E-0032     18.27000000
  0.27712121     -3.15097982      1.00000000    3.13531161E-0002    4.78152009E-0032     18.29000000
  0.27742424     -2.73600648      1.00000000    8.31648761E-0002    1.26830943E-0031     18.31000000
  0.27772727     -3.24788986      1.00000000    2.61061272E-0002    3.98132586E-0032     18.33000000
  0.27803030     -3.07179859      1.00000000    3.99502603E-0002    6.09263117E-0032     18.35000000
  0.27833333     -3.54891986      1.00000000    1.35857692E-0002    2.07190342E-0032     18.37000000
  0.27863636     -2.94685987      1.00000000    5.54408799E-0002    8.45503460E-0032     18.39000000
  0.27893939     -3.00485178      1.00000000    4.94907561E-0002    7.54760848E-0032     18.41000000
  0.27924242     -3.54891986      1.00000000    1.44258663E-0002    2.20002278E-0032     18.43000000
  0.27954545     -3.37282858      1.00000000    2.20759329E-0002    3.36669939E-0032     18.45000000
  0.27984848     -3.24788986      1.00000000    3.00291941E-0002    4.57961482E-0032     18.47000000
  0.28015152     -3.54891986      1.00000000    1.53179120E-0002    2.33606459E-0032     18.49000000
  0.28045455     -3.54891986      1.00000000    1.56273544E-0002    2.38325622E-0032     18.51000000
  0.28075758     -3.54891986      1.00000000    1.59430479E-0002    2.43140119E-0032     18.53000000
  0.28106061     -3.54891986      1.00000000    1.62651188E-0002    2.48051875E-0032     18.55000000
  0.28136364     -3.54891986      1.00000000    1.65936960E-0002    2.53062856E-0032     18.57000000
  0.28166667     -3.37282858      1.00000000    2.53933672E-0002    3.87262610E-0032     18.59000000
  0.28196970     -3.54891986      1.00000000    1.72708976E-0002    2.63390547E-0032     18.61000000
  0.28227273     -3.37282858      1.00000000    2.64296902E-0002    4.03067097E-0032     18.63000000
  0.28257576     -3.54891986      1.00000000    1.79757363E-0002    2.74139719E-0032     18.65000000
  0.28287879     -3.54891986      1.00000000    1.83388702E-0002    2.79677708E-0032     18.67000000
  0.28318182     -3.84994985      1.00000000    9.35467000E-0003    1.42663786E-0032     18.69000000
  0.28348485     -3.15097982      1.00000000    4.77182373E-0002    7.27728976E-0032     18.71000000
  0.28378788     -3.84994985      1.00000000    9.73644132E-0003    1.48486006E-0032     18.73000000
  0.28409091     -3.54891986      1.00000000    1.98662610E-0002    3.02971245E-0032     18.75000000
  0.28439394     -3.84994985      1.00000000    1.01337930E-0002    1.54545835E-0032     18.77000000
  0.28469697     -3.84994985      1.00000000    1.03385092E-0002    1.57667868E-0032     18.79000000
  0.28500000     -3.37282858      1.00000000    3.16420840E-0002    4.82558927E-0032     18.81000000
  0.28530303     -3.54891986      1.00000000    2.15208636E-0002    3.28204831E-0032     18.83000000
  0.28560606     -3.37282858      1.00000000    3.29334219E-0002    5.02252530E-0032     18.85000000
  0.28590909     -3.54891986      1.00000000    2.23991467E-0002    3.41599125E-0032     18.87000000
  0.28621212     -3.37282858      1.00000000    3.42774604E-0002    5.22749845E-0032     18.89000000
  0.28651515     -3.54891986      1.00000000    2.33132732E-0002    3.55540049E-0032     18.91000000
  0.28712121     -3.84994985      1.00000000    1.21323530E-0002    1.85024957E-0032     18.95000000
  0.28833333     -3.84994985      1.00000000    1.31428211E-0002    2.00435143E-0032     19.03000000
  0.28893939     -3.84994985      1.00000000    1.36791898E-0002    2.08615056E-0032     19.07000000
  0.28954545     -3.54891986      1.00000000    2.84748962E-0002    4.34257597E-0032     19.11000000
  0.29015152     -3.84994985      1.00000000    1.48184894E-0002    2.25989993E-0032     19.15000000
  0.29075758     -3.84994985      1.00000000    1.54232434E-0002    2.35212819E-0032     19.19000000
  0.29287879     -3.84994985      1.00000000    1.77409528E-0002    2.70559143E-0032     19.33000000
  0.29409091     -3.84994985      1.00000000    1.92185447E-0002    2.93093221E-0032     19.41000000
  0.29742424     -3.84994985      1.00000000    2.39477814E-0002    3.65216642E-0032     19.63000000
