  0.13196970     -3.90281739      8.50340136    3.51711094E-0013    5.36378476E-0043      8.71000000
  0.13287879     -3.90281739      8.50340136    5.85820931E-0013    8.93408663E-0043      8.77000000
  0.13348485     -3.90281739      8.50340136    8.23159692E-0013    1.25536313E-0042      8.81000000
  0.13378788     -3.90281739      8.50340136    9.75761552E-0013    1.48808924E-0042      8.83000000
  0.13439394     -3.60178739      8.50340136    2.74216074E-0012    4.18194372E-0042      8.87000000
  0.13469697     -3.90281739      8.50340136    1.62525877E-0012    2.47860770E-0042      8.89000000
  0.13500000     -3.90281739      8.50340136    1.92655816E-0012    2.93810559E-0042      8.91000000
  0.13530303     -3.90281739      8.50340136    2.28371409E-0012    3.48278773E-0042      8.93000000
  0.13560606     -3.60178739      8.50340136    5.41416307E-0012    8.25689205E-0042      8.95000000
  0.13590909     -3.12466614      8.50340136    1.92536110E-0011    2.93628000E-0041      8.97000000
  0.13621212     -3.42569614      8.50340136    1.14114755E-0011    1.74031185E-0041      8.99000000
  0.13651515     -2.90281739      8.50340136    4.50899915E-0011    6.87646803E-0041      9.01000000
  0.13681818     -3.30075740      8.50340136    2.13796086E-0011    3.26050616E-0041      9.03000000
  0.13712121     -3.20384739      8.50340136    3.16788472E-0011    4.83119586E-0041      9.05000000
  0.13742424     -3.05771935      8.50340136    5.25723040E-0011    8.01756124E-0041      9.07000000
  0.13772727     -2.90281739      8.50340136    8.90263518E-0011    1.35770010E-0040      9.09000000
  0.13803030     -3.12466614      8.50340136    6.33183272E-0011    9.65638800E-0041      9.11000000
  0.13833333     -2.75668935      8.50340136    1.75132128E-0010    2.67085984E-0040      9.13000000
  0.13863636     -2.90281739      8.50340136    1.48285059E-0010    2.26142750E-0040      9.15000000
  0.13893939     -2.60178739      8.50340136    3.51549913E-0010    5.36132667E-0040      9.17000000
  0.13924242     -2.62406379      8.50340136    3.95886057E-0010    6.03747689E-0040      9.19000000
  0.13954545     -2.58059810      8.50340136    5.18675227E-0010    7.91007827E-0040      9.21000000
  0.13984848     -2.48784404      8.50340136    7.61218203E-0010    1.16089901E-0039      9.23000000
  0.14015152     -2.56039471      8.50340136    7.63515932E-0010    1.16440317E-0039      9.25000000
  0.14045455     -2.27956810      8.50340136    1.72784316E-0009    2.63505445E-0039      9.27000000
  0.14075758     -2.39766741      8.50340136    1.56050302E-0009    2.37985166E-0039      9.29000000
  0.14106061     -2.21262131      8.50340136    2.83250262E-0009    4.31971998E-0039      9.31000000
  0.14136364     -2.17854152      8.50340136    3.63169790E-0009    5.53853609E-0039      9.33000000
  0.14166667     -2.14694253      8.50340136    4.62986478E-0009    7.06079467E-0039      9.35000000
  0.14196970     -2.13196538      8.50340136    5.68074204E-0009    8.66343944E-0039      9.37000000
  0.14227273     -2.01632666      8.50340136    8.78826994E-0009    1.34025879E-0038      9.39000000
  0.14257576     -2.02775613      8.50340136    1.01469035E-0008    1.54745777E-0038      9.41000000
  0.14287879     -1.92968954      8.50340136    1.50750836E-0008    2.29903193E-0038      9.43000000
  0.14318182     -1.83093538      8.50340136    2.24322836E-0008    3.42104481E-0038      9.45000000
  0.14348485     -1.77896575      8.50340136    2.99711031E-0008    4.57075562E-0038      9.47000000
  0.14378788     -1.78224346      8.50340136    3.52601880E-0008    5.37736973E-0038      9.49000000
  0.14409091     -1.66982128      8.50340136    5.41460036E-0008    8.25755895E-0038      9.51000000
  0.14439394     -1.67750811      8.50340136    6.30578538E-0008    9.61666439E-0038      9.53000000
  0.14469697     -1.66477129      8.50340136    7.69725036E-0008    1.17387239E-0037      9.55000000
  0.14500000     -1.59318722      8.50340136    1.07591827E-0007    1.64083366E-0037      9.57000000
  0.14530303     -1.54298191      8.50340136    1.43167421E-0007    2.18338075E-0037      9.59000000
  0.14560606     -1.52260615      8.50340136    1.77860524E-0007    2.71246937E-0037      9.61000000
  0.14590909     -1.44645136      8.50340136    2.51242997E-0007    3.83159185E-0037      9.63000000
  0.14621212     -1.39227238      8.50340136    3.37390266E-0007    5.14538437E-0037      9.65000000
  0.14651515     -1.36752325      8.50340136    4.23390669E-0007    6.45693713E-0037      9.67000000
  0.14681818     -1.32189240      8.50340136    5.57483146E-0007    8.50192006E-0037      9.69000000
  0.14712121     -1.29003353      8.50340136    7.11131984E-0007    1.08451481E-0036      9.71000000
  0.14742424     -1.24960488      8.50340136    9.25206073E-0007    1.41098940E-0036      9.73000000
  0.14772727     -1.22979647      8.50340136    1.14790643E-0006    1.75061950E-0036      9.75000000
  0.14803030     -1.21707564      8.50340136    1.40115740E-0006    2.13684096E-0036      9.77000000
  0.14833333     -1.17936171      8.50340136    1.81159229E-0006    2.76277640E-0036      9.79000000
  0.14863636     -1.12830043      8.50340136    2.41535705E-0006    3.68355038E-0036      9.81000000
  0.14893939     -1.07609488      8.50340136    3.22883982E-0006    4.92415568E-0036      9.83000000
  0.14924242     -1.06271130      8.50340136    3.94720507E-0006    6.01970162E-0036      9.85000000
  0.14954545     -1.01915595      8.50340136    5.17254938E-0006    7.88841808E-0036      9.87000000
  0.14984848     -1.01072279      8.50340136    6.25168964E-0006    9.53416546E-0036      9.89000000
  0.15015152     -0.94857488      8.50340136    8.55076405E-0006    1.30403785E-0035      9.91000000
  0.15045455     -0.89251743      8.50340136    1.15324605E-0005    1.75876272E-0035      9.93000000
  0.15075758     -0.88913769      8.50340136    1.37772114E-0005    2.10109939E-0035      9.95000000
  0.15106061     -0.87019864      8.50340136    1.70592518E-0005    2.60162834E-0035      9.97000000
  0.15136364     -0.83019992      8.50340136    2.21726857E-0005    3.38145472E-0035      9.99000000
  0.15166667     -0.81574619      8.50340136    2.71726276E-0005    4.14397295E-0035     10.01000000
  0.15196970     -0.76864027      8.50340136    3.59002245E-0005    5.47497877E-0035     10.03000000
  0.15227273     -0.75824317      8.50340136    4.35866885E-0005    6.64720618E-0035     10.05000000
  0.15257576     -0.73079855      8.50340136    5.50374235E-0005    8.39350531E-0035     10.07000000
  0.15287879     -0.69924059      8.50340136    7.01577519E-0005    1.06994373E-0034     10.09000000
  0.15318182     -0.66628011      8.50340136    8.97213392E-0005    1.36829904E-0034     10.11000000
  0.15348485     -0.65533513      8.50340136    1.09068750E-0004    1.66335754E-0034     10.13000000
  0.15378788     -0.60769029      8.50340136    1.44279552E-0004    2.20034134E-0034     10.15000000
  0.15409091     -0.60945482      8.50340136    1.70333417E-0004    2.59767691E-0034     10.17000000
  0.15439394     -0.57730171      8.50340136    2.17426547E-0004    3.31587266E-0034     10.19000000
  0.15469697     -0.54928583      8.50340136    2.74908432E-0004    4.19250256E-0034     10.21000000
  0.15500000     -0.54222396      8.50340136    3.31214648E-0004    5.05120286E-0034     10.23000000
  0.15530303     -0.52116089      8.50340136    4.12128089E-0004    6.28517667E-0034     10.25000000
  0.15560606     -0.49849690      8.50340136    5.14701942E-0004    7.84948352E-0034     10.27000000
  0.15590909     -0.47000837      8.50340136    6.51484278E-0004    9.93548826E-0034     10.29000000
  0.15621212     -0.45612493      8.50340136    7.97346308E-0004    1.21599633E-0033     10.31000000
  0.15651515     -0.44191952      8.50340136    9.76589385E-0004    1.48935173E-0033     10.33000000
  0.15681818     -0.43181922      8.50340136    1.18487328E-0003    1.80699595E-0033     10.35000000
  0.15712121     -0.41412567      8.50340136    1.46293511E-0003    2.23105531E-0033     10.37000000
  0.15742424     -0.39604183      8.50340136    1.80787547E-0003    2.75710805E-0033     10.39000000
  0.15772727     -0.37172183      8.50340136    2.26646029E-0003    3.45647475E-0033     10.41000000
  0.15803030     -0.37454361      8.50340136    2.66922964E-0003    4.07071983E-0033     10.43000000
  0.15833333     -0.35541192      8.50340136    3.30656635E-0003    5.04269285E-0033     10.45000000
  0.15863636     -0.33520295      8.50340136    4.10625405E-0003    6.26225993E-0033     10.47000000
  0.15893939     -0.32280526      8.50340136    5.00844732E-0003    7.63815355E-0033     10.49000000
  0.15924242     -0.31286779      8.50340136    6.07435529E-0003    9.26372097E-0033     10.51000000
  0.15954545     -0.29611366      8.50340136    7.48365788E-0003    1.14129838E-0032     10.53000000
  0.15984848     -0.27998190      8.50340136    9.20672737E-0003    1.40407581E-0032     10.55000000
  0.16015152     -0.29045744      8.50340136    1.06534274E-0002    1.62470541E-0032     10.57000000
  0.16045455     -0.26864251      8.50340136    1.32789546E-0002    2.02511253E-0032     10.59000000
  0.16075758     -0.26243534      8.50340136    1.59672697E-0002    2.43509515E-0032     10.61000000
  0.16106061     -0.24499693      8.50340136    1.97028333E-0002    3.00478884E-0032     10.63000000
  0.16136364     -0.24950837      8.50340136    2.31140925E-0002    3.52502435E-0032     10.65000000
  0.16166667     -0.22905943      8.50340136    2.87200630E-0002    4.37996523E-0032     10.67000000
  0.16196970     -0.21582382      8.50340136    3.50978573E-0002    5.35261343E-0032     10.69000000
  0.16227273     -0.20220018      8.50340136    4.29302931E-0002    6.54710232E-0032     10.71000000
  0.16257576     -0.20194068      8.50340136    5.09193622E-0002    7.76547865E-0032     10.73000000
  0.16287879     -0.20341331      8.50340136    6.01547510E-0002    9.17392548E-0032     10.75000000
  0.16318182     -0.19067297      8.50340136    7.34293828E-0002    1.11983788E-0031     10.77000000
  0.16348485     -0.19901032      8.50340136    8.53870741E-0002    1.30219915E-0031     10.79000000
  0.16378788     -0.19524720      8.50340136    1.02097443E-0001    1.55704132E-0031     10.81000000
  0.16409091     -0.18340322      8.50340136    1.24370806E-0001    1.89672218E-0031     10.83000000
  0.16439394     -0.18274080      8.50340136    1.47652389E-0001    2.25177894E-0031     10.85000000
  0.16469697     -0.20168130      8.50340136    1.67555843E-0001    2.55531740E-0031     10.87000000
  0.16500000     -0.18431568      8.50340136    2.06721097E-0001    3.15260875E-0031     10.89000000
  0.16530303     -0.17755932      8.50340136    2.48886172E-0001    3.79564898E-0031     10.91000000
  0.16560606     -0.17576435      8.50340136    2.96247944E-0001    4.51794167E-0031     10.93000000
  0.16590909     -0.18365187      8.50340136    3.44847780E-0001    5.25911550E-0031     10.95000000
  0.16621212     -0.18464797      8.50340136    4.07841050E-0001    6.21979701E-0031     10.97000000
  0.16651515     -0.18075961      8.50340136    4.87796755E-0001    7.43916483E-0031     10.99000000
  0.16681818     -0.17674251      8.50340136    5.83600442E-0001    8.90022298E-0031     11.01000000
  0.16712121     -0.17560158      8.50340136    6.93611280E-0001    1.05779479E-0030     11.03000000
  0.16742424     -0.17878742      8.50340136    8.16187456E-0001    1.24473010E-0030     11.05000000
  0.16772727     -0.17829575      8.50340136    9.68592681E-0001    1.47715632E-0030     11.07000000
  0.16803030     -0.18125407      8.50340136    1.14036131E+0000    1.73911279E-0030     11.09000000
  0.16833333     -0.17788648      8.50340136    1.36229031E+0000    2.07756654E-0030     11.11000000
  0.16863636     -0.19168529      8.50340136    1.56433753E+0000    2.38569950E-0030     11.13000000
  0.16893939     -0.18514688      8.50340136    1.88247180E+0000    2.87087150E-0030     11.15000000
  0.16924242     -0.19618492      8.50340136    2.17545472E+0000    3.31768633E-0030     11.17000000
  0.16954545     -0.20064544      8.50340136    2.55240231E+0000    3.89255183E-0030     11.19000000
  0.16984848     -0.20489095      8.50340136    2.99614776E+0000    4.56928768E-0030     11.21000000
  0.17015152     -0.21147062      8.50340136    3.49818811E+0000    5.33492642E-0030     11.23000000
  0.17045455     -0.21094056      8.50340136    4.15176565E+0000    6.33166758E-0030     11.25000000
  0.17075758     -0.21457558      8.50340136    4.88042249E+0000    7.44290875E-0030     11.27000000
  0.17106061     -0.22758914      8.50340136    5.61440143E+0000    8.56226641E-0030     11.29000000
  0.17136364     -0.24176230      8.50340136    6.44154300E+0000    9.82370211E-0030     11.31000000
  0.17166667     -0.24509241      8.50340136    7.57738587E+0000    1.15559240E-0029     11.33000000
  0.17196970     -0.24557026      8.50340136    8.97224564E+0000    1.36831608E-0029     11.35000000
  0.17227273     -0.27208450      8.50340136    1.00056781E+0001    1.52592013E-0029     11.37000000
  0.17257576     -0.28330666      8.50340136    1.15580340E+0001    1.76266281E-0029     11.39000000
  0.17287879     -0.27279652      8.50340136    1.40363346E+0001    2.14061708E-0029     11.41000000
  0.17318182     -0.29891556      8.50340136    1.56673045E+0001    2.38934883E-0029     11.43000000
  0.17348485     -0.30765197      8.50340136    1.82019314E+0001    2.77589317E-0029     11.45000000
  0.17378788     -0.31780810      8.50340136    2.10775900E+0001    3.21444669E-0029     11.47000000
  0.17409091     -0.32982966      8.50340136    2.43029503E+0001    3.70633161E-0029     11.49000000
  0.17439394     -0.34687693      8.50340136    2.76994621E+0001    4.22431806E-0029     11.51000000
  0.17469697     -0.34088163      8.50340136    3.32909541E+0001    5.07705089E-0029     11.53000000
  0.17500000     -0.36980836      8.50340136    3.69197810E+0001    5.63046665E-0029     11.55000000
  0.17530303     -0.39213834      8.50340136    4.15708343E+0001    6.33977749E-0029     11.57000000
  0.17560606     -0.38999961      8.50340136    4.95207341E+0001    7.55218028E-0029     11.59000000
  0.17590909     -0.40271818      8.50340136    5.70069909E+0001    8.69387502E-0029     11.61000000
  0.17621212     -0.41299948      8.50340136    6.59942989E+0001    1.00644882E-0028     11.63000000
  0.17651515     -0.44161907      8.50340136    7.32396786E+0001    1.11694479E-0028     11.65000000
  0.17681818     -0.46570130      8.50340136    8.21341588E+0001    1.25259043E-0028     11.67000000
  0.17712121     -0.46065130      8.50340136    9.84993607E+0001    1.50216862E-0028     11.69000000
  0.17742424     -0.47468258      8.50340136    1.13047704E+0002    1.72403874E-0028     11.71000000
  0.17772727     -0.49018884      8.50340136    1.29304930E+0002    1.97197025E-0028     11.73000000
  0.17803030     -0.51667528      8.50340136    1.44207635E+0002    2.19924458E-0028     11.75000000
  0.17833333     -0.54679154      8.50340136    1.59489318E+0002    2.43229852E-0028     11.77000000
  0.17863636     -0.55412318      8.50340136    1.85891516E+0002    2.83494634E-0028     11.79000000
  0.17893939     -0.56615753      8.50340136    2.14330914E+0002    3.26866258E-0028     11.81000000
  0.17924242     -0.59403960      8.50340136    2.38266153E+0002    3.63368794E-0028     11.83000000
  0.17954545     -0.61167062      8.50340136    2.71200786E+0002    4.13595894E-0028     11.85000000
  0.17984848     -0.61681025      8.50340136    3.17695390E+0002    4.84502685E-0028     11.87000000
  0.18015152     -0.65533513      8.50340136    3.44624100E+0002    5.25570426E-0028     11.89000000
  0.18045455     -0.66527365      8.50340136    3.99270044E+0002    6.08908452E-0028     11.91000000
  0.18075758     -0.68062133      8.50340136    4.56855289E+0002    6.96729071E-0028     11.93000000
  0.18106061     -0.69788386      8.50340136    5.20446073E+0002    7.93708462E-0028     11.95000000
  0.18136364     -0.73109091      8.50340136    5.71515854E+0002    8.71592646E-0028     11.97000000
  0.18166667     -0.77506488      8.50340136    6.12229030E+0002    9.33682446E-0028     11.99000000
  0.18196970     -0.78125753      8.50340136    7.15452618E+0002    1.09110401E-0027     12.01000000
  0.18227273     -0.78987741      8.50340136    8.31420264E+0002    1.26796095E-0027     12.03000000
  0.18257576     -0.83611885      8.50340136    8.86010297E+0002    1.35121371E-0027     12.05000000
  0.18287879     -0.85554250      8.50340136    1.00432603E+0003    1.53165162E-0027     12.07000000
  0.18318182     -0.84858745      8.50340136    1.20973259E+0003    1.84490775E-0027     12.09000000
  0.18348485     -0.87546778      8.50340136    1.34793410E+0003    2.05567255E-0027     12.11000000
  0.18378788     -0.91292282      8.50340136    1.46579496E+0003    2.23541674E-0027     12.13000000
  0.18409091     -0.93526941      8.50340136    1.65038868E+0003    2.51693216E-0027     12.15000000
  0.18439394     -0.96933009      8.50340136    1.80877759E+0003    2.75848383E-0027     12.17000000
  0.18469697     -0.98689018      8.50340136    2.05913434E+0003    3.14029145E-0027     12.19000000
  0.18500000     -1.01632665      8.50340136    2.28090826E+0003    3.47850869E-0027     12.21000000
  0.18530303     -1.05771935      8.50340136    2.45795950E+0003    3.74852142E-0027     12.23000000
  0.18560606     -1.06903300      8.50340136    2.83870774E+0003    4.32918312E-0027     12.25000000
  0.18590909     -1.09191312      8.50340136    3.19227402E+0003    4.86839087E-0027     12.27000000
  0.18621212     -1.10485775      8.50340136    3.67295107E+0003    5.60144941E-0027     12.29000000
  0.18651515     -1.15385452      8.50340136    3.88935852E+0003    5.93148249E-0027     12.31000000
  0.18681818     -1.18100679      8.50340136    4.33097138E+0003    6.60496603E-0027     12.33000000
  0.18712121     -1.17203509      8.50340136    5.24102964E+0003    7.99285420E-0027     12.35000000
  0.18742424     -1.21797203      8.50340136    5.58906659E+0003    8.52362940E-0027     12.37000000
  0.18772727     -1.27647701      8.50340136    5.79020461E+0003    8.83037578E-0027     12.39000000
  0.18803030     -1.28897555      8.50340136    6.66891176E+0003    1.01704518E-0026     12.41000000
  0.18833333     -1.32417816      8.50340136    7.28973879E+0003    1.11172467E-0026     12.43000000
  0.18863636     -1.32303379      8.50340136    8.66395009E+0003    1.32129934E-0026     12.45000000
  0.18893939     -1.44041939      8.50340136    7.83772369E+0003    1.19529533E-0026     12.47000000
  0.18924242     -1.40039027      8.50340136    1.01877593E+0004    1.55368850E-0026     12.49000000
  0.18954545     -1.47468260      8.50340136    1.01776136E+0004    1.55214122E-0026     12.51000000
  0.18984848     -1.46824849      8.50340136    1.22444610E+0004    1.86734665E-0026     12.53000000
  0.19015152     -1.52806904      8.50340136    1.26467438E+0004    1.92869696E-0026     12.55000000
  0.19045455     -1.52990539      8.50340136    1.49280123E+0004    2.27660276E-0026     12.57000000
  0.19075758     -1.56436090      8.50340136    1.63457962E+0004    2.49282249E-0026     12.59000000
  0.19106061     -1.61278278      8.50340136    1.73318053E+0004    2.64319423E-0026     12.61000000
  0.19136364     -1.61726008      8.50340136    2.03341539E+0004    3.10106865E-0026     12.63000000
  0.19166667     -1.68533345      8.50340136    2.06068850E+0004    3.14266162E-0026     12.65000000
  0.19196970     -1.70416030      8.50340136    2.33908011E+0004    3.56722391E-0026     12.67000000
  0.19227273     -1.74445490      8.50340136    2.52702831E+0004    3.85385510E-0026     12.69000000
  0.19257576     -1.78224346      8.50340136    2.74587746E+0004    4.18761191E-0026     12.71000000
  0.19287879     -1.83093538      8.50340136    2.90970415E+0004    4.43745649E-0026     12.73000000
  0.19318182     -1.84211955      8.50340136    3.36143155E+0004    5.12636526E-0026     12.75000000
  0.19348485     -1.85749441      8.50340136    3.84599767E+0004    5.86535484E-0026     12.77000000
  0.19378788     -1.83463153      8.50340136    4.80542170E+0004    7.32852848E-0026     12.79000000
  0.19409091     -1.93433444      8.50340136    4.52781003E+0004    6.90515565E-0026     12.81000000
  0.19439394     -2.07674259      8.50340136    3.86669269E+0004    5.89691588E-0026     12.83000000
  0.19469697     -2.07030848      8.50340136    4.65193217E+0004    7.09444863E-0026     12.85000000
  0.19500000     -2.06396830      8.50340136    5.59542601E+0004    8.53332786E-0026     12.87000000
  0.19530303     -2.02200380      8.50340136    7.30562312E+0004    1.11414711E-0025     12.89000000
  0.19560606     -2.21262131      8.50340136    5.58340792E+0004    8.51499962E-0026     12.91000000
  0.19590909     -2.13196538      8.50340136    7.96920310E+0004    1.21534666E-0025     12.93000000
  0.19621212     -2.21262131      8.50340136    7.84546284E+0004    1.19647559E-0025     12.95000000
  0.19651515     -2.32303379      8.50340136    7.21216563E+0004    1.09989434E-0025     12.97000000
  0.19681818     -2.31175278      8.50340136    8.77417532E+0004    1.33810928E-0025     12.99000000
  0.19712121     -2.22157615      8.50340136    1.28009601E+0005    1.95221578E-0025     13.01000000
  0.19742424     -2.44041939      8.50340136    9.16766870E+0004    1.39811915E-0025     13.03000000
  0.19772727     -2.41145570      8.50340136    1.16166850E+0005    1.77160741E-0025     13.05000000
  0.19803030     -2.39766741      8.50340136    1.42144514E+0005    2.16778086E-0025     13.07000000
  0.19833333     -2.58059810      8.50340136    1.10575529E+0005    1.68633673E-0025     13.09000000
  0.19863636     -2.62406379      8.50340136    1.18591329E+0005    1.80858203E-0025     13.11000000
  0.19893939     -2.54108955      8.50340136    1.70171481E+0005    2.59520729E-0025     13.13000000
  0.19924242     -2.58059810      8.50340136    1.84178038E+0005    2.80881488E-0025     13.15000000
  0.19954545     -2.56039471      8.50340136    2.28718257E+0005    3.48807736E-0025     13.17000000
  0.19984848     -2.62406379      8.50340136    2.34148489E+0005    3.57089133E-0025     13.19000000
  0.20015152     -2.75668935      8.50340136    2.04515110E+0005    3.11896625E-0025     13.21000000
  0.20045455     -2.78887404      8.50340136    2.25112869E+0005    3.43309323E-0025     13.23000000
  0.20075758     -2.78887404      8.50340136    2.66845528E+0005    4.06953889E-0025     13.25000000
  0.20106061     -2.75668935      8.50340136    3.40646725E+0005    5.19504713E-0025     13.27000000
  0.20136364     -2.94857488      8.50340136    2.59584225E+0005    3.95880009E-0025     13.29000000
  0.20166667     -2.94857488      8.50340136    3.07707373E+0005    4.69270418E-0025     13.31000000
  0.20196970     -3.20384739      8.50340136    2.02639919E+0005    3.09036857E-0025     13.33000000
  0.20227273     -3.12466614      8.50340136    2.88247703E+0005    4.39593366E-0025     13.35000000
  0.20257576     -3.12466614      8.50340136    3.41684644E+0005    5.21087597E-0025     13.37000000
  0.20287879     -2.90281739      8.50340136    6.75046696E+0005    1.02948279E-0024     13.39000000
  0.20318182     -3.30075740      8.50340136    3.20076223E+0005    4.88133584E-0025     13.41000000
  0.20348485     -3.42569614      8.50340136    2.84560282E+0005    4.33969849E-0025     13.43000000
  0.20378788     -3.12466614      8.50340136    6.74627257E+0005    1.02884312E-0024     13.45000000
  0.20409091     -3.12466614      8.50340136    7.99693359E+0005    1.21957571E-0024     13.47000000
  0.20439394     -3.60178739      8.50340136    3.15981634E+0005    4.81889114E-0025     13.49000000
  0.20469697     -3.60178739      8.50340136    3.74560043E+0005    5.71224362E-0025     13.51000000
  0.20500000     -3.12466614      8.50340136    1.33199412E+0006    2.03136321E-0024     13.53000000
  0.20530303     -3.42569614      8.50340136    7.89463248E+0005    1.20397423E-0024     13.55000000
  0.20560606     -3.42569614      8.50340136    9.35818277E+0005    1.42717358E-0024     13.57000000
  0.20621212     -3.60178739      8.50340136    8.76636351E+0005    1.33691794E-0024     13.61000000
  0.20651515     -3.60178739      8.50340136    1.03915201E+0006    1.58476312E-0024     13.63000000
  0.20681818     -3.90281739      8.50340136    6.15897855E+0005    9.39277602E-0025     13.65000000
  0.20712121     -3.42569614      8.50340136    2.19022913E+0006    3.34021811E-0024     13.67000000
  0.20772727     -3.90281739      8.50340136    1.02585861E+0006    1.56448997E-0024     13.71000000
  0.20803030     -3.90281739      8.50340136    1.21603791E+0006    1.85452371E-0024     13.73000000
  0.20833333     -3.90281739      8.50340136    1.44147369E+0006    2.19832549E-0024     13.75000000
  0.20863636     -3.90281739      8.50340136    1.70870199E+0006    2.60586313E-0024     13.77000000
  0.20924242     -3.90281739      8.50340136    2.40096339E+0006    3.66159926E-0024     13.81000000
  0.20954545     -3.42569614      8.50340136    8.53820146E+0006    1.30212199E-0023     13.83000000
  0.21166667     -3.90281739      8.50340136    9.35970980E+0006    1.42740646E-0023     13.97000000
  0.21318182     -3.90281739      8.50340136    2.19058653E+0007    3.34076315E-0023     14.07000000
  0.21651515     -3.90281739      8.50340136    1.42238144E+0008    2.16920877E-0022     14.29000000
