  0.10712121     -4.30103001     31.94888179    2.52041761E-0016    3.84377342E-0046      7.07000000
  0.10742424     -4.30103001     31.94888179    4.77503947E-0016    7.28219394E-0046      7.09000000
  0.10772727     -4.00000001     31.94888179    1.80930350E-0015    2.75928588E-0045      7.11000000
  0.10803030     -4.00000001     31.94888179    3.42780324E-0015    5.22758568E-0045      7.13000000
  0.10833333     -3.45593197     31.94888179    2.27294217E-0014    3.46635997E-0044      7.15000000
  0.10863636     -3.48811664     31.94888179    3.99860201E-0014    6.09808474E-0044      7.17000000
  0.10893939     -3.02227639     31.94888179    2.21438378E-0013    3.37705526E-0043      7.19000000
  0.10924242     -2.72124639     31.94888179    8.39049048E-0013    1.27959526E-0042      7.21000000
  0.10954545     -2.54898153     31.94888179    2.36350578E-0012    3.60447438E-0042      7.23000000
  0.10984848     -2.40066284     31.94888179    6.30056972E-0012    9.60871022E-0042      7.25000000
  0.11015152     -2.11633856     31.94888179    2.29725160E-0011    3.50343316E-0041      7.27000000
  0.11045455     -1.92996215     31.94888179    6.68481568E-0011    1.01947061E-0040      7.29000000
  0.11075758     -1.75202674     31.94888179    1.90778446E-0010    2.90947468E-0040      7.31000000
  0.11106061     -1.58964462     31.94888179    5.25310262E-0010    8.01126614E-0040      7.33000000
  0.11136364     -1.43681566     31.94888179    1.41497678E-0009    2.15791626E-0039      7.35000000
  0.11166667     -1.28399665     31.94888179    3.81129691E-0009    5.81243432E-0039      7.37000000
  0.11196970     -1.13341732     31.94888179    1.02130762E-0008    1.55754947E-0038      7.39000000
  0.11227273     -0.99364094     31.94888179    2.66954604E-0008    4.07120236E-0038      7.41000000
  0.11257576     -0.86614189     31.94888179    6.78329838E-0008    1.03448976E-0037      7.43000000
  0.11287879     -0.75178143     31.94888179    1.67226786E-0007    2.55029911E-0037      7.45000000
  0.11318182     -0.62708799     31.94888179    4.22185917E-0007    6.43856401E-0037      7.47000000
  0.11348485     -0.52786545     31.94888179    1.00514971E-0006    1.53290777E-0036      7.49000000
  0.11378788     -0.43065537     31.94888179    2.38201937E-0006    3.63270861E-0036      7.51000000
  0.11409091     -0.34406959     31.94888179    5.50852755E-0006    8.40080301E-0036      7.53000000
  0.11439394     -0.26270795     31.94888179    1.25864031E-0005    1.91949467E-0035      7.55000000
  0.11469697     -0.18379184     31.94888179    2.85971139E-0005    4.36121483E-0035      7.57000000
  0.11500000     -0.11372083     31.94888179    6.36645503E-0005    9.70918890E-0035      7.59000000
  0.11530303     -0.05012231     31.94888179    1.39637047E-0004    2.12954064E-0034      7.61000000
  0.11560606      0.00377280     31.94888179    2.99502348E-0004    4.56757310E-0034      7.63000000
  0.11590909      0.05354899     31.94888179    6.36327774E-0004    9.70434335E-0034      7.65000000
  0.11621212      0.10279376     31.94888179    1.35029952E-0003    2.05927993E-0033      7.67000000
  0.11651515      0.13801833     31.94888179    2.77433654E-0003    4.23101355E-0033      7.69000000
  0.11681818      0.17107525     31.94888179    5.67179492E-0003    8.64979460E-0033      7.71000000
  0.11712121      0.20192944     31.94888179    1.15366355E-0002    1.75939943E-0032      7.73000000
  0.11742424      0.22338560     31.94888179    2.29635906E-0002    3.50207200E-0032      7.75000000
  0.11772727      0.24735943     31.94888179    4.59746138E-0002    7.01137772E-0032      7.77000000
  0.11803030      0.26434552     31.94888179    9.05750617E-0002    1.38131877E-0031      7.79000000
  0.11833333      0.27227105     31.94888179    1.74758628E-0001    2.66516377E-0031      7.81000000
  0.11863636      0.27781543     31.94888179    3.35341629E-0001    5.11414155E-0031      7.83000000
  0.11893939      0.28033360     31.94888179    6.39013606E-0001    9.74530375E-0031      7.85000000
  0.11924242      0.28114705     31.94888179    1.21290843E+0000    1.84975109E-0030      7.87000000
  0.11954545      0.27379965     31.94888179    2.25935811E+0000    3.44564354E-0030      7.89000000
  0.11984848      0.26561958     31.94888179    4.20058202E+0000    6.40611519E-0030      7.91000000
  0.12015152      0.25364083     31.94888179    7.74167931E+0000    1.18064805E-0029      7.93000000
  0.12045455      0.23521271     31.94888179    1.40576109E+0001    2.14386184E-0029      7.95000000
  0.12075758      0.22226764     31.94888179    2.58506168E+0001    3.94235914E-0029      7.97000000
  0.12106061      0.19295058     31.94888179    4.57781577E+0001    6.98141711E-0029      7.99000000
  0.12136364      0.16631166     31.94888179    8.15687590E+0001    1.24396777E-0028      8.01000000
  0.12166667      0.13773381     31.94888179    1.44693981E+0002    2.20666162E-0028      8.03000000
  0.12196970      0.10293083     31.94888179    2.53018305E+0002    3.85866625E-0028      8.05000000
  0.12227273      0.06543964     31.94888179    4.39708860E+0002    6.70579837E-0028      8.07000000
  0.12257576      0.02957652     31.94888179    7.67019771E+0002    1.16974671E-0027      8.09000000
  0.12287879     -0.01529271     31.94888179    1.31051436E+0003    1.99860541E-0027      8.11000000
  0.12318182     -0.05811604     31.94888179    2.24969125E+0003    3.43090106E-0027      8.13000000
  0.12348485     -0.10259285     31.94888179    3.84725142E+0003    5.86726688E-0027      8.15000000
  0.12378788     -0.15239649     31.94888179    6.49907259E+0003    9.91143786E-0027      8.17000000
  0.12409091     -0.20436325     31.94888179    1.09241861E+0004    1.66599757E-0026      8.19000000
  0.12439394     -0.26504023     31.94888179    1.79976822E+0004    2.74474406E-0026      8.21000000
  0.12469697     -0.32314642     31.94888179    2.98273619E+0004    4.54883431E-0026      8.23000000
  0.12500000     -0.38148123     31.94888179    4.94065464E+0004    7.53476605E-0026      8.25000000
  0.12530303     -0.45059821     31.94888179    7.98310754E+0004    1.21746716E-0025      8.27000000
  0.12560606     -0.50937442     31.94888179    1.32099212E+0005    2.01458457E-0025      8.29000000
  0.12590909     -0.57511836     31.94888179    2.15110075E+0005    3.28054521E-0025      8.31000000
  0.12621212     -0.65101404     31.94888179    3.42191751E+0005    5.21860962E-0025      8.33000000
  0.12651515     -0.72325106     31.94888179    5.48955294E+0005    8.37186570E-0025      8.35000000
  0.12681818     -0.80354748     31.94888179    8.64460232E+0005    1.31834870E-0024      8.37000000
  0.12712121     -0.87435610     31.94888179    1.39136431E+0006    2.12190596E-0024      8.39000000
  0.12742424     -0.96118120     31.94888179    2.15834178E+0006    3.29158817E-0024      8.41000000
  0.12772727     -1.04527522     31.94888179    3.36923000E+0006    5.13825832E-0024      8.43000000
  0.12803030     -1.13548891     31.94888179    5.18586772E+0006    7.90872928E-0024      8.45000000
  0.12833333     -1.21699022     31.94888179    8.14375272E+0006    1.24196642E-0023      8.47000000
  0.12863636     -1.29972907     31.94888179    1.27523492E+0007    1.94480235E-0023      8.49000000
  0.12893939     -1.37675072     31.94888179    2.02335929E+0007    3.08573256E-0023      8.51000000
  0.12924242     -1.48778271     31.94888179    2.96855760E+0007    4.52721119E-0023      8.53000000
  0.12954545     -1.55791238     31.94888179    4.78542222E+0007    7.29802819E-0023      8.55000000
  0.12984848     -1.66604919     31.94888179    7.06785961E+0007    1.07788689E-0022      8.57000000
  0.13015152     -1.76510325     31.94888179    1.06595364E+0008    1.62563707E-0022      8.59000000
  0.13045455     -1.86407268     31.94888179    1.60795301E+0008    2.45221546E-0022      8.61000000
  0.13075758     -1.99353394     31.94888179    2.26108325E+0008    3.44827448E-0022      8.63000000
  0.13106061     -2.07058105     31.94888179    3.58735125E+0008    5.47090504E-0022      8.65000000
  0.13136364     -2.20760830     31.94888179    4.95736751E+0008    7.56025407E-0022      8.67000000
  0.13166667     -2.28608964     31.94888179    7.83924493E+0008    1.19552733E-0021      8.69000000
  0.13196970     -2.37417331     31.94888179    1.21253708E+0009    1.84918476E-0021      8.71000000
  0.13227273     -2.48811663     31.94888179    1.76707982E+0009    2.69489248E-0021      8.73000000
  0.13257576     -2.62893214     31.94888179    2.42072310E+0009    3.69173390E-0021      8.75000000
  0.13287879     -2.65757732     31.94888179    4.29343012E+0009    6.54771358E-0021      8.77000000
  0.13318182     -2.89448980     31.94888179    4.71407385E+0009    7.18921806E-0021      8.79000000
  0.13348485     -3.02227639     31.94888179    6.65448201E+0009    1.01484457E-0020      8.81000000
  0.13378788     -3.13966200     31.94888179    9.62128557E+0009    1.46729818E-0020      8.83000000
  0.13409091     -3.27984071     31.94888179    1.31995417E+0010    2.01300164E-0020      8.85000000
  0.13439394     -3.30102998     31.94888179    2.38162868E+0010    3.63211279E-0020      8.87000000
  0.13469697     -3.45593197     31.94888179    3.15846826E+0010    4.81683524E-0020      8.89000000
  0.13500000     -3.42596873     31.94888179    6.41127227E+0010    9.77753762E-0020      8.91000000
  0.13530303     -3.82390872     31.94888179    4.85857253E+0010    7.40958638E-0020      8.93000000
  0.13560606     -3.90308997     31.94888179    7.67064538E+0010    1.16981499E-0019      8.95000000
  0.13590909     -4.12493872     31.94888179    8.71942040E+0010    1.32975886E-0019      8.97000000
  0.13621212     -4.12493872     31.94888179    1.65193167E+0011    2.51928530E-0019      8.99000000
  0.13651515     -4.12493872     31.94888179    3.12965554E+0011    4.77289428E-0019      9.01000000
  0.13712121     -4.60206000     31.94888179    3.74441672E+0011    5.71043840E-0019      9.05000000
  0.13742424     -4.12493872     31.94888179    2.12818767E+0012    3.24560152E-0018      9.07000000
