  0.10893939     -4.60206000     28.01120448    3.82687330E-0016    5.83618915E-0046      7.19000000
  0.10924242     -4.60206000     28.01120448    6.70110333E-0016    1.02195457E-0045      7.21000000
  0.10954545     -3.75696197     28.01120448    8.21384648E-0015    1.25265610E-0044      7.23000000
  0.10984848     -3.52287872     28.01120448    2.46565355E-0014    3.76025527E-0044      7.25000000
  0.11015152     -3.32330638     28.01120448    6.83607197E-0014    1.04253802E-0043      7.27000000
  0.11045455     -3.13966200     28.01120448    1.82706182E-0013    2.78636827E-0043      7.29000000
  0.11075758     -3.07058107     28.01120448    3.75090792E-0013    5.72033782E-0043      7.31000000
  0.11106061     -2.63357704     28.01120448    1.79656387E-0012    2.73985725E-0042      7.33000000
  0.11136364     -2.47172621     28.01120448    4.56662890E-0012    6.96435653E-0042      7.35000000
  0.11166667     -2.29242981     28.01120448    1.20835448E-0011    1.84280605E-0041      7.37000000
  0.11196970     -2.11350928     28.01120448    3.19460463E-0011    4.87194517E-0041      7.39000000
  0.11227273     -1.94500413     28.01120448    8.24564242E-0011    1.25750515E-0040      7.41000000
  0.11257576     -1.77533745     28.01120448    2.13399504E-0010    3.25445807E-0040      7.43000000
  0.11287879     -1.64541143     28.01120448    5.03989700E-0010    7.68611601E-0040      7.45000000
  0.11318182     -1.48115717     28.01120448    1.28818473E-0009    1.96455152E-0039      7.47000000
  0.11348485     -1.34032146     28.01120448    3.11972338E-0009    4.75774720E-0039      7.49000000
  0.11378788     -1.22603081     28.01120448    7.10737074E-0009    1.08391255E-0038      7.51000000
  0.11409091     -1.09218570     28.01120448    1.69377732E-0008    2.58310219E-0038      7.53000000
  0.11439394     -0.98129950     28.01120448    3.82864187E-0008    5.83888632E-0038      7.55000000
  0.11469697     -0.86654092     28.01120448    8.73183557E-0008    1.33165224E-0037      7.57000000
  0.11500000     -0.76233062     28.01120448    1.94365008E-0007    2.96417169E-0037      7.59000000
  0.11530303     -0.67024627     28.01120448    4.20731143E-0007    6.41637791E-0037      7.61000000
  0.11560606     -0.58120169     28.01120448    9.04381100E-0007    1.37923018E-0036      7.63000000
  0.11590909     -0.49603918     28.01120448    1.92670940E-0006    2.93833624E-0036      7.65000000
  0.11621212     -0.42004502     28.01120448    4.01895005E-0006    6.12911660E-0036      7.67000000
  0.11651515     -0.35137168     28.01120448    8.24305460E-0006    1.25711049E-0035      7.69000000
  0.11681818     -0.28617355     28.01120448    1.67721421E-0005    2.55784255E-0035      7.71000000
  0.11712121     -0.21369234     28.01120448    3.47033959E-0005    5.29245592E-0035      7.73000000
  0.11742424     -0.16001944     28.01120448    6.87617790E-0005    1.04865439E-0034      7.75000000
  0.11772727     -0.10301935     28.01120448    1.37293328E-0004    2.09379764E-0034      7.77000000
  0.11803030     -0.05570242     28.01120448    2.68082574E-0004    4.08840452E-0034      7.79000000
  0.11833333     -0.01129615     28.01120448    5.19968562E-0004    7.92980233E-0034      7.81000000
  0.11863636      0.02485495     28.01120448    9.89533311E-0004    1.50909192E-0033      7.83000000
  0.11893939      0.06422391     28.01120448    1.89714976E-0003    2.89325618E-0033      7.85000000
  0.11924242      0.09956845     28.01120448    3.60369791E-0003    5.49583459E-0033      7.87000000
  0.11954545      0.12690219     28.01120448    6.72023341E-0003    1.02487201E-0032      7.89000000
  0.11984848      0.15160732     28.01120448    1.24563763E-0002    1.89966488E-0032      7.91000000
  0.12015152      0.17252267     28.01120448    2.28880762E-0002    3.49055565E-0032      7.93000000
  0.12045455      0.19046477     28.01120448    4.17689563E-0002    6.36999217E-0032      7.95000000
  0.12075758      0.20377376     28.01120448    7.54162340E-0002    1.15013843E-0031      7.97000000
  0.12106061      0.21160104     28.01120448    1.34460387E-0001    2.05059377E-0031      7.99000000
  0.12136364      0.22025850     28.01120448    2.40189518E-0001    3.66302031E-0031      8.01000000
  0.12166667      0.22641943     28.01120448    4.26596426E-0001    6.50582666E-0031      8.03000000
  0.12196970      0.22537392     28.01120448    7.45201852E-0001    1.13647321E-0030      8.05000000
  0.12227273      0.22592926     28.01120448    1.30656643E+0000    1.99258461E-0030      8.07000000
  0.12257576      0.21923075     28.01120448    2.25286528E+0000    3.43574163E-0030      8.09000000
  0.12287879      0.21227418     28.01120448    3.88222658E+0000    5.92060590E-0030      8.11000000
  0.12318182      0.20273346     28.01120448    6.65031771E+0000    1.01420949E-0029      8.13000000
  0.12348485      0.18393855     28.01120448    1.11519219E+0001    1.70072851E-0029      8.15000000
  0.12378788      0.17012965     28.01120448    1.89165983E+0001    2.88488374E-0029      8.17000000
  0.12409091      0.15127790     28.01120448    3.17171035E+0001    4.83703016E-0029      8.19000000
  0.12439394      0.13097669     28.01120448    5.30022793E+0001    8.08313479E-0029      8.21000000
  0.12469697      0.10743046     28.01120448    8.79124830E+0001    1.34071300E-0028      8.23000000
  0.12500000      0.07614873     28.01120448    1.43242221E+0002    2.18452149E-0028      8.25000000
  0.12530303      0.04742092     28.01120448    2.34771551E+0002    3.58039337E-0028      8.27000000
  0.12560606      0.01764887     28.01120448    3.83862468E+0002    5.85411065E-0028      8.29000000
  0.12590909     -0.02368442     28.01120448    6.11145452E+0002    9.32029931E-0028      8.31000000
  0.12621212     -0.05417457     28.01120448    9.97600519E+0002    1.52139485E-0027      8.33000000
  0.12651515     -0.09143455     28.01120448    1.60324141E+0003    2.44503002E-0027      8.35000000
  0.12681818     -0.13187007     28.01120448    2.55779440E+0003    3.90077505E-0027      8.37000000
  0.12712121     -0.18039028     28.01120448    4.00541623E+0003    6.10847680E-0027      8.39000000
  0.12742424     -0.22821050     28.01120448    6.28245899E+0003    9.58109039E-0027      8.41000000
  0.12772727     -0.27150416     28.01120448    9.95722296E+0003    1.51853046E-0026      8.43000000
  0.12803030     -0.32259838     28.01120448    1.55005192E+0004    2.36391317E-0026      8.45000000
  0.12833333     -0.37440462     28.01120448    2.40903013E+0004    3.67390149E-0026      8.47000000
  0.12863636     -0.43332687     28.01120448    3.68317387E+0004    5.61703973E-0026      8.49000000
  0.12893939     -0.48346462     28.01120448    5.74627881E+0004    8.76338655E-0026      8.51000000
  0.12924242     -0.54094692     28.01120448    8.81468150E+0004    1.34428669E-0025      8.53000000
  0.12954545     -0.60171269     28.01120448    1.34197087E+0005    2.04657830E-0025      8.55000000
  0.12984848     -0.66199197     28.01120448    2.04534247E+0005    3.11925809E-0025      8.57000000
  0.13015152     -0.72290675     28.01120448    3.11281626E+0005    4.74721347E-0025      8.59000000
  0.13045455     -0.79513422     28.01120448    4.61560089E+0005    7.03904147E-0025      8.61000000
  0.13075758     -0.86886272     28.01120448    6.82027650E+0005    1.04012912E-0024      8.63000000
  0.13106061     -0.92802600     28.01120448    1.04217567E+0006    1.58937437E-0024      8.65000000
  0.13136364     -1.00359780     28.01120448    1.53345617E+0006    2.33860375E-0024      8.67000000
  0.13166667     -1.06777997     28.01120448    2.31628194E+0006    3.53245547E-0024      8.69000000
  0.13196970     -1.15335369     28.01120448    3.33058050E+0006    5.07931573E-0024      8.71000000
  0.13227273     -1.21950267     28.01120448    5.00810227E+0006    7.63762733E-0024      8.73000000
  0.13257576     -1.28650946     28.01120448    7.51568599E+0006    1.14618284E-0023      8.75000000
  0.13287879     -1.37289031     28.01120448    1.07867350E+0007    1.64503554E-0023      8.77000000
  0.13318182     -1.45593195     28.01120448    1.56009338E+0007    2.37922694E-0023      8.79000000
  0.13348485     -1.53573407     28.01120448    2.27326834E+0007    3.46685740E-0023      8.81000000
  0.13378788     -1.60511076     28.01120448    3.39294057E+0007    5.17441823E-0023      8.83000000
  0.13409091     -1.70774392     28.01120448    4.69078271E+0007    7.15369782E-0023      8.85000000
  0.13439394     -1.79997073     28.01120448    6.64233445E+0007    1.01299200E-0022      8.87000000
  0.13469697     -1.89705202     28.01120448    9.30125779E+0007    1.41849221E-0022      8.89000000
  0.13500000     -1.93647899     28.01120448    1.48736290E+0008    2.26830902E-0022      8.91000000
  0.13530303     -2.04215337     28.01120448    2.04194854E+0008    3.11408218E-0022      8.93000000
  0.13560606     -2.16272730     28.01120448    2.70877600E+0008    4.13103018E-0022      8.95000000
  0.13590909     -2.23470408     28.01120448    4.01881991E+0008    6.12891813E-0022      8.97000000
  0.13621212     -2.33488826     28.01120448    5.58748792E+0008    8.52122185E-0022      8.99000000
  0.13651515     -2.40340293     28.01120448    8.35611023E+0008    1.27435209E-0021      9.01000000
  0.13681818     -2.58502665     28.01120448    9.63125021E+0008    1.46881785E-0021      9.03000000
  0.13712121     -2.65267000     28.01120448    1.44324995E+0009    2.20103438E-0021      9.05000000
  0.13742424     -2.70443292     28.01120448    2.24326643E+0009    3.42110286E-0021      9.07000000
  0.13772727     -2.83120796     28.01120448    2.93364829E+0009    4.47397260E-0021      9.09000000
  0.13803030     -2.92996214     28.01120448    4.09219292E+0009    6.24081595E-0021      9.11000000
  0.13833333     -3.17069622     28.01120448    4.11646336E+0009    6.27782968E-0021      9.13000000
  0.13863636     -3.13966200     28.01120448    7.74213432E+0009    1.18071744E-0020      9.15000000
  0.13893939     -3.22184873     28.01120448    1.12195697E+0010    1.71104518E-0020      9.17000000
  0.13924242     -3.18708664     28.01120448    2.12833761E+0010    3.24583019E-0020      9.19000000
  0.13954545     -3.42596873     28.01120448    2.15010993E+0010    3.27903415E-0020      9.21000000
  0.13984848     -3.75696197     28.01120448    1.75699149E+0010    2.67950722E-0020      9.23000000
  0.14015152     -3.60205997     28.01120448    4.39515185E+0010    6.70284472E-0020      9.25000000
  0.14045455     -4.12493872     28.01120448    2.30885878E+0010    3.52113474E-0020      9.27000000
  0.14075758     -3.82390872     28.01120448    8.08592290E+0010    1.23314706E-0019      9.29000000
  0.14106061     -4.60206000     28.01120448    2.35982906E+0010    3.59886719E-0020      9.31000000
  0.14136364     -4.60206000     28.01120448    4.13221372E+0010    6.30184983E-0020      9.33000000
  0.14166667     -3.90308997     28.01120448    3.61788737E+0011    5.51747427E-0019      9.35000000
  0.14196970     -4.12493872     28.01120448    3.80109324E+0011    5.79687316E-0019      9.37000000
  0.14287879     -4.60206000     28.01120448    6.80289753E+0011    1.03747874E-0018      9.43000000
  0.14318182     -4.60206000     28.01120448    1.19123147E+0012    1.81669255E-0018      9.45000000
