  0.16106061     -3.90308997      2.50000000    5.79609263E-0008    8.83935534E-0038     10.63000000
  0.16136364     -3.90308997      2.50000000    6.09326466E-0008    9.29255878E-0038     10.65000000
  0.16409091     -3.90308997      2.50000000    9.55614121E-0008    1.45736332E-0037     10.83000000
  0.16439394     -3.90308997      2.50000000    1.00460951E-0007    1.53208393E-0037     10.85000000
  0.16500000     -3.90308997      2.50000000    1.11026521E-0007    1.69321461E-0037     10.89000000
  0.16560606     -3.90308997      2.50000000    1.22703282E-0007    1.87129154E-0037     10.93000000
  0.16590909     -3.42596873      2.50000000    3.86983226E-0007    5.90170390E-0037     10.95000000
  0.16621212     -3.90308997      2.50000000    1.35608099E-0007    2.06809699E-0037     10.97000000
  0.16651515     -3.60205997      2.50000000    2.85121750E-0007    4.34826118E-0037     10.99000000
  0.16681818     -3.90308997      2.50000000    1.49870127E-0007    2.28560065E-0037     11.01000000
  0.16712121     -3.42596873      2.50000000    4.72662380E-0007    7.20835742E-0037     11.03000000
  0.16742424     -3.90308997      2.50000000    1.65632106E-0007    2.52597937E-0037     11.05000000
  0.16772727     -3.20411999      2.50000000    8.70621167E-0007    1.32774446E-0036     11.07000000
  0.16803030     -3.30102998      2.50000000    7.32207146E-0007    1.11665557E-0036     11.09000000
  0.16833333     -3.05799193      2.50000000    1.34705934E-0006    2.05433849E-0036     11.11000000
  0.16863636     -2.86169730      2.50000000    2.22533850E-0006    3.39376180E-0036     11.13000000
  0.16893939     -2.94884750      2.50000000    1.91408233E-0006    2.91907927E-0036     11.15000000
  0.16924242     -2.90309000      2.50000000    2.23579941E-0006    3.40971526E-0036     11.17000000
  0.16954545     -2.90309000      2.50000000    2.35043130E-0006    3.58453510E-0036     11.19000000
  0.16984848     -2.86169730      2.50000000    2.71803459E-0006    4.14515003E-0036     11.21000000
  0.17015152     -2.82390874      2.50000000    3.11715408E-0006    4.75382888E-0036     11.23000000
  0.17045455     -2.82390874      2.50000000    3.27697399E-0006    4.99756290E-0036     11.25000000
  0.17075758     -2.75696194      2.50000000    4.01915280E-0006    6.12942580E-0036     11.27000000
  0.17106061     -2.75696194      2.50000000    4.22521917E-0006    6.44368818E-0036     11.29000000
  0.17136364     -2.72699874      2.50000000    4.75912559E-0006    7.25792441E-0036     11.31000000
  0.17166667     -3.05799193      2.50000000    2.33479467E-0006    3.56068839E-0036     11.33000000
  0.17196970     -2.75696194      2.50000000    4.90900431E-0006    7.48649758E-0036     11.35000000
  0.17227273     -2.62433640      2.50000000    7.00379903E-0006    1.06811730E-0035     11.37000000
  0.17257576     -2.47172621      2.50000000    1.04630569E-0005    1.59567288E-0035     11.39000000
  0.17287879     -2.47172621      2.50000000    1.09995093E-0005    1.67748478E-0035     11.41000000
  0.17318182     -2.44069200      2.50000000    1.24200186E-0005    1.89412014E-0035     11.43000000
  0.17348485     -2.33488826      2.50000000    1.66586849E-0005    2.54053972E-0035     11.45000000
  0.17378788     -2.31202537      2.50000000    1.84594316E-0005    2.81516335E-0035     11.47000000
  0.17409091     -2.14721513      2.50000000    2.83624203E-0005    4.32542279E-0035     11.49000000
  0.17439394     -2.31202537      2.50000000    2.04008270E-0005    3.11123667E-0035     11.51000000
  0.17469697     -2.24987746      2.50000000    2.47463079E-0005    3.77394605E-0035     11.53000000
  0.17500000     -2.10374943      2.50000000    3.64211087E-0005    5.55441643E-0035     11.55000000
  0.17530303     -2.21289392      2.50000000    2.97799112E-0005    4.54159783E-0035     11.57000000
  0.17560606     -2.09690999      2.50000000    4.08904649E-0005    6.23601747E-0035     11.59000000
  0.17590909     -2.11776015      2.50000000    4.09719485E-0005    6.24844415E-0035     11.61000000
  0.17621212     -2.04575751      2.50000000    5.08398171E-0005    7.75334760E-0035     11.63000000
  0.17651515     -1.97881071      2.50000000    6.23541705E-0005    9.50934888E-0035     11.65000000
  0.17681818     -1.89448982      2.50000000    7.95978090E-0005    1.21390972E-0034     11.67000000
  0.17712121     -1.92996215      2.50000000    7.71158257E-0005    1.17605813E-0034     11.69000000
  0.17742424     -1.82754302      2.50000000    1.02630719E-0004    1.56517407E-0034     11.71000000
  0.17772727     -1.86169730      2.50000000    9.97327525E-0005    1.52097852E-0034     11.73000000
  0.17803030     -1.81318486      2.50000000    1.17237074E-0004    1.78792890E-0034     11.75000000
  0.17833333     -1.82030462      2.50000000    1.21243911E-0004    1.84903535E-0034     11.77000000
  0.17863636     -1.70443288      2.50000000    1.66435667E-0004    2.53823411E-0034     11.79000000
  0.17893939     -1.68037353      2.50000000    1.84935582E-0004    2.82036784E-0034     11.81000000
  0.17924242     -1.65511672      2.50000000    2.06059201E-0004    3.14251448E-0034     11.83000000
  0.17954545     -1.65023694      2.50000000    2.19071817E-0004    3.34096392E-0034     11.85000000
  0.17984848     -1.63124837      2.50000000    2.40596781E-0004    3.66923128E-0034     11.87000000
  0.18015152     -1.55478511      2.50000000    3.01625315E-0004    4.59994949E-0034     11.89000000
  0.18045455     -1.51927462      2.50000000    3.44106600E-0004    5.24781212E-0034     11.91000000
  0.18075758     -1.47012070      2.50000000    4.05099447E-0004    6.17798608E-0034     11.93000000
  0.18106061     -1.43179827      2.50000000    4.65156189E-0004    7.09388394E-0034     11.95000000
  0.18136364     -1.44977163      2.50000000    4.69180729E-0004    7.15526035E-0034     11.97000000
  0.18166667     -1.36527089      2.50000000    5.99177683E-0004    9.13778434E-0034     11.99000000
  0.18196970     -1.40066288      2.50000000    5.80601782E-0004    8.85449179E-0034     12.01000000
  0.18227273     -1.36151076      2.50000000    6.67951940E-0004    1.01866290E-0033     12.03000000
  0.18257576     -1.32790216      2.50000000    7.58697299E-0004    1.15705449E-0033     12.05000000
  0.18287879     -1.30102999      2.50000000    8.48507001E-0004    1.29401915E-0033     12.07000000
  0.18318182     -1.21824463      2.50000000    1.07933315E-0003    1.64604154E-0033     12.09000000
  0.18348485     -1.24507858      2.50000000    1.06668525E-0003    1.62675281E-0033     12.11000000
  0.18378788     -1.22004295      2.50000000    1.18791847E-0003    1.81164004E-0033     12.13000000
  0.18409091     -1.17799545      2.50000000    1.37577960E-0003    2.09813843E-0033     12.15000000
  0.18439394     -1.13593414      2.50000000    1.59340033E-0003    2.43002184E-0033     12.17000000
  0.18469697     -1.16272729      2.50000000    1.57487640E-0003    2.40177185E-0033     12.19000000
  0.18500000     -1.09420412      2.50000000    1.93858284E-0003    2.95644388E-0033     12.21000000
  0.18530303     -1.05985719      2.50000000    2.20569785E-0003    3.36380874E-0033     12.23000000
  0.18560606     -1.07122020      2.50000000    2.25890380E-0003    3.44495070E-0033     12.25000000
  0.18590909     -1.01716365      2.50000000    2.68948427E-0003    4.10160925E-0033     12.27000000
  0.18621212     -0.99837446      2.50000000    2.95238458E-0003    4.50254646E-0033     12.29000000
  0.18651515     -0.97520658      2.50000000    3.27382554E-0003    4.99276135E-0033     12.31000000
  0.18681818     -0.95614672      2.50000000    3.59608635E-0003    5.48422654E-0033     12.33000000
  0.18712121     -0.93694825      2.50000000    3.95133005E-0003    6.02599244E-0033     12.35000000
  0.18742424     -0.90308999      2.50000000    4.49072327E-0003    6.84859632E-0033     12.37000000
  0.18772727     -0.89406423      2.50000000    4.82010802E-0003    7.35092592E-0033     12.39000000
  0.18803030     -0.89705201      2.50000000    5.03249928E-0003    7.67483410E-0033     12.41000000
  0.18833333     -0.83416236      2.50000000    6.11488222E-0003    9.32552673E-0033     12.43000000
  0.18863636     -0.81424542      2.50000000    6.73007264E-0003    1.02637255E-0032     12.45000000
  0.18893939     -0.82210292      2.50000000    6.94827464E-0003    1.05964953E-0032     12.47000000
  0.18924242     -0.78847899      2.50000000    7.89251903E-0003    1.20365192E-0032     12.49000000
  0.18954545     -0.75820456      2.50000000    8.89620514E-0003    1.35671949E-0032     12.51000000
  0.18984848     -0.75820456      2.50000000    9.35232334E-0003    1.42627999E-0032     12.53000000
  0.19015152     -0.74472748      2.50000000    1.01417131E-0002    1.54666620E-0032     12.55000000
  0.19045455     -0.71416152      2.50000000    1.14391039E-0002    1.74452534E-0032     12.57000000
  0.19075758     -0.69761495      2.50000000    1.24926134E-0002    1.90519124E-0032     12.59000000
  0.19106061     -0.69761495      2.50000000    1.31331234E-0002    2.00287248E-0032     12.61000000
  0.19136364     -0.68481713      2.50000000    1.42193767E-0002    2.16853200E-0032     12.63000000
  0.19166667     -0.65145177      2.50000000    1.61421227E-0002    2.46176117E-0032     12.65000000
  0.19196970     -0.64373505      2.50000000    1.72739672E-0002    2.63437359E-0032     12.67000000
  0.19227273     -0.63101619      2.50000000    1.86993142E-0002    2.85174674E-0032     12.69000000
  0.19257576     -0.61865926      2.50000000    2.02254096E-0002    3.08448456E-0032     12.71000000
  0.19287879     -0.59473906      2.50000000    2.24663365E-0002    3.42623805E-0032     12.73000000
  0.19318182     -0.58025073      2.50000000    2.44194180E-0002    3.72409356E-0032     12.75000000
  0.19348485     -0.56383735      2.50000000    2.66602006E-0002    4.06582505E-0032     12.77000000
  0.19378788     -0.54249659      2.50000000    2.94387182E-0002    4.48956404E-0032     12.79000000
  0.19409091     -0.53036205      2.50000000    3.18249814E-0002    4.85348211E-0032     12.81000000
  0.19439394     -0.49791443      2.50000000    3.60520947E-0002    5.49813980E-0032     12.83000000
  0.19469697     -0.49518943      2.50000000    3.81390812E-0002    5.81641655E-0032     12.85000000
  0.19500000     -0.48878531      2.50000000    4.06901299E-0002    6.20546530E-0032     12.87000000
  0.19530303     -0.49518943      2.50000000    4.21502034E-0002    6.42813442E-0032     12.89000000
  0.19560606     -0.46645035      2.50000000    4.73427501E-0002    7.22002593E-0032     12.91000000
  0.19590909     -0.46692734      2.50000000    4.97154321E-0002    7.58187278E-0032     12.93000000
  0.19621212     -0.46170910      2.50000000    5.28961641E-0002    8.06695165E-0032     12.95000000
  0.19651515     -0.43489042      2.50000000    5.91503864E-0002    9.02075445E-0032     12.97000000
  0.19681818     -0.42960303      2.50000000    6.29447766E-0002    9.59941951E-0032     12.99000000
  0.19712121     -0.43800470      2.50000000    6.49041923E-0002    9.89824102E-0032     13.01000000
  0.19742424     -0.39970792      2.50000000    7.45219580E-0002    1.13650024E-0031     13.03000000
  0.19772727     -0.39227696      2.50000000    7.96947912E-0002    1.21538875E-0031     13.05000000
  0.19803030     -0.39040559      2.50000000    8.41426215E-0002    1.28322057E-0031     13.07000000
  0.19833333     -0.40230482      2.50000000    8.60659826E-0002    1.31255287E-0031     13.09000000
  0.19863636     -0.40038982      2.50000000    9.08785208E-0002    1.38594669E-0031     13.11000000
  0.19893939     -0.36754272      2.50000000    1.03044088E-0001    1.57147817E-0031     13.13000000
  0.19924242     -0.37059040      2.50000000    1.07569740E-0001    1.64049682E-0031     13.15000000
  0.19954545     -0.36276051      2.50000000    1.15142256E-0001    1.75598180E-0031     13.17000000
  0.19984848     -0.35889789      2.50000000    1.22127111E-0001    1.86250462E-0031     13.19000000
  0.20015152     -0.34872197      2.50000000    1.31432485E-0001    2.00441662E-0031     13.21000000
  0.20045455     -0.34366220      2.50000000    1.39790359E-0001    2.13187872E-0031     13.23000000
  0.20075758     -0.34378198      2.50000000    1.46917038E-0001    2.24056444E-0031     13.25000000
  0.20106061     -0.33500567      2.50000000    1.57602534E-0001    2.40352404E-0031     13.27000000
  0.20136364     -0.32663347      2.50000000    1.68907963E-0001    2.57593796E-0031     13.29000000
  0.20166667     -0.33359904      2.50000000    1.74742794E-0001    2.66492230E-0031     13.31000000
  0.20196970     -0.32456538      2.50000000    1.87563211E-0001    2.86044060E-0031     13.33000000
  0.20227273     -0.32159544      2.50000000    1.98532825E-0001    3.02773316E-0031     13.35000000
  0.20257576     -0.31762927      2.50000000    2.10626600E-0001    3.21216978E-0031     13.37000000
  0.20287879     -0.30550447      2.50000000    2.27694603E-0001    3.47246607E-0031     13.39000000
  0.20318182     -0.31191403      2.50000000    2.35861958E-0001    3.59702266E-0031     13.41000000
  0.20348485     -0.29488496      2.50000000    2.57870520E-0001    3.93266516E-0031     13.43000000
  0.20378788     -0.29756946      2.50000000    2.69421299E-0001    4.10882079E-0031     13.45000000
  0.20409091     -0.29104825      2.50000000    2.87519865E-0001    4.38483375E-0031     13.47000000
  0.20439394     -0.29756946      2.50000000    2.97756584E-0001    4.54094925E-0031     13.49000000
  0.20469697     -0.30103000      2.50000000    3.10538577E-0001    4.73588157E-0031     13.51000000
  0.20500000     -0.28577504      2.50000000    3.38131194E-0001    5.15668392E-0031     13.53000000
  0.20530303     -0.28692968      2.50000000    3.54523742E-0001    5.40667917E-0031     13.55000000
  0.20560606     -0.29767717      2.50000000    3.63590521E-0001    5.54495246E-0031     13.57000000
  0.20590909     -0.29735410      2.50000000    3.82516654E-0001    5.83358625E-0031     13.59000000
  0.20621212     -0.30836603      2.50000000    3.92060549E-0001    5.97913581E-0031     13.61000000
  0.20651515     -0.28777132      2.50000000    4.32177921E-0001    6.59094747E-0031     13.63000000
  0.20681818     -0.30814526      2.50000000    4.33514238E-0001    6.61132704E-0031     13.65000000
  0.20712121     -0.30342522      2.50000000    4.60721130E-0001    7.02624688E-0031     13.67000000
  0.20742424     -0.29800054      2.50000000    4.90430569E-0001    7.47933193E-0031     13.69000000
  0.20772727     -0.30462779      2.50000000    5.07767628E-0001    7.74373146E-0031     13.71000000
  0.20803030     -0.30737338      2.50000000    5.30437406E-0001    8.08945786E-0031     13.73000000
  0.20833333     -0.30331604      2.50000000    5.62867541E-0001    8.58403501E-0031     13.75000000
  0.20863636     -0.30287968      2.50000000    5.92321219E-0001    9.03321955E-0031     13.77000000
  0.20893939     -0.30027065      2.50000000    6.26442254E-0001    9.55358382E-0031     13.79000000
  0.20924242     -0.30168193      2.50000000    6.56424050E-0001    1.00108225E-0030     13.81000000
  0.20954545     -0.31235957      2.50000000    6.73320080E-0001    1.02684961E-0030     13.83000000
  0.20984848     -0.31235957      2.50000000    7.07841939E-0001    1.07949731E-0030     13.85000000
  0.21015152     -0.32227901      2.50000000    7.27330124E-0001    1.10921785E-0030     13.87000000
  0.21045455     -0.32767119      2.50000000    7.55186340E-0001    1.15170009E-0030     13.89000000
  0.21075758     -0.33889754      2.50000000    7.73646378E-0001    1.17985265E-0030     13.91000000
  0.21106061     -0.34258557      2.50000000    8.06434663E-0001    1.22985656E-0030     13.93000000
  0.21136364     -0.33231363      2.50000000    8.68072208E-0001    1.32385716E-0030     13.95000000
  0.21166667     -0.33149759      2.50000000    9.14295569E-0001    1.39435029E-0030     13.97000000
  0.21196970     -0.35494635      2.50000000    9.10652285E-0001    1.38879408E-0030     13.99000000
  0.21227273     -0.34993545      2.50000000    9.68452229E-0001    1.47694213E-0030     14.01000000
  0.21257576     -0.35445493      2.50000000    1.00756587E+0000    1.53659254E-0030     14.03000000
  0.21287879     -0.35127417      2.50000000    1.06701110E+0000    1.62724974E-0030     14.05000000
  0.21318182     -0.37481621      2.50000000    1.06253102E+0000    1.62041738E-0030     14.07000000
  0.21348485     -0.37289028      2.50000000    1.12197267E+0000    1.71106911E-0030     14.09000000
  0.21378788     -0.38615816      2.50000000    1.14400814E+0000    1.74467440E-0030     14.11000000
  0.21409091     -0.38734856      2.50000000    1.19937070E+0000    1.82910531E-0030     14.13000000
  0.21439394     -0.39429102      2.50000000    1.24086834E+0000    1.89239145E-0030     14.15000000
  0.21469697     -0.40574562      2.50000000    1.27053264E+0000    1.93763113E-0030     14.17000000
  0.21500000     -0.41581016      2.50000000    1.30507664E+0000    1.99031260E-0030     14.19000000
  0.21530303     -0.43121179      2.50000000    1.32418635E+0000    2.01945594E-0030     14.21000000
  0.21560606     -0.42916530      2.50000000    1.39865408E+0000    2.13302326E-0030     14.23000000
  0.21590909     -0.43400470      2.50000000    1.45407112E+0000    2.21753724E-0030     14.25000000
  0.21621212     -0.45084342      2.50000000    1.47048855E+0000    2.24257473E-0030     14.27000000
  0.21651515     -0.45345734      2.50000000    1.53660575E+0000    2.34340704E-0030     14.29000000
  0.21681818     -0.46061022      2.50000000    1.58900146E+0000    2.42331333E-0030     14.31000000
  0.21712121     -0.47060173      2.50000000    1.63247866E+0000    2.48961842E-0030     14.33000000
  0.21742424     -0.47366073      2.50000000    1.70413202E+0000    2.59889368E-0030     14.35000000
  0.21772727     -0.48912000      2.50000000    1.72885548E+0000    2.63659829E-0030     14.37000000
  0.21803030     -0.50168945      2.50000000    1.76564734E+0000    2.69270787E-0030     14.39000000
  0.21833333     -0.51039303      2.50000000    1.81934520E+0000    2.77460002E-0030     14.41000000
  0.21863636     -0.51410122      2.50000000    1.89636373E+0000    2.89205744E-0030     14.43000000
  0.21893939     -0.53036205      2.50000000    1.92032853E+0000    2.92860507E-0030     14.45000000
  0.21924242     -0.52360319      2.50000000    2.05044970E+0000    3.12704690E-0030     14.47000000
  0.21954545     -0.56066730      2.50000000    1.97924583E+0000    3.01845713E-0030     14.49000000
  0.21984848     -0.58169872      2.50000000    1.98236235E+0000    3.02321000E-0030     14.51000000
  0.22015152     -0.56883736      2.50000000    2.14663953E+0000    3.27374160E-0030     14.53000000
  0.22045455     -0.57860174      2.50000000    2.20652812E+0000    3.36507494E-0030     14.55000000
  0.22075758     -0.59388578      2.50000000    2.23944369E+0000    3.41527297E-0030     14.57000000
  0.22106061     -0.60032630      2.50000000    2.31960670E+0000    3.53752591E-0030     14.59000000
  0.22136364     -0.60336484      2.50000000    2.42153381E+0000    3.69297027E-0030     14.61000000
  0.22166667     -0.63311031      2.50000000    2.37716753E+0000    3.62530930E-0030     14.63000000
  0.22196970     -0.65072248      2.50000000    2.39972984E+0000    3.65971804E-0030     14.65000000
  0.22227273     -0.65782416      2.50000000    2.48184920E+0000    3.78495452E-0030     14.67000000
  0.22257576     -0.67085646      2.50000000    2.53196568E+0000    3.86138486E-0030     14.69000000
  0.22287879     -0.68560605      2.50000000    2.57290026E+0000    3.92381231E-0030     14.71000000
  0.22318182     -0.69788563      2.50000000    2.62940869E+0000    4.00999072E-0030     14.73000000
  0.22348485     -0.71135961      2.50000000    2.67977814E+0000    4.08680687E-0030     14.75000000
  0.22378788     -0.72353821      2.50000000    2.73927079E+0000    4.17753638E-0030     14.77000000
  0.22409091     -0.72613100      2.50000000    2.86257514E+0000    4.36558221E-0030     14.79000000
  0.22439394     -0.73754891      2.50000000    2.93125571E+0000    4.47032379E-0030     14.81000000
  0.22469697     -0.76321090      2.50000000    2.90473449E+0000    4.42987750E-0030     14.83000000
  0.22500000     -0.79250029      2.50000000    2.85451138E+0000    4.35328453E-0030     14.85000000
  0.22530303     -0.78948083      2.50000000    3.02180172E+0000    4.60841137E-0030     14.87000000
  0.22560606     -0.80099947      2.50000000    3.09358498E+0000    4.71788472E-0030     14.89000000
  0.22590909     -0.81177484      2.50000000    3.17249833E+0000    4.83823186E-0030     14.91000000
  0.22621212     -0.84809413      2.50000000    3.06758663E+0000    4.67823583E-0030     14.93000000
  0.22651515     -0.85542577      2.50000000    3.17088081E+0000    4.83576506E-0030     14.95000000
  0.22681818     -0.88647443      2.50000000    3.10345883E+0000    4.73294287E-0030     14.97000000
  0.22712121     -0.89705201      2.50000000    3.18407383E+0000    4.85588513E-0030     14.99000000
  0.22742424     -0.92582377      2.50000000    3.13275251E+0000    4.77761733E-0030     15.01000000
  0.22772727     -0.93977446      2.50000000    3.18926145E+0000    4.86379653E-0030     15.03000000
  0.22803030     -0.91766351      2.50000000    3.52789621E+0000    5.38023289E-0030     15.05000000
  0.22833333     -0.97777789      2.50000000    3.22935762E+0000    4.92494536E-0030     15.07000000
  0.22863636     -0.94309515      2.50000000    3.67716916E+0000    5.60788222E-0030     15.09000000
  0.22893939     -0.99514146      2.50000000    3.42911480E+0000    5.22958588E-0030     15.11000000
  0.22924242     -1.01434903      2.50000000    3.44896807E+0000    5.25986319E-0030     15.13000000
  0.22954545     -1.02629500      2.50000000    3.52742616E+0000    5.37951603E-0030     15.15000000
  0.22984848     -1.03562251      2.50000000    3.62948619E+0000    5.53516311E-0030     15.17000000
  0.23015152     -1.05613466      2.50000000    3.63955026E+0000    5.55051137E-0030     15.19000000
  0.23045455     -1.06930562      2.50000000    3.71185906E+0000    5.66078620E-0030     15.21000000
  0.23075758     -1.10790539      2.50000000    3.57031420E+0000    5.44492263E-0030     15.23000000
  0.23106061     -1.12205307      2.50000000    3.63306763E+0000    5.54062499E-0030     15.25000000
  0.23136364     -1.15104154      2.50000000    3.57272619E+0000    5.44860103E-0030     15.27000000
  0.23166667     -1.15181087      2.50000000    3.74925624E+0000    5.71781893E-0030     15.29000000
  0.23196970     -1.14721514      2.50000000    3.98341529E+0000    6.07492416E-0030     15.31000000
  0.23227273     -1.22184876      2.50000000    3.52644153E+0000    5.37801442E-0030     15.33000000
  0.23257576     -1.22275447      2.50000000    3.69952272E+0000    5.64197262E-0030     15.35000000
  0.23287879     -1.21824463      2.50000000    3.92979836E+0000    5.99315544E-0030     15.37000000
  0.23318182     -1.21645372      2.50000000    4.14835488E+0000    6.32646598E-0030     15.39000000
  0.23348485     -1.22639638      2.50000000    4.26233873E+0000    6.50029752E-0030     15.41000000
  0.23378788     -1.27777755      2.50000000    3.98090232E+0000    6.07109175E-0030     15.43000000
  0.23409091     -1.29242983      2.50000000    4.04616845E+0000    6.17062613E-0030     15.45000000
  0.23439394     -1.32102662      2.50000000    3.98255599E+0000    6.07361369E-0030     15.47000000
  0.23469697     -1.32905872      2.50000000    4.11002553E+0000    6.26801165E-0030     15.49000000
  0.23500000     -1.34558278      2.50000000    4.15944303E+0000    6.34337600E-0030     15.51000000
  0.23530303     -1.35531530      2.50000000    4.27580005E+0000    6.52082676E-0030     15.53000000
  0.23560606     -1.41032961      2.50000000    3.96020620E+0000    6.03952904E-0030     15.55000000
  0.23590909     -1.41879014      2.50000000    4.08293060E+0000    6.22669041E-0030     15.57000000
  0.23621212     -1.42308306      2.50000000    4.25004762E+0000    6.48155291E-0030     15.59000000
  0.23651515     -1.43919699      2.50000000    4.30521256E+0000    6.56568244E-0030     15.61000000
  0.23681818     -1.50863831      2.50000000    3.85716302E+0000    5.88238262E-0030     15.63000000
  0.23712121     -1.50514998      2.50000000    4.08762507E+0000    6.23384972E-0030     15.65000000
  0.23742424     -1.52651302      2.50000000    4.09093648E+0000    6.23889981E-0030     15.67000000
  0.23772727     -1.54136214      2.50000000    4.15612248E+0000    6.33831198E-0030     15.69000000
  0.23803030     -1.55478511      2.50000000    4.23623545E+0000    6.46048861E-0030     15.71000000
  0.23833333     -1.53017798      2.50000000    4.71304891E+0000    7.18765498E-0030     15.73000000
  0.23863636     -1.66504390      2.50000000    3.63204107E+0000    5.53905944E-0030     15.75000000
  0.23893939     -1.65757732      2.50000000    3.88447254E+0000    5.92403110E-0030     15.77000000
  0.23924242     -1.73282827      2.50000000    3.43396477E+0000    5.23698234E-0030     15.79000000
  0.23954545     -1.68037353      2.50000000    4.07347728E+0000    6.21227357E-0030     15.81000000
  0.23984848     -1.72699871      2.50000000    3.84640347E+0000    5.86597372E-0030     15.83000000
  0.24015152     -1.75387087      2.50000000    3.80099595E+0000    5.79672479E-0030     15.85000000
  0.24045455     -1.68298192      2.50000000    4.70436577E+0000    7.17441272E-0030     15.87000000
  0.24075758     -1.78581870      2.50000000    3.90282448E+0000    5.95201882E-0030     15.89000000
  0.24106061     -1.85387195      2.50000000    3.50784580E+0000    5.34965493E-0030     15.91000000
  0.24136364     -1.83490413      2.50000000    3.85232607E+0000    5.87500600E-0030     15.93000000
  0.24166667     -1.90745479      2.50000000    3.42678691E+0000    5.22603572E-0030     15.95000000
  0.24196970     -1.79250030      2.50000000    4.69414303E+0000    7.15882248E-0030     15.97000000
  0.24227273     -1.88190070      2.50000000    4.01671151E+0000    6.12570270E-0030     15.99000000
  0.24257576     -1.88190070      2.50000000    4.22265271E+0000    6.43977419E-0030     16.01000000
  0.24287879     -1.86169730      2.50000000    4.65054109E+0000    7.09232716E-0030     16.03000000
  0.24318182     -1.92081875      2.50000000    4.26674574E+0000    6.50701846E-0030     16.05000000
  0.24348485     -1.93460703      2.50000000    4.34533446E+0000    6.62687052E-0030     16.07000000
  0.24378788     -1.95860732      2.50000000    4.32252631E+0000    6.59208684E-0030     16.09000000
  0.24409091     -2.03976713      2.50000000    3.76957643E+0000    5.74880831E-0030     16.11000000
  0.24439394     -2.09017665      2.50000000    3.52856209E+0000    5.38124839E-0030     16.13000000
  0.24469697     -2.23099214      2.50000000    2.68223602E+0000    4.09055527E-0030     16.15000000
  0.24500000     -2.09690999      2.50000000    3.83966970E+0000    5.85570435E-0030     16.17000000
  0.24530303     -2.17881412      2.50000000    3.34275433E+0000    5.09788149E-0030     16.19000000
  0.24560606     -2.13223797      2.50000000    3.91196836E+0000    5.96596373E-0030     16.21000000
  0.24590909     -2.22184875      2.50000000    3.34579467E+0000    5.10251817E-0030     16.23000000
  0.24621212     -2.20411998      2.50000000    3.66389297E+0000    5.58763532E-0030     16.25000000
  0.24651515     -2.21289392      2.50000000    3.77470973E+0000    5.75663688E-0030     16.27000000
  0.24681818     -2.30103001      2.50000000    3.23938225E+0000    4.94023346E-0030     16.29000000
  0.24712121     -2.34678750      2.50000000    3.06492197E+0000    4.67417208E-0030     16.31000000
  0.24742424     -2.22184875      2.50000000    4.29608540E+0000    6.55176302E-0030     16.33000000
  0.24772727     -2.30103001      2.50000000    3.76362522E+0000    5.73973240E-0030     16.35000000
  0.24803030     -2.33488826      2.50000000    3.65984626E+0000    5.58146386E-0030     16.37000000
  0.24833333     -2.30103001      2.50000000    4.15944914E+0000    6.34338532E-0030     16.39000000
  0.24863636     -2.39793999      2.50000000    3.49816717E+0000    5.33489449E-0030     16.41000000
  0.24893939     -2.38457605      2.50000000    3.79244440E+0000    5.78368321E-0030     16.43000000
  0.24924242     -2.47172621      2.50000000    3.26199871E+0000    4.97472478E-0030     16.45000000
  0.24954545     -2.38457605      2.50000000    4.19129926E+0000    6.39195848E-0030     16.47000000
  0.24984848     -2.48811663      2.50000000    3.47154512E+0000    5.29429442E-0030     16.49000000
  0.25015152     -2.52287874      2.50000000    3.36880154E+0000    5.13760489E-0030     16.51000000
  0.25045455     -2.72699874      2.50000000    2.21345224E+0000    3.37563460E-0030     16.53000000
  0.25075758     -2.45593194      2.50000000    4.34361850E+0000    6.62425358E-0030     16.55000000
  0.25106061     -2.56066731      2.50000000    3.58782318E+0000    5.47162477E-0030     16.57000000
  0.25136364     -2.62433640      2.50000000    3.25744180E+0000    4.96777525E-0030     16.59000000
  0.25166667     -2.69896998      2.50000000    2.88375131E+0000    4.39787701E-0030     16.61000000
  0.25196970     -2.72699874      2.50000000    2.84212893E+0000    4.33440062E-0030     16.63000000
  0.25227273     -2.82390874      2.50000000    2.39027847E+0000    3.64530419E-0030     16.65000000
  0.25257576     -2.58087070      2.50000000    4.39745357E+0000    6.70635498E-0030     16.67000000
  0.25287879     -2.78914663      2.50000000    2.86180514E+0000    4.36440791E-0030     16.69000000
  0.25318182     -2.64781750      2.50000000    4.16566085E+0000    6.35285852E-0030     16.71000000
  0.25348485     -2.99999998      2.50000000    1.94632855E+0000    2.96825651E-0030     16.73000000
  0.25378788     -2.94884750      2.50000000    2.30188361E+0000    3.51049724E-0030     16.75000000
  0.25409091     -2.78914663      2.50000000    3.49541669E+0000    5.33069986E-0030     16.77000000
  0.25439394     -3.05799193      2.50000000    1.97864723E+0000    3.01754425E-0030     16.79000000
  0.25469697     -2.90309000      2.50000000    2.97156362E+0000    4.53179554E-0030     16.81000000
  0.25500000     -3.05799193      2.50000000    2.18674338E+0000    3.33490214E-0030     16.83000000
  0.25530303     -3.05799193      2.50000000    2.29886011E+0000    3.50588623E-0030     16.85000000
  0.25560606     -3.05799193      2.50000000    2.41672519E+0000    3.68563686E-0030     16.87000000
  0.25590909     -3.20411999      2.50000000    1.81473800E+0000    2.76757379E-0030     16.89000000
  0.25621212     -2.94884750      2.50000000    3.43400682E+0000    5.23704648E-0030     16.91000000
  0.25651515     -2.94884750      2.50000000    3.61007212E+0000    5.50555560E-0030     16.93000000
  0.25681818     -3.60205997      2.50000000    8.43369960E-0001    1.28618489E-0030     16.95000000
  0.25712121     -3.20411999      2.50000000    2.21652600E+0000    3.38032226E-0030     16.97000000
  0.25742424     -3.05799193      2.50000000    3.26223778E+0000    4.97508938E-0030     16.99000000
  0.25772727     -3.30102998      2.50000000    1.95971220E+0000    2.98866729E-0030     17.01000000
  0.25803030     -3.05799193      2.50000000    3.60533032E+0000    5.49832410E-0030     17.03000000
  0.25833333     -3.12493873      2.50000000    3.24872527E+0000    4.95448207E-0030     17.05000000
  0.25863636     -3.12493873      2.50000000    3.41529097E+0000    5.20850379E-0030     17.07000000
  0.25893939     -3.42596873      2.50000000    1.79519834E+0000    2.73777475E-0030     17.09000000
  0.25924242     -3.90308997      2.50000000    6.29080067E-0001    9.59381191E-0031     17.11000000
  0.25954545     -3.60205997      2.50000000    1.32266738E+0000    2.01713943E-0030     17.13000000
  0.25984848     -3.60205997      2.50000000    1.39048199E+0000    2.12056038E-0030     17.15000000
  0.26015152     -3.05799193      2.50000000    5.11620726E+0000    7.80249330E-0030     17.17000000
  0.26045455     -3.30102998      2.50000000    3.07344052E+0000    4.68716333E-0030     17.19000000
  0.26075758     -3.60205997      2.50000000    1.61550959E+0000    2.46373967E-0030     17.21000000
  0.26106061     -3.90308997      2.50000000    8.49169270E-0001    1.29502915E-0030     17.23000000
  0.26136364     -3.60205997      2.50000000    1.78541422E+0000    2.72285343E-0030     17.25000000
  0.26166667     -3.42596873      2.50000000    2.81543144E+0000    4.29368550E-0030     17.27000000
  0.26196970     -3.60205997      2.50000000    1.97318787E+0000    3.00921842E-0030     17.29000000
  0.26227273     -3.90308997      2.50000000    1.03717769E+0000    1.58175218E-0030     17.31000000
  0.26257576     -3.60205997      2.50000000    2.18070985E+0000    3.32570069E-0030     17.33000000
  0.26287879     -3.90308997      2.50000000    1.14625862E+0000    1.74810650E-0030     17.35000000
  0.26318182     -3.90308997      2.50000000    1.20502855E+0000    1.83773384E-0030     17.37000000
  0.26348485     -3.90308997      2.50000000    1.26681169E+0000    1.93195647E-0030     17.39000000
  0.26378788     -3.90308997      2.50000000    1.33176251E+0000    2.03101000E-0030     17.41000000
  0.26439394     -3.42596873      2.50000000    4.41547543E+0000    6.73383929E-0030     17.45000000
  0.26469697     -3.90308997      2.50000000    1.54728729E+0000    2.35969696E-0030     17.47000000
  0.26530303     -3.42596873      2.50000000    5.13005055E+0000    7.82360507E-0030     17.51000000
  0.26560606     -3.90308997      2.50000000    1.79769136E+0000    2.74157673E-0030     17.53000000
  0.26621212     -3.90308997      2.50000000    1.98675621E+0000    3.02991087E-0030     17.57000000
  0.26651515     -3.42596873      2.50000000    6.26585789E+0000    9.55577281E-0030     17.59000000
  0.26681818     -3.90308997      2.50000000    2.19570518E+0000    3.34856938E-0030     17.61000000
  0.26742424     -3.90308997      2.50000000    2.42662951E+0000    3.70074150E-0030     17.65000000
  0.26863636     -3.90308997      2.50000000    2.96389198E+0000    4.52009587E-0030     17.73000000
  0.26893939     -3.60205997      2.50000000    6.23170794E+0000    9.50369229E-0030     17.75000000
  0.27075758     -3.90308997      2.50000000    4.20596293E+0000    6.41432137E-0030     17.87000000
  0.27378788     -3.60205997      2.50000000    1.38689211E+0001    2.11508562E-0029     18.07000000
  0.27590909     -3.90308997      2.50000000    9.84046792E+0000    1.50072468E-0029     18.21000000
