285.35 0.97723722
282.95 1.2302688
280.95 1.5135612
278.25 2.0892961
275.45 3.0199517
272.25 4.6773514
270.15 5.6234133
268.45 8.7096359
265.55 12.882496
262.65 21.379621
260.55 31.622777
259.35 37.153523
258.45 51.286138
258.05 50.118723
256.25 75.857758
256.25 87.096359
253.95 162.18101
251.85 323.59366
250.85 407.38028
249.25 645.65423
247.35 1288.2496
244.75 3388.4416
243.35 5011.8723
242.95 8511.3804
241.35 15135.612
240.75 18197.009
239.55 30902.954
238.15 57543.994
237.45 112201.85
236.65 162181.01
234.95 354813.39
233.25 1202264.4
231.25 2951209.2
229.45 12302688
228.05 30199517
225.85 1.8620871e+08
223.55 5.6234133e+08
223.05 9.5499259e+08
221.45 2.6915348e+09
220.55 6.7608298e+09
219.45 9.5499259e+09
217.95 2.0892961e+10
217.25 2.8840315e+10
216.55 5.2480746e+10
215.45 1.5135612e+11
214.05 5.8884366e+11
213.05 6.6069345e+11
211.05 2.5118864e+12
210.85 4.8977882e+12
209.35 2.0417379e+13
207.95 4.7863009e+13
