267.15 323593.66
264.75 1000000
262.25 3235936.6
260.35 8511380.4
258.35 26915348
250.95 2.630268e+09
249.15 7.0794578e+09
248.55 1.023293e+10
248.15 1.7782794e+10
247.35 2.9512092e+10
246.75 3.8904514e+10
246.25 6.3095734e+10
245.55 7.5857758e+10
244.95 1.0964782e+11
244.65 1.5848932e+11
244.25 1.9054607e+11
244.05 3.0199517e+11
243.55 3.4673685e+11
243.05 6.9183097e+11
242.65 6.4565423e+11
242.05 1.5135612e+12
241.75 1.6595869e+12
241.55 2.2387211e+12
241.15 2.6915348e+12
240.05 7.5857758e+12
239.45 1.4125375e+13
