0.200000 1.66173216E+0000
0.199000 1.66049456E+0000
0.198000 1.65924202E+0000
0.197000 1.65797428E+0000
0.196000 1.65669107E+0000
0.195000 1.65539208E+0000
0.194000 1.65407705E+0000
0.193000 1.65274567E+0000
0.192000 1.65139766E+0000
0.191000 1.65003270E+0000
0.190000 1.64865049E+0000
0.189000 1.64725070E+0000
0.188000 1.64583303E+0000
0.187000 1.64439710E+0000
0.186000 1.64294259E+0000
0.185000 1.64146916E+0000
0.184000 1.63997643E+0000
0.183000 1.63846406E+0000
0.182000 1.63693166E+0000
0.181000 1.63537888E+0000
0.180000 1.63380529E+0000
0.179000 1.63221049E+0000
0.178000 1.63059410E+0000
0.177000 1.62895569E+0000
0.176000 1.62729483E+0000
0.175000 1.62561110E+0000
0.174000 1.62390405E+0000
0.173000 1.62217324E+0000
0.172000 1.62041817E+0000
0.171000 1.61863840E+0000
0.170000 1.61683342E+0000
0.169000 1.61500277E+0000
0.168000 1.61314592E+0000
0.167000 1.61126237E+0000
0.166000 1.60935162E+0000
0.165000 1.60741308E+0000
0.164000 1.60544623E+0000
0.163000 1.60345053E+0000
0.162000 1.60142539E+0000
0.161000 1.59937025E+0000
0.160000 1.59728452E+0000
0.159000 1.59516759E+0000
0.158000 1.59301889E+0000
0.157000 1.59083773E+0000
0.156000 1.58862352E+0000
0.155000 1.58637560E+0000
0.154000 1.58409332E+0000
0.153000 1.58177601E+0000
0.152000 1.57942300E+0000
0.151000 1.57703363E+0000
0.150000 1.57460714E+0000
0.149000 1.57214284E+0000
0.148000 1.56964001E+0000
0.147000 1.56709791E+0000
0.146000 1.56451582E+0000
0.145000 1.56189296E+0000
0.144000 1.55922857E+0000
0.143000 1.55652192E+0000
0.142000 1.55377214E+0000
0.141000 1.55097848E+0000
0.140000 1.54814012E+0000
0.139000 1.54525624E+0000
0.138000 1.54232603E+0000
0.137000 1.53934865E+0000
0.136000 1.53632328E+0000
0.135000 1.53324900E+0000
0.134000 1.53012498E+0000
0.133000 1.52695035E+0000
0.132000 1.52372423E+0000
0.131000 1.52044572E+0000
0.130000 1.51711393E+0000
0.129000 1.51372796E+0000
0.128000 1.51028693E+0000
0.127000 1.50678982E+0000
0.126000 1.50323576E+0000
0.125000 1.49962380E+0000
0.124000 1.49595300E+0000
0.123000 1.49222239E+0000
0.122000 1.48843104E+0000
0.121000 1.48457792E+0000
0.120000 1.48066208E+0000
0.119000 1.47668254E+0000
0.118000 1.47263825E+0000
0.117000 1.46852822E+0000
0.116000 1.46435141E+0000
0.115000 1.46010682E+0000
0.114000 1.45579334E+0000
0.113000 1.45140991E+0000
0.112000 1.44695546E+0000
0.111000 1.44242891E+0000
0.110000 1.43782907E+0000
0.109000 1.43315482E+0000
0.108000 1.42840501E+0000
0.107000 1.42357846E+0000
0.106000 1.41867389E+0000
0.105000 1.41369008E+0000
0.104000 1.40862579E+0000
0.103000 1.40347964E+0000
0.102000 1.39825030E+0000
0.101000 1.39293640E+0000
0.100000 1.38753655E+0000
0.099000 1.38204919E+0000
0.098000 1.37647286E+0000
0.097000 1.37080599E+0000
0.096000 1.36504703E+0000
0.095000 1.35919423E+0000
0.094000 1.35324594E+0000
0.093000 1.34720038E+0000
0.092000 1.34105581E+0000
0.091000 1.33481027E+0000
0.090000 1.32846189E+0000
0.089000 1.32200870E+0000
0.088000 1.31544873E+0000
0.087000 1.30877983E+0000
0.086000 1.30199992E+0000
0.085000 1.29510689E+0000
0.084000 1.28809842E+0000
0.083000 1.28097232E+0000
0.082000 1.27372629E+0000
0.081000 1.26635804E+0000
0.080000 1.25886509E+0000
0.079000 1.25124506E+0000
0.078000 1.24349549E+0000
0.077000 1.23561393E+0000
0.076000 1.22759770E+0000
0.075000 1.21944423E+0000
0.074000 1.21115085E+0000
0.073000 1.20271484E+0000
0.072000 1.19413323E+0000
0.071000 1.18540311E+0000
0.070000 1.17652144E+0000
0.069000 1.16748484E+0000
0.068000 1.15828995E+0000
0.067000 1.14893314E+0000
0.066000 1.13941062E+0000
0.065000 1.12971813E+0000
0.064000 1.11985134E+0000
0.063000 1.10980553E+0000
0.062000 1.09957571E+0000
0.061000 1.08915643E+0000
0.060000 1.07854189E+0000
0.059000 1.06772599E+0000
0.058000 1.05670208E+0000
0.057000 1.04546322E+0000
0.056000 1.03400186E+0000
0.055000 1.02231012E+0000
0.054000 1.01037947E+0000
0.053000 9.98200794E-0001
0.052000 9.85764468E-0001
0.051000 9.73059976E-0001
0.050000 9.60076203E-0001
0.049000 9.46800986E-0001
0.048000 9.33221433E-0001
0.047000 9.19323488E-0001
0.046000 9.05092322E-0001
0.045000 8.90511946E-0001
0.044000 8.75565713E-0001
0.043000 8.60236005E-0001
0.042000 8.44504843E-0001
0.041000 8.28353611E-0001
0.040000 8.11763710E-0001
0.039000 7.94716266E-0001
0.038000 7.77192336E-0001
0.037000 7.59172967E-0001
0.036000 7.40638359E-0001
0.035000 7.21567723E-0001
0.034000 7.01937705E-0001
0.033000 6.81721605E-0001
0.032000 6.60887205E-0001
0.031000 6.39395701E-0001
0.030000 6.17199571E-0001
0.029000 5.94241645E-0001
0.028000 5.70453634E-0001
0.027000 5.45754578E-0001
0.026000 5.20048555E-0001
0.025000 4.93222159E-0001
0.024000 4.65144489E-0001
0.023000 4.35676235E-0001
0.022000 4.04698429E-0001
0.021000 3.72171229E-0001
0.020000 3.38221432E-0001
0.019000 3.03230138E-0001
0.018000 2.67863443E-0001
0.017000 2.33000128E-0001
0.016000 1.99583466E-0001
0.015000 1.68490046E-0001
0.014000 1.40465847E-0001
0.013000 1.16070956E-0001
0.012000 9.55818955E-0002
0.011000 7.89125036E-0002
0.010000 6.56456459E-0002
0.009000 5.51608337E-0002
0.008000 4.67611103E-0002
0.007000 3.97308974E-0002
0.006000 3.33267024E-0002
0.005000 2.67497731E-0002
0.004000 1.92213655E-0002
0.003000 1.05417009E-0002
0.002000 2.75556947E-0003
0.001000 3.51718053E-0005
