7.05000000 9.11237507E-0044
7.07000000 3.77296772E-0043
7.09000000 9.68559487E-0043
7.11000000 5.41020382E-0042
7.13000000 1.97616305E-0041
7.15000000 7.07219095E-0041
7.17000000 2.52153313E-0040
7.19000000 8.67892830E-0040
7.21000000 2.89842381E-0039
7.23000000 9.03590078E-0039
7.25000000 2.81395290E-0038
7.27000000 7.96995825E-0038
7.29000000 2.30498370E-0037
7.31000000 6.52356135E-0037
7.33000000 1.85513678E-0036
7.35000000 5.06042099E-0036
7.37000000 1.36622516E-0035
7.39000000 3.63456218E-0035
  7.41000000    9.41585690E-0035
  7.43000000    2.37078976E-0034
  7.45000000    5.99974644E-0034
  7.47000000    1.47642861E-0033
  7.49000000    3.54787081E-0033
  7.51000000    8.41364557E-0033
  7.53000000    1.95802243E-0032
  7.55000000    4.49080988E-0032
  7.57000000    1.00919777E-0031
  7.59000000    2.25463718E-0031
  7.61000000    4.93612109E-0031
  7.63000000    1.06830048E-0030
  7.65000000    2.26846877E-0030
  7.67000000    4.78952796E-0030
  7.69000000    9.91090129E-0030
  7.71000000    2.03084507E-0029
  7.73000000    4.14322500E-0029
  7.75000000    8.30186022E-0029
  7.77000000    1.66244602E-0028
  7.79000000    3.24105385E-0028
  7.81000000    6.30487970E-0028
  7.83000000    1.21810821E-0027
  7.85000000    2.31154739E-0027
  7.87000000    4.39868492E-0027
  7.89000000    8.22355754E-0027
  7.91000000    1.53065104E-0026
  7.93000000    2.81217375E-0026
  7.95000000    5.10478514E-0026
  7.97000000    9.23657656E-0026
  7.99000000    1.65513261E-0025
  8.01000000    2.91050184E-0025
  8.03000000    5.15799650E-0025
  8.05000000    9.01566018E-0025
  8.07000000    1.57334643E-0024
  8.09000000    2.72622998E-0024
  8.11000000    4.67701671E-0024
  8.13000000    8.02362106E-0024
  8.15000000    1.36346757E-0023
  8.17000000    2.30336161E-0023
  8.19000000    3.86311107E-0023
  8.21000000    6.37518777E-0023
  8.23000000    1.05521898E-0022
  8.25000000    1.73544305E-0022
  8.27000000    2.82533683E-0022
  8.29000000    4.62896149E-0022
  8.31000000    7.45101523E-0022
  8.33000000    1.20786296E-0021
  8.35000000    1.93062765E-0021
  8.37000000    3.08577959E-0021
  8.39000000    4.85894549E-0021
  8.41000000    7.63290955E-0021
  8.43000000    1.20636256E-0020
  8.45000000    1.88352438E-0020
  8.47000000    2.92389283E-0020
  8.49000000    4.51714139E-0020
  8.51000000    6.98841363E-0020
  8.53000000    1.06834814E-0019
  8.55000000    1.62966992E-0019
  8.57000000    2.48553374E-0019
  8.59000000    3.77534234E-0019
  8.61000000    5.65913308E-0019
  8.63000000    8.54432119E-0019
  8.65000000    1.27655031E-0018
  8.67000000    1.89835809E-0018
  8.69000000    2.82299520E-0018
  8.71000000    4.13199433E-0018
  8.73000000    6.11974670E-0018
  8.75000000    8.93730733E-0018
  8.77000000    1.31656667E-0017
  8.79000000    1.92273768E-0017
  8.81000000    2.75725485E-0017
  8.83000000    4.01310023E-0017
  8.85000000    5.73753545E-0017
  8.87000000    8.29328858E-0017
  8.89000000    1.18018425E-0016
  8.91000000    1.70521396E-0016
  8.93000000    2.38735944E-0016
  8.95000000    3.38819443E-0016
  8.97000000    4.82498930E-0016
  8.99000000    6.80727130E-0016
  9.01000000    9.53602933E-0016
  9.03000000    1.33313545E-0015
  9.05000000    1.85025619E-0015
  9.07000000    2.60510015E-0015
  9.09000000    3.61865185E-0015
  9.11000000    5.01040510E-0015
  9.13000000    6.95225979E-0015
  9.15000000    9.55232215E-0015
  9.17000000    1.32038004E-0014
  9.19000000    1.78776222E-0014
  9.21000000    2.45083093E-0014
  9.23000000    3.32319111E-0014
  9.25000000    4.58846282E-0014
  9.27000000    6.15359819E-0014
  9.29000000    8.20701941E-0014
  9.31000000    1.12241563E-0013
  9.33000000    1.49845840E-0013
  9.35000000    2.03236852E-0013
  9.37000000    2.71818274E-0013
  9.39000000    3.66427753E-0013
  9.41000000    4.91330961E-0013
  9.43000000    6.40583354E-0013
  9.45000000    8.63613835E-0013
  9.47000000    1.13804010E-0012
  9.49000000    1.50227958E-0012
  9.51000000    2.00545678E-0012
  9.53000000    2.60970196E-0012
  9.55000000    3.42867129E-0012
  9.57000000    4.52162340E-0012
  9.59000000    5.90210044E-0012
  9.61000000    7.73026962E-0012
  9.63000000    1.00611787E-0011
  9.65000000    1.30039351E-0011
  9.67000000    1.69342894E-0011
  9.69000000    2.17081977E-0011
  9.71000000    2.86195874E-0011
  9.73000000    3.67796968E-0011
  9.75000000    4.74058401E-0011
  9.77000000    6.06797517E-0011
  9.79000000    7.93327930E-0011
  9.81000000    1.01507841E-0010
  9.83000000    1.30115795E-0010
  9.85000000    1.67500908E-0010
  9.87000000    2.12762401E-0010
  9.89000000    2.68281166E-0010
  9.91000000    3.41269358E-0010
  9.93000000    4.36044476E-0010
  9.95000000    5.52457748E-0010
  9.97000000    7.01148189E-0010
  9.99000000    8.78227722E-0010
 10.01000000    1.11384945E-0009
 10.03000000    1.39777053E-0009
 10.05000000    1.77615674E-0009
 10.07000000    2.21318194E-0009
 10.09000000    2.82297281E-0009
 10.11000000    3.45513464E-0009
 10.13000000    4.34570644E-0009
 10.15000000    5.45690157E-0009
 10.17000000    6.72515366E-0009
 10.19000000    8.49650683E-0009
 10.21000000    1.05707394E-0008
 10.23000000    1.31048073E-0008
 10.25000000    1.60649774E-0008
 10.27000000    1.99839531E-0008
 10.29000000    2.45685827E-0008
 10.31000000    3.06235612E-0008
 10.33000000    3.77221545E-0008
 10.35000000    4.59987614E-0008
 10.37000000    5.71660847E-0008
 10.39000000    6.95343871E-0008
 10.41000000    8.56548470E-0008
 10.43000000    1.04250386E-0007
 10.45000000    1.28691809E-0007
 10.47000000    1.57415026E-0007
 10.49000000    1.93667439E-0007
 10.51000000    2.32299393E-0007
 10.53000000    2.82352589E-0007
 10.55000000    3.46987739E-0007
 10.57000000    4.17802692E-0007
 10.59000000    5.04417404E-0007
 10.61000000    6.10022759E-0007
 10.63000000    7.43293996E-0007
 10.65000000    8.92640509E-0007
 10.67000000    1.07388978E-0006
 10.69000000    1.28488815E-0006
 10.71000000    1.57990523E-0006
 10.73000000    1.88746318E-0006
 10.75000000    2.25008426E-0006
 10.77000000    2.73770124E-0006
 10.79000000    3.25907011E-0006
 10.81000000    3.89980875E-0006
 10.83000000    4.68579601E-0006
 10.85000000    5.54360646E-0006
 10.87000000    6.63005701E-0006
 10.89000000    7.88179450E-0006
 10.91000000    9.31659168E-0006
 10.93000000    1.10831080E-0005
 10.95000000    1.30759459E-0005
 10.97000000    1.55540209E-0005
 10.99000000    1.82551609E-0005
 11.01000000    2.22518962E-0005
 11.03000000    2.64016213E-0005
 11.05000000    3.08792946E-0005
 11.07000000    3.66663365E-0005
 11.09000000    4.32696173E-0005
 11.11000000    5.03920888E-0005
 11.13000000    5.94666744E-0005
 11.15000000    6.92512558E-0005
 11.17000000    8.27164928E-0005
 11.19000000    9.58732578E-0005
 11.21000000    1.13054788E-0004
 11.23000000    1.30067864E-0004
 11.25000000    1.51801482E-0004
 11.27000000    1.77958226E-0004
 11.29000000    2.09579553E-0004
 11.31000000    2.46645594E-0004
 11.33000000    2.84433426E-0004
 11.35000000    3.35130946E-0004
 11.37000000    3.89469732E-0004
 11.39000000    4.50746537E-0004
 11.41000000    5.25708900E-0004
 11.43000000    6.04354047E-0004
 11.45000000    7.08106492E-0004
 11.47000000    8.12276043E-0004
 11.49000000    9.26436049E-0004
 11.51000000    1.07533836E-0003
 11.53000000    1.27252660E-0003
 11.55000000    1.43426729E-0003
 11.57000000    1.65907267E-0003
 11.59000000    1.88562548E-0003
 11.61000000    2.17984580E-0003
 11.63000000    2.56271519E-0003
 11.65000000    2.87172554E-0003
 11.67000000    3.29721019E-0003
 11.69000000    3.77721679E-0003
 11.71000000    4.30697542E-0003
 11.73000000    5.07292758E-0003
 11.75000000    5.71567505E-0003
 11.77000000    6.55677847E-0003
 11.79000000    7.52551706E-0003
 11.81000000    8.51346137E-0003
 11.83000000    9.72964871E-0003
 11.85000000    1.09736978E-0002
 11.87000000    1.26089043E-0002
 11.89000000    1.43344170E-0002
 11.91000000    1.62215697E-0002
 11.93000000    1.83124653E-0002
 11.95000000    2.05825836E-0002
 11.97000000    2.34298538E-0002
 11.99000000    2.61127460E-0002
 12.01000000    2.99264090E-0002
 12.03000000    3.33852993E-0002
 12.05000000    3.76749559E-0002
 12.07000000    4.26241246E-0002
 12.09000000    4.78543415E-0002
 12.11000000    5.26878184E-0002
 12.13000000    6.00491215E-0002
 12.15000000    6.93311864E-0002
 12.17000000    7.74121260E-0002
 12.19000000    8.70941643E-0002
 12.21000000    9.82257397E-0002
 12.23000000    1.09409504E-0001
 12.25000000    1.21526420E-0001
 12.27000000    1.36854268E-0001
 12.29000000    1.51056638E-0001
 12.31000000    1.69120564E-0001
 12.33000000    1.90416434E-0001
 12.35000000    2.09257611E-0001
 12.37000000    2.33345471E-0001
 12.39000000    2.58145077E-0001
 12.41000000    2.81574592E-0001
 12.43000000    3.15326228E-0001
 12.45000000    3.50869707E-0001
 12.47000000    3.83226784E-0001
 12.49000000    4.31352129E-0001
 12.51000000    4.73045515E-0001
 12.53000000    5.12121943E-0001
 12.55000000    5.72912275E-0001
 12.57000000    6.38221230E-0001
 12.59000000    7.14808719E-0001
 12.61000000    7.93402663E-0001
 12.63000000    8.70054944E-0001
 12.65000000    9.56428761E-0001
 12.67000000    1.05038828E+0000
 12.69000000    1.14436045E+0000
 12.71000000    1.25673130E+0000
 12.73000000    1.38117246E+0000
 12.75000000    1.50028716E+0000
 12.77000000    1.64546255E+0000
 12.79000000    1.81807918E+0000
 12.81000000    1.97591642E+0000
 12.83000000    2.12611337E+0000
 12.85000000    2.29569567E+0000
 12.87000000    2.53404136E+0000
 12.89000000    2.69196861E+0000
 12.91000000    2.92298642E+0000
 12.93000000    3.20026699E+0000
 12.95000000    3.51722988E+0000
 12.97000000    3.75610768E+0000
 12.99000000    4.10276822E+0000
 13.01000000    4.50243828E+0000
 13.03000000    4.84295155E+0000
 13.05000000    5.14942134E+0000
 13.07000000    5.66382860E+0000
 13.09000000    6.08400750E+0000
 13.11000000    6.61081327E+0000
 13.13000000    7.14207738E+0000
 13.15000000    7.71025623E+0000
 13.17000000    8.16330335E+0000
 13.19000000    8.79960504E+0000
 13.21000000    9.54120679E+0000
 13.23000000    1.02364688E+0001
 13.25000000    1.08139526E+0001
 13.27000000    1.17645813E+0001
 13.29000000    1.24048551E+0001
 13.31000000    1.30904512E+0001
 13.33000000    1.44465503E+0001
 13.35000000    1.56128210E+0001
 13.37000000    1.64708479E+0001
 13.39000000    1.79208217E+0001
 13.41000000    1.84363826E+0001
 13.43000000    2.00784631E+0001
 13.45000000    2.11316964E+0001
 13.47000000    2.20791049E+0001
 13.49000000    2.31601169E+0001
 13.51000000    2.50958282E+0001
 13.53000000    2.70246289E+0001
 13.55000000    2.97185036E+0001
13.57000000 3.05586360E+0001
13.59000000 3.20673719E+0001
13.61000000 3.46036905E+0001
13.63000000 3.63816077E+0001
13.65000000 3.75033928E+0001
13.67000000 4.06527309E+0001
13.69000000 4.30481514E+0001
13.71000000 4.37501000E+0001
13.73000000 4.88449404E+0001
13.75000000 4.85031667E+0001
13.77000000 5.19266977E+0001
13.79000000 5.38536407E+0001
13.81000000 5.65400028E+0001
13.83000000 6.01157034E+0001
13.85000000 6.42873966E+0001
13.87000000 6.81098101E+0001
13.89000000 7.00191587E+0001
13.91000000 7.46383081E+0001
13.93000000 7.91045526E+0001
13.95000000 8.07834365E+0001
13.97000000 8.57168747E+0001
13.99000000 9.30781241E+0001
14.01000000 9.06832998E+0001
14.03000000 9.73351196E+0001
14.05000000 1.03213788E+0002
14.07000000 1.04670826E+0002
14.09000000 1.08668295E+0002
14.11000000 1.16653394E+0002
14.13000000 1.20358859E+0002
14.15000000 1.27584260E+0002
14.17000000 1.23958173E+0002
14.19000000 1.29503053E+0002
14.21000000 1.33423769E+0002
14.23000000 1.49286199E+0002
14.25000000 1.49961693E+0002
14.27000000 1.48808703E+0002
14.29000000 1.70458636E+0002
14.31000000 1.74734767E+0002
14.33000000 1.72852291E+0002
14.35000000 1.83885521E+0002
14.37000000 1.91642150E+0002
14.39000000 1.85613597E+0002
14.41000000 2.05777814E+0002
14.43000000 2.15337975E+0002
14.45000000 2.08138936E+0002
14.47000000 2.30029099E+0002
14.49000000 2.38872247E+0002
14.51000000 2.77777523E+0002
14.53000000 2.50748891E+0002
14.55000000 2.39566693E+0002
14.57000000 2.77642461E+0002
14.59000000 2.54647535E+0002
14.61000000 3.21633208E+0002
14.63000000 2.70458420E+0002
14.65000000 2.88227700E+0002
14.67000000 3.32698255E+0002
14.69000000 3.20749473E+0002
14.71000000 3.48719026E+0002
14.73000000 3.34432938E+0002
14.75000000 2.95684445E+0002
14.77000000 3.85135734E+0002
14.79000000 3.35353363E+0002
14.81000000 2.80342890E+0002
14.83000000 3.46585915E+0002
14.85000000 3.07590059E+0002
14.87000000 4.04079140E+0002
14.89000000 3.54425810E+0002
14.91000000 3.99535105E+0002
14.93000000 4.93502183E+0002
14.95000000 3.73171318E+0002
14.97000000 4.86441880E+0002
14.99000000 4.90853465E+0002
15.01000000 4.00399658E+0002
15.03000000 3.28313928E+0002
15.05000000 6.46807057E+0002
15.07000000 5.40483005E+0002
15.09000000 4.43177447E+0002
15.11000000 3.83311420E+0002
15.13000000 3.05951111E+0002
15.15000000 3.38128271E+0002
15.17000000 4.59925590E+0002
15.19000000 4.44759330E+0002
15.21000000 3.51096499E+0002
15.23000000 4.65625976E+0002
15.25000000 6.43245327E+0002
15.27000000 9.00468328E+0002
15.29000000 4.71396980E+0002
15.31000000 4.63088201E+0002
15.33000000 3.83843725E+0002
15.35000000 9.19127934E+0002
15.37000000 7.81379609E+0001
15.39000000 3.45423208E+0002
15.41000000 7.63503368E+0002
15.43000000 1.05475217E+0003
15.45000000 5.82840714E+0002
15.47000000 5.15310873E+0002
15.49000000 2.84753295E+0002
15.51000000 1.25880424E+0003
15.53000000 8.69496172E+0002
15.55000000 5.76565139E+0002
15.57000000 6.37203024E+0002
15.59000000 4.69478815E+0002
15.61000000 1.03770867E+0003
15.63000000 8.60134115E+0002
15.65000000 1.90119042E+0003
15.69000000 7.74039708E+0002
15.71000000 4.27723087E+0002
15.73000000 9.45414234E+0002
15.77000000 5.77365777E+0002
15.83000000 7.79362279E+0002
15.85000000 8.61328525E+0002
15.87000000 9.51915237E+0002
15.93000000 1.28495117E+0003
15.95000000 1.42009066E+0003
15.99000000 1.73450265E+0003
16.01000000 1.91692189E+0003
16.07000000 2.58757389E+0003
16.09000000 2.85971141E+0003
16.13000000 3.49285941E+0003
16.15000000 3.86020664E+0003
16.29000000 7.77350157E+0003
