           28.750000    1.74299666E-0157
           28.850000    1.46296784E-0154
           28.950000    5.97135229E-0152
           29.050000    1.72311476E-0149
           29.150000    4.03007310E-0147
           29.250000    7.94291040E-0145
           29.350000    1.35375076E-0142
           29.450000    2.02650139E-0140
           29.550000    2.69571463E-0138
           29.650000    3.20646894E-0136
           29.750000    3.42365020E-0134
           29.850000    3.29070008E-0132
           29.950000    2.85477518E-0130
           30.050000    2.24320224E-0128
           30.150000    1.60228632E-0126
           30.250000    1.04422969E-0124
           30.350000    6.22613022E-0123
           30.450000    3.40419667E-0121
           30.550000    1.70967181E-0119
           30.650000    7.89761275E-0118
           30.750000    3.36485165E-0116
           30.850000    1.32164170E-0114
           30.950000    4.79992069E-0113
           31.050000    1.61704737E-0111
           31.150000    5.06703484E-0110
           31.250000    1.47925403E-0108
           31.350000    4.04053113E-0107
           31.450000    1.03568213E-0105
           31.550000    2.49782179E-0104
           31.650000    5.68396601E-0103
           31.750000    1.22538867E-0101
           31.850000    2.50727711E-0100
           31.950000    4.87974738E-0099
           32.050000    9.05047735E-0098
           32.150000    1.60303783E-0096
           32.250000    2.71451650E-0095
           32.350000    4.40090333E-0094
           32.450000    6.83874358E-0093
           32.550000    1.01976474E-0091
           32.650000    1.46044601E-0090
           32.750000    2.01072363E-0089
           32.850000    2.66371322E-0088
           32.950000    3.39845136E-0087
           33.050000    4.17930850E-0086
           33.150000    4.95819781E-0085
           33.250000    5.67977620E-0084
           33.350000    6.28758141E-0083
           33.450000    6.73202186E-0082
           33.550000    6.97701367E-0081
           33.650000    7.00487163E-0080
           33.750000    6.81839053E-0079
           33.850000    6.43927255E-0078
           33.950000    5.90457605E-0077
           34.050000    5.26085271E-0076
           34.150000    4.55757395E-0075
           34.250000    3.84170141E-0074
           34.350000    3.15288323E-0073
           34.450000    2.52090096E-0072
           34.550000    1.96489290E-0071
           34.650000    1.49380695E-0070
           34.750000    1.10831413E-0069
           34.850000    8.02918613E-0069
           34.950000    5.68228002E-0068
           35.050000    3.93029541E-0067
           35.150000    2.65809404E-0066
           35.250000    1.75847758E-0065
           35.350000    1.13845729E-0064
           35.450000    7.21546501E-0064
           35.550000    4.47881165E-0063
           35.650000    2.72376110E-0062
           35.750000    1.62347947E-0061
           35.850000    9.48753148E-0061
           35.950000    5.43802510E-0060
           36.050000    3.05829292E-0059
           36.150000    1.68813165E-0058
           36.250000    9.14903686E-0058
           36.350000    4.87002065E-0057
           36.450000    2.54695409E-0056
           36.550000    1.30911655E-0055
           36.650000    6.61501159E-0055
           36.750000    3.28714001E-0054
           36.850000    1.60684426E-0053
           36.950000    7.72896882E-0053
           37.050000    3.65915420E-0052
           37.150000    1.70559295E-0051
           37.250000    7.82927233E-0051
           37.350000    3.54021671E-0050
           37.450000    1.57728851E-0049
           37.550000    6.92597685E-0049
           37.650000    2.99804993E-0048
           37.750000    1.27963023E-0047
           37.850000    5.38660502E-0047
           37.950000    2.23679733E-0046
           38.050000    9.16446566E-0046
           38.150000    3.70548528E-0045
           38.250000    1.47886793E-0044
           38.350000    5.82696115E-0044
           38.450000    2.26706454E-0043
           38.550000    8.71117209E-0043
           38.650000    3.30640513E-0042
           38.750000    1.23987403E-0041
           38.850000    4.59429153E-0041
           38.950000    1.68246718E-0040
           39.050000    6.09028043E-0040
           39.150000    2.17951802E-0039
           39.250000    7.71228706E-0039
           39.350000    2.69883148E-0038
           39.450000    9.34120336E-0038
           39.550000    3.19835754E-0037
           39.650000    1.08346418E-0036
           39.750000    3.63180891E-0036
           39.850000    1.20478782E-0035
           39.950000    3.95586186E-0035
           40.050000    1.28577005E-0034
           40.150000    4.13751013E-0034
           40.250000    1.31831873E-0033
           40.350000    4.15964445E-0033
           40.450000    1.29987966E-0032
           40.550000    4.02352664E-0032
           40.650000    1.23371595E-0031
           40.750000    3.74782321E-0031
           40.850000    1.12808071E-0030
           40.950000    3.36467853E-0030
           41.050000    9.94585053E-0030
           41.150000    2.91383404E-0029
           41.250000    8.46188955E-0029
           41.350000    2.43603809E-0028
           41.450000    6.95264035E-0028
           41.550000    1.96751429E-0027
           41.650000    5.52089890E-0027
           41.750000    1.53629553E-0026
           41.850000    4.23983870E-0026
           41.950000    1.16054775E-0025
           42.050000    3.15109626E-0025
           42.150000    8.48729092E-0025
           42.250000    2.26786362E-0024
           42.350000    6.01238477E-0024
           42.450000    1.58154957E-0023
           42.550000    4.12824672E-0023
           42.650000    1.06936152E-0022
           42.750000    2.74902771E-0022
           42.850000    7.01384554E-0022
           42.950000    1.77620352E-0021
           43.050000    4.46486917E-0021
           43.150000    1.11415372E-0020
           43.250000    2.76003868E-0020
           43.350000    6.78799922E-0020
           43.450000    1.65750612E-0019
           43.550000    4.01852495E-0019
           43.650000    9.67406177E-0019
           43.750000    2.31267905E-0018
           43.850000    5.49022962E-0018
           43.950000    1.29439519E-0017
           44.050000    3.03085250E-0017
           44.150000    7.04851654E-0017
           44.250000    1.62812663E-0016
           44.350000    3.73557969E-0016
           44.450000    8.51390089E-0016
           44.550000    1.92768665E-0015
           44.650000    4.33588663E-0015
           44.750000    9.68880476E-0015
           44.850000    2.15104906E-0014
           44.950000    4.74469038E-0014
           45.050000    1.03987191E-0013
           45.150000    2.26462180E-0013
           45.250000    4.90077168E-0013
           45.350000    1.05390451E-0012
           45.450000    2.25225834E-0012
           45.550000    4.78323921E-0012
           45.650000    1.00957250E-0011
           45.750000    2.11765741E-0011
           45.850000    4.41460019E-0011
           45.950000    9.14777155E-0011
           46.050000    1.88406519E-0010
           46.150000    3.85690761E-0010
           46.250000    7.84800456E-0010
           46.350000    1.58732223E-0009
           46.450000    3.19124599E-0009
           46.550000    6.37731516E-0009
           46.650000    1.26680809E-0008
           46.750000    2.50167737E-0008
           46.850000    4.91134442E-0008
           46.950000    9.58444235E-0008
           47.050000    1.85940757E-0007
           47.150000    3.58599587E-0007
           47.250000    6.87515034E-0007
           47.350000    1.31030186E-0006
           47.450000    2.48251744E-0006
           47.550000    4.67626913E-0006
           47.650000    8.75738403E-0006
           47.750000    1.63038641E-0005
           47.850000    3.01747856E-0005
           47.950000    5.55228226E-0005
           48.050000    1.01560494E-0004
           48.150000    1.84686441E-0004
           48.250000    3.33873302E-0004
           48.350000    6.00107074E-0004
           48.450000    1.07241035E-0003
           48.550000    1.90522154E-0003
           48.650000    3.36507275E-0003
           48.750000    5.90898567E-0003
           48.850000    1.03155407E-0002
           48.950000    1.79030128E-0002
           49.050000    3.08919568E-0002
           49.150000    5.29982357E-0002
           49.250000    9.04038907E-0002
           49.350000    1.53317684E-0001
           49.450000    2.58521873E-0001
           49.550000    4.33420302E-0001
           49.650000    7.22446450E-0001
           49.750000    1.19735941E+0000
           49.850000    1.97318709E+0000
           49.950000    3.23330083E+0000
           50.050000    5.26821455E+0000
           50.150000    8.53562189E+0000
           50.250000    1.37520934E+0001
           50.350000    2.20331310E+0001
           50.450000    3.51034650E+0001
           50.550000    5.56197769E+0001
           50.650000    8.76416197E+0001
           50.750000    1.37343388E+0002
           50.850000    2.14057157E+0002
           50.950000    3.31808035E+0002
           51.050000    5.11564768E+0002
           51.150000    7.84515854E+0002
           51.250000    1.19673408E+0003
           51.350000    1.81592995E+0003
           51.450000    2.74100647E+0003
           51.550000    4.11576223E+0003
           51.650000    6.14827526E+0003
           51.750000    9.13712201E+0003
           51.850000    1.35093598E+0004
           51.950000    1.98733159E+0004
           52.050000    2.90904698E+0004
           52.150000    4.23696590E+0004
           52.250000    6.14045071E+0004
           52.350000    8.85594579E+0004
           52.450000    1.27096308E+0005
           52.550000    1.81530150E+0005
           52.650000    2.58030392E+0005
           52.750000    3.65054296E+0005
           52.850000    5.13983947E+0005
           52.950000    7.20261424E+0005
           53.050000    1.00466389E+0006
           53.150000    1.39500508E+0006
           53.250000    1.92785883E+0006
           53.350000    2.65240343E+0006
           53.450000    3.63241215E+0006
           53.550000    4.95244692E+0006
           53.650000    6.72095520E+0006
           53.750000    9.07923637E+0006
           53.850000    1.22102449E+0007
           53.950000    1.63473147E+0007
           54.050000    2.17874650E+0007
           54.150000    2.89083037E+0007
           54.250000    3.81813074E+0007
           54.350000    5.01947418E+0007
           54.450000    6.57160164E+0007
           54.550000    8.56305040E+0007
           54.650000    1.11047407E+0008
           54.750000    1.43320412E+0008
           54.850000    1.84346040E+0008
           54.950000    2.35752517E+0008
           55.050000    2.99807539E+0008
           55.150000    3.79637960E+0008
           55.250000    4.79026216E+0008
           55.350000    6.01407445E+0008
           55.450000    7.49147265E+0008
           55.550000    9.30910545E+0008
           55.650000    1.15309761E+0009
           55.750000    1.41671440E+0009
           55.850000    1.73186425E+0009
           55.950000    2.10575543E+0009
           56.050000    2.54551976E+0009
           56.150000    3.06382437E+0009
           56.250000    3.65414732E+0009
           56.350000    4.34388127E+0009
           56.450000    5.09790731E+0009
           56.550000    6.02653455E+0009
           56.650000    7.03692450E+0009
           56.750000    8.06579262E+0009
           56.850000    9.32816026E+0009
           56.950000    1.06967833E+0010
           57.050000    1.22401113E+0010
           57.150000    1.34440654E+0010
           57.250000    1.48982341E+0010
           57.350000    1.69011712E+0010
           57.450000    1.79134202E+0010
           57.550000    1.89566048E+0010
           57.650000    2.00185316E+0010
           57.750000    2.05612099E+0010
           57.850000    2.30410137E+0010
           57.950000    2.38436629E+0010
           58.050000    2.45197495E+0010
           58.150000    2.13116551E+0010
           58.250000    2.42698721E+0010
           58.350000    2.62780165E+0010
           58.450000    1.37852671E+0010
           58.550000    1.37991807E+0010
           58.650000    2.67658856E+0009
           58.750000    2.20647425E+0009
