   0.113652322808157
   0.113684375690439
   0.113971914680953
   0.113993948222648
   0.114026826349150
   0.114038089653568
   0.114139000559787
   0.114142355710351
   0.114164072630134
   0.114195472214891
   0.114214764131283
   0.114344990654795
   0.114346862062792
   0.114369393857096
   0.114416855670902
   0.114442819764620
   0.114472732090634
   0.114489766738759
   0.114496216618332
   0.114497486720121
   0.114499499864863
   0.114564370170187
   0.114565579336509
   0.114566955247859
   0.114610573174433
   0.114632778341520
   0.114635387431688
   0.114648137068325
